KEY_CODE,total,male,female,family
523926863,0,0,0,0
523926864,6,2,4,2
523926871,0,0,0,0
523926872,6,2,4,3
523926873,164,75,89,70
523926874,169,76,93,67
523926881,0,0,0,0
523926883,45,22,23,15
523926884,2,0,2,2
523926892,0,0,0,0
523926893,6,2,4,2
523926894,366,167,199,138
523926952,0,0,0,0
523926954,70,31,39,30
523926961,11,4,7,5
523926962,0,0,0,0
523926963,58,26,32,28
523926964,0,0,0,0
523926971,58,30,28,21
523926972,161,74,87,59
523926973,0,0,0,0
523926974,0,0,0,0
523926981,95,40,55,32
523926982,81,41,40,36
523926983,0,0,0,0
523926984,0,0,0,0
523926991,123,53,70,49
523926992,202,98,104,78
523926993,0,0,0,0
523926994,163,76,87,64
523947791,12,6,6,4
523947792,38,19,19,14
523947793,0,0,0,0
523947794,12,8,4,4
523947801,1,1,0,1
523947802,0,0,0,0
523947803,0,0,0,0
523947804,0,0,0,0
523947811,0,0,0,0
523947812,55,33,22,14
523947813,0,0,0,0
523947814,6,4,2,2
523947821,17,7,10,4
523947822,6,2,4,2
523947823,19,9,10,5
523947824,0,0,0,0
523947831,15,7,8,5
523947832,3,2,1,2
523947833,6,3,3,2
523947834,0,0,0,0
523947841,36,17,19,11
523947842,13,7,6,6
523947843,0,0,0,0
523947844,0,0,0,0
523947851,5,3,2,2
523947852,7,2,5,4
523947853,0,0,0,0
523947854,0,0,0,0
523947861,20,11,9,6
523947862,24,12,12,9
523947863,8,5,3,4
523947864,16,6,10,6
523947871,6,4,2,3
523947872,0,0,0,0
523947873,0,0,0,0
523947874,0,0,0,0
523947881,0,0,0,0
523947882,0,0,0,0
523947883,0,0,0,0
523947884,2,2,0,1
523947891,0,0,0,0
523947892,13,7,6,4
523927704,0,0,0,0
523927713,0,0,0,0
523927801,54,19,35,1
523927802,62,28,34,31
523927803,168,77,91,59
523927804,399,193,206,158
523927811,79,35,44,28
523927813,382,171,211,156
523927814,353,168,185,137
523927821,0,0,0,0
523927822,0,0,0,0
523927823,318,144,174,133
523927824,192,84,108,78
523927833,22,8,14,8
523927834,0,0,0,0
523927901,32,14,18,12
523927902,120,55,65,41
523927903,15,7,8,5
523927904,7,3,4,2
523927911,78,31,47,31
523927912,316,146,170,121
523927913,0,0,0,0
523927914,0,0,0,0
523927921,270,120,150,101
523927922,204,93,111,74
523927923,0,0,0,0
523927924,0,0,0,0
523927931,319,133,186,120
523927932,199,93,106,79
523927933,18,7,11,8
523927934,98,47,51,37
523927941,38,18,20,13
523927942,0,0,0,0
523927943,96,43,53,34
523927944,28,13,15,7
523927953,0,0,0,0
523936052,67,25,42,26
523936054,9,4,5,6
523936061,314,139,175,135
523936062,0,0,0,0
523936063,512,235,277,204
523936064,120,56,64,44
523936071,1,0,1,1
523936072,0,0,0,0
523936073,38,18,20,17
523936074,30,14,16,10
523936081,0,0,0,0
523936082,4,2,2,1
523936083,36,18,18,14
523936084,31,17,14,14
523936091,0,0,0,0
523936092,14,8,6,6
523936093,7,2,5,2
523936094,0,0,0,0
523936154,0,0,0,0
523936161,126,53,73,64
523936162,281,136,145,100
523936163,12,4,8,5
523936164,126,57,69,43
523936171,137,74,63,46
523936172,97,50,47,32
523936173,76,34,42,31
523936174,135,73,62,18
523936181,82,45,37,25
523936182,79,36,43,27
523936183,0,0,0,0
523936184,5,2,3,1
523936191,81,37,44,25
523936192,9,3,6,2
523936193,74,35,39,25
523936194,64,27,37,25
523936252,0,0,0,0
523936253,0,0,0,0
523936254,1,0,1,1
523936261,22,11,11,6
523936262,243,112,131,95
523936263,4,1,3,2
523936264,0,0,0,0
523936271,113,55,58,49
523936272,48,24,24,16
523936273,83,41,42,34
523936274,32,16,16,14
523936281,1,1,0,1
523936282,57,27,30,15
523936283,67,30,37,22
523936284,1,1,0,1
523936291,123,59,64,42
523936292,19,8,11,9
523936293,0,0,0,0
523936294,37,15,22,10
523936334,0,0,0,0
523936342,0,0,0,0
523936343,0,0,0,0
523936344,0,0,0,0
523936351,0,0,0,0
523936352,16,8,8,9
523936353,42,19,23,12
523936354,27,12,15,8
523936361,38,16,22,15
523936362,131,61,70,39
523936363,87,44,43,30
523936364,100,51,49,31
523936371,56,25,31,22
523936372,65,30,35,28
523936373,13,8,5,6
523936374,16,6,10,5
523936381,68,32,36,23
523936382,0,0,0,0
523936383,0,0,0,0
523936384,0,0,0,0
523936391,0,0,0,0
523936392,32,15,17,14
523936393,0,0,0,0
523936394,0,0,0,0
523936413,0,0,0,0
523936414,186,73,113,65
523936422,0,0,0,0
523936423,53,24,29,22
523936424,45,18,27,18
523936431,13,4,9,4
523936432,0,0,0,0
523936433,24,9,15,8
523936434,97,45,52,29
523936441,8,5,3,5
523936442,5,5,0,5
523936443,5,3,2,3
523936444,0,0,0,0
523936451,48,26,22,20
523936452,62,32,30,19
523936453,37,15,22,8
523936454,6,3,3,1
523936461,169,81,88,46
523936462,65,29,36,24
523936463,21,8,13,6
523936464,14,7,7,6
523936471,73,34,39,27
523936472,11,4,7,2
523936473,41,23,18,16
523936474,26,16,10,11
523936481,0,0,0,0
523936482,0,0,0,0
523936483,52,25,27,17
523936484,27,10,17,10
523936491,0,0,0,0
523936492,0,0,0,0
523936493,37,20,17,10
523936494,9,4,5,4
523936501,0,0,0,0
523936502,118,51,67,44
523936503,0,0,0,0
523936504,97,44,53,39
523936511,28,14,14,11
523936512,2,1,1,1
523936513,0,0,0,0
523936514,0,0,0,0
523936521,0,0,0,0
523936522,35,16,19,13
523936523,0,0,0,0
523936524,0,0,0,0
523936531,57,30,27,21
523936532,18,8,10,7
523936533,24,12,12,9
523936534,17,8,9,7
523936541,0,0,0,0
523936542,0,0,0,0
523936543,0,0,0,0
523936544,0,0,0,0
523936551,0,0,0,0
523936552,0,0,0,0
523936553,0,0,0,0
523936554,0,0,0,0
523936561,0,0,0,0
523936562,0,0,0,0
523936563,0,0,0,0
523936564,0,0,0,0
523936571,3,1,2,2
523936572,0,0,0,0
523936573,0,0,0,0
523936574,0,0,0,0
523936581,3,1,2,2
523936582,12,6,6,4
523936583,0,0,0,0
523936584,16,7,9,5
523936591,43,21,22,19
523936592,31,12,19,8
523936593,18,8,10,5
523936594,43,22,21,16
523936601,16,9,7,5
523936602,117,62,55,33
523936603,87,45,42,29
523936604,101,49,52,33
523936611,0,0,0,0
523936612,0,0,0,0
523936613,19,7,12,5
523936614,65,29,36,28
523936621,0,0,0,0
523936622,103,31,72,24
523936623,87,39,48,36
523936624,182,87,95,67
523936631,115,54,61,50
523936632,94,42,52,41
523936633,112,55,57,38
523936634,83,42,41,48
523936641,40,20,20,18
523936642,0,0,0,0
523936643,106,45,61,45
523936644,134,64,70,60
523936651,0,0,0,0
523936652,0,0,0,0
523936653,38,16,22,14
523936654,18,9,9,5
523936661,0,0,0,0
523936662,0,0,0,0
523936663,0,0,0,0
523936664,0,0,0,0
523936671,0,0,0,0
523936672,0,0,0,0
523936673,0,0,0,0
523936674,23,10,13,10
523936681,0,0,0,0
523936682,0,0,0,0
523936683,0,0,0,0
523936684,19,9,10,7
523936691,5,2,3,3
523936692,97,49,48,34
523936693,174,88,86,67
523936694,137,65,72,57
523936701,5,2,3,3
523936702,31,15,16,14
523936711,8,4,4,3
523936712,75,35,40,32
523936721,8,3,5,4
523936741,40,16,24,15
523936742,179,58,121,43
523936751,159,75,84,63
523936752,81,34,47,39
523936754,51,26,25,25
523936761,374,151,223,147
523936762,269,143,126,116
523936763,653,374,279,239
523936764,691,325,366,320
523936771,192,89,103,83
523936772,60,28,32,26
523936773,524,259,265,229
523936774,814,389,425,355
523936781,262,125,137,95
523936782,676,333,343,243
523936783,762,369,393,306
523936784,696,324,372,305
523936791,556,271,285,232
523936792,220,108,112,87
523936793,796,387,409,318
523936794,400,187,213,165
523936852,0,0,0,0
523936861,407,211,196,147
523936862,54,27,27,22
523936863,0,0,0,0
523936864,0,0,0,0
523936871,498,415,83,50
523936872,368,200,168,183
523936873,0,0,0,0
523936881,1018,492,526,323
523936882,1360,619,741,584
523936883,151,71,80,66
523936884,873,403,470,382
523936891,1184,565,619,510
523936892,789,390,399,382
523936893,964,439,525,446
523936894,586,270,316,257
523936971,0,0,0,0
523936981,0,0,0,0
523936982,478,207,271,232
523936984,294,139,155,143
523936991,912,434,478,410
523936992,388,157,231,162
523936993,842,382,460,391
523936994,535,251,284,222
523937001,0,0,0,0
523937002,22,11,11,6
523937003,0,0,0,0
523937004,17,8,9,7
523937011,0,0,0,0
523937012,0,0,0,0
523937013,9,3,6,4
523937014,0,0,0,0
523937021,0,0,0,0
523937022,0,0,0,0
523937023,0,0,0,0
523937024,0,0,0,0
523937031,0,0,0,0
523937032,0,0,0,0
523937033,0,0,0,0
523937034,0,0,0,0
523937041,0,0,0,0
523937042,10,5,5,4
523937043,0,0,0,0
523937044,37,18,19,14
523937051,26,11,15,8
523937053,503,230,273,172
523937054,4,2,2,1
523937101,0,0,0,0
523937102,0,0,0,0
523937103,0,0,0,0
523937104,0,0,0,0
523937111,0,0,0,0
523937112,6,3,3,3
523937113,0,0,0,0
523937114,1,1,0,1
523937121,0,0,0,0
523937122,0,0,0,0
523937123,11,6,5,5
523937124,2,1,1,1
523937131,0,0,0,0
523937132,0,0,0,0
523937133,0,0,0,0
523937134,0,0,0,0
523937141,0,0,0,0
523937142,0,0,0,0
523937143,0,0,0,0
523937144,0,0,0,0
523937151,127,58,69,45
523937152,258,125,133,90
523937153,0,0,0,0
523937154,451,206,245,166
523937161,0,0,0,0
523937163,93,43,50,28
523937164,0,0,0,0
523937201,0,0,0,0
523937202,0,0,0,0
523937203,0,0,0,0
523937204,0,0,0,0
523937211,0,0,0,0
523937212,0,0,0,0
523937213,0,0,0,0
523937214,0,0,0,0
523937221,0,0,0,0
523937222,67,30,37,25
523937223,0,0,0,0
523937224,10,4,6,6
523937231,31,16,15,9
523937232,0,0,0,0
523937233,0,0,0,0
523937234,0,0,0,0
523937241,0,0,0,0
523937242,0,0,0,0
523937243,0,0,0,0
523937244,0,0,0,0
523937251,0,0,0,0
523937252,99,48,51,31
523937253,0,0,0,0
523937254,31,10,21,10
523937261,302,149,153,111
523937262,65,26,39,21
523937263,128,57,71,48
523937264,117,52,65,46
523937273,0,0,0,0
523937301,63,34,29,27
523937302,47,21,26,21
523937303,0,0,0,0
523937304,0,0,0,0
523937311,28,11,17,10
523937312,0,0,0,0
523937313,0,0,0,0
523937314,0,0,0,0
523937321,0,0,0,0
523937322,0,0,0,0
523937323,0,0,0,0
523937324,0,0,0,0
523937331,0,0,0,0
523937332,0,0,0,0
523937333,0,0,0,0
523937334,0,0,0,0
523937341,0,0,0,0
523937342,0,0,0,0
523937343,0,0,0,0
523937344,0,0,0,0
523937351,0,0,0,0
523937352,0,0,0,0
523937353,0,0,0,0
523937354,0,0,0,0
523937361,3,2,1,1
523937362,334,152,182,113
523937363,28,13,15,8
523937364,239,117,122,80
523937371,48,20,28,16
523937373,341,147,194,92
523937401,0,0,0,0
523937402,0,0,0,0
523937403,0,0,0,0
523937404,2,0,2,1
523937411,0,0,0,0
523937412,0,0,0,0
523937413,0,0,0,0
523937414,0,0,0,0
523937421,0,0,0,0
523937422,0,0,0,0
523937423,0,0,0,0
523937424,0,0,0,0
523937431,0,0,0,0
523937432,0,0,0,0
523937433,0,0,0,0
523937434,1,0,1,1
523937441,0,0,0,0
523937442,0,0,0,0
523937443,16,6,10,5
523937444,11,4,7,3
523937451,0,0,0,0
523937452,0,0,0,0
523937453,2,1,1,1
523937454,97,48,49,31
523937461,0,0,0,0
523937462,598,286,312,229
523937463,7,4,3,2
523937464,591,275,316,243
523937471,223,107,116,86
523937473,26,8,18,18
523937501,33,14,19,11
523937502,6,4,2,1
523937503,119,57,62,39
523937504,7,3,4,3
523937511,0,0,0,0
523937512,0,0,0,0
523937513,25,12,13,8
523937514,5,3,2,1
523937521,0,0,0,0
523937522,0,0,0,0
523937523,0,0,0,0
523937524,0,0,0,0
523937531,0,0,0,0
523937532,0,0,0,0
523937533,0,0,0,0
523937534,0,0,0,0
523937541,0,0,0,0
523937542,8,4,4,2
523937543,0,0,0,0
523937544,0,0,0,0
523937551,0,0,0,0
523937552,85,43,42,29
523937553,0,0,0,0
523937554,0,0,0,0
523937561,228,103,125,83
523937562,1102,499,603,396
523937563,412,204,208,158
523937564,445,204,241,178
523937601,71,33,38,28
523937602,52,24,28,18
523937603,84,37,47,29
523937604,65,31,34,16
523937611,119,65,54,33
523937612,6,3,3,3
523937613,59,26,33,18
523937614,0,0,0,0
523937621,0,0,0,0
523937622,15,9,6,6
523937623,0,0,0,0
523937624,13,6,7,4
523937631,13,7,6,4
523937632,0,0,0,0
523937633,55,30,25,18
523937634,36,22,14,14
523937641,0,0,0,0
523937642,0,0,0,0
523937643,42,18,24,13
523937644,49,18,31,13
523937651,0,0,0,0
523937652,12,6,6,3
523937653,16,7,9,4
523937654,0,0,0,0
523937661,350,158,192,124
523937662,258,110,148,85
523937663,300,142,158,115
523937664,201,91,110,87
523937673,6,3,3,2
523937701,257,119,138,88
523937702,67,30,37,30
523937703,121,56,65,45
523937704,42,20,22,15
523937711,118,56,62,39
523937712,110,51,59,33
523937713,13,6,7,5
523937714,15,8,7,5
523937721,3,1,2,2
523937722,0,0,0,0
523937723,0,0,0,0
523937724,0,0,0,0
523937731,0,0,0,0
523937732,25,14,11,8
523937733,0,0,0,0
523937734,0,0,0,0
523937741,76,39,37,29
523937742,38,17,21,15
523937743,11,4,7,2
523937744,93,48,45,31
523937751,19,12,7,8
523937752,15,7,8,5
523937753,46,19,27,20
523937754,197,95,102,79
523937761,419,204,215,172
523937762,321,151,170,128
523937763,351,164,187,119
523937764,177,92,85,68
523937771,51,26,25,24
523937773,183,80,103,71
523937774,0,0,0,0
523937801,243,114,129,96
523937802,139,64,75,49
523937803,245,119,126,92
523937804,222,120,102,107
523937811,52,23,29,18
523937812,83,32,51,29
523937813,191,95,96,62
523937814,209,103,106,66
523937821,60,48,12,43
523937822,0,0,0,0
523937823,51,28,23,15
523937824,3,2,1,1
523937831,4,1,3,1
523937832,2,1,1,1
523937833,58,30,28,21
523937834,45,21,24,17
523937841,27,14,13,7
523937842,0,0,0,0
523937843,15,7,8,7
523937844,17,8,9,7
523937851,26,11,15,12
523937852,152,75,77,58
523937853,47,20,27,15
523937854,32,15,17,12
523937861,80,38,42,29
523937862,117,60,57,34
523937863,22,11,11,6
523937864,92,46,46,31
523937871,426,199,227,138
523937872,110,54,56,42
523937873,335,152,183,113
523937874,125,55,70,37
523937901,310,138,172,120
523937902,266,163,103,165
523937903,695,346,349,259
523937904,8,5,3,5
523937911,167,80,87,60
523937912,3,1,2,1
523937913,279,140,139,101
523937914,70,31,39,25
523937921,13,6,7,4
523937922,34,16,18,14
523937923,165,82,83,59
523937924,113,57,56,43
523937931,56,29,27,17
523937932,163,76,87,53
523937933,186,82,104,69
523937934,53,25,28,23
523937941,0,0,0,0
523937942,0,0,0,0
523937943,0,0,0,0
523937944,0,0,0,0
523937951,0,0,0,0
523937952,5,3,2,1
523937953,72,37,35,26
523937954,1,1,0,1
523937961,101,47,54,31
523937962,54,28,26,26
523937963,11,7,4,3
523937964,33,16,17,15
523937971,157,76,81,46
523937972,4,1,3,2
523937973,70,37,33,22
523937974,31,21,10,8
523946442,0,0,0,0
523946444,0,0,0,0
523946451,0,0,0,0
523946452,66,33,33,29
523946453,0,0,0,0
523946454,0,0,0,0
523946461,473,229,244,157
523946462,294,140,154,80
523946463,355,160,195,120
523946464,270,126,144,101
523946471,17,7,10,7
523946472,100,49,51,37
523946473,137,71,66,39
523946474,83,40,43,31
523946481,105,44,61,37
523946482,22,8,14,10
523946483,38,20,18,15
523946484,52,26,26,22
523946491,24,9,15,8
523946492,2,2,0,1
523946493,67,27,40,23
523946494,24,13,11,8
523946542,0,0,0,0
523946551,0,0,0,0
523946561,13,8,5,6
523946562,868,412,456,314
523946564,292,137,155,107
523946571,154,75,79,54
523946572,72,37,35,26
523946573,16,6,10,8
523946574,0,0,0,0
523946581,60,32,28,20
523946582,44,21,23,12
523946583,25,11,14,12
523946584,57,29,28,21
523946591,10,5,5,2
523946592,0,0,0,0
523946593,0,0,0,0
523946594,0,0,0,0
523946082,594,273,321,277
523946084,64,33,31,33
523946091,862,393,469,370
523946092,446,204,242,179
523946093,596,280,316,222
523946094,336,160,176,130
523946182,84,39,45,30
523946183,0,0,0,0
523946184,415,200,215,176
523946191,671,283,388,216
523946192,418,198,220,157
523946193,84,45,39,30
523946194,48,23,25,17
523946274,24,14,10,8
523946281,16,6,10,8
523946282,602,281,321,247
523946283,403,194,209,148
523946284,804,371,433,342
523946291,128,59,69,53
523946292,242,111,131,75
523946293,640,310,330,242
523946294,164,83,81,54
523946354,0,0,0,0
523946363,4,2,2,2
523946364,81,39,42,38
523946371,808,373,435,328
523946372,915,410,505,337
523946373,396,191,205,134
523946374,359,182,177,129
523946381,833,396,437,327
523946382,23,11,12,11
523946383,257,134,123,100
523946384,23,11,12,6
523946391,214,103,111,79
523946392,158,80,78,61
523946393,52,25,27,19
523946394,42,21,21,14
523946661,122,64,58,36
523946662,315,151,164,96
523946663,150,69,81,55
523946664,0,0,0,0
523946671,0,0,0,0
523946672,2,1,1,1
523946673,0,0,0,0
523946674,23,11,12,8
523946681,93,29,64,13
523946682,30,14,16,9
523946683,0,0,0,0
523946684,45,25,20,12
523946691,0,0,0,0
523946692,2,1,1,1
523946693,18,9,9,7
523946694,10,5,5,4
523946752,1,0,1,1
523946754,54,27,27,18
523946761,387,171,216,129
523946762,0,0,0,0
523946763,155,69,86,49
523946764,0,0,0,0
523946771,0,0,0,0
523946772,33,17,16,7
523946773,0,0,0,0
523946774,2,1,1,1
523946781,27,14,13,11
523946782,36,17,19,13
523946783,0,0,0,0
523946784,25,13,12,7
523946791,18,8,10,6
523946792,0,0,0,0
523946793,54,31,23,15
523946794,3,2,1,1
523946852,113,53,60,34
523946854,0,0,0,0
523946861,2,1,1,1
523946862,0,0,0,0
523946863,0,0,0,0
523946864,0,0,0,0
523946871,0,0,0,0
523946872,0,0,0,0
523946873,0,0,0,0
523946874,0,0,0,0
523946881,0,0,0,0
523946882,0,0,0,0
523946883,0,0,0,0
523946884,0,0,0,0
523946891,29,16,13,8
523946892,30,12,18,9
523946893,0,0,0,0
523946894,1,0,1,1
523946961,0,0,0,0
523946962,114,54,60,48
523946964,0,0,0,0
523946971,75,46,29,37
523946972,0,0,0,0
523946973,55,25,30,21
523946974,13,5,8,6
523946981,0,0,0,0
523946982,0,0,0,0
523946983,0,0,0,0
523946984,0,0,0,0
523946991,0,0,0,0
523946992,0,0,0,0
523946993,0,0,0,0
523946994,0,0,0,0
523947001,355,169,186,133
523947002,57,19,38,26
523947003,320,154,166,121
523947004,122,64,58,47
523947011,204,100,104,79
523947012,165,81,84,60
523947013,164,89,75,69
523947014,202,95,107,77
523947021,76,40,36,23
523947022,5,1,4,2
523947023,215,107,108,77
523947024,23,12,11,8
523947031,167,77,90,53
523947032,204,95,109,77
523947033,92,49,43,34
523947034,43,22,21,18
523947041,35,17,18,11
523947042,42,21,21,16
523947043,52,25,27,15
523947044,70,36,34,21
523947051,0,0,0,0
523947052,0,0,0,0
523947053,0,0,0,0
523947054,0,0,0,0
523947061,0,0,0,0
523947062,69,33,36,21
523947063,2,1,1,1
523947064,25,12,13,11
523947071,76,34,42,29
523947072,150,75,75,47
523947073,67,28,39,23
523947074,182,86,96,60
523947081,0,0,0,0
523947083,9,5,4,2
523947101,256,126,130,98
523947102,245,112,133,95
523947103,0,0,0,0
523947104,92,43,49,35
523947111,148,68,80,52
523947112,75,37,38,22
523947113,226,113,113,73
523947114,28,17,11,7
523947121,43,21,22,15
523947122,29,16,13,10
523947123,52,24,28,20
523947124,54,31,23,19
523947131,86,33,53,22
523947132,36,16,20,12
523947133,2,1,1,1
523947134,46,24,22,16
523947141,80,44,36,21
523947142,41,20,21,13
523947143,24,14,10,10
523947144,16,7,9,3
523947151,27,13,14,9
523947152,65,33,32,23
523947153,69,35,34,18
523947154,71,37,34,23
523947161,54,26,28,19
523947162,36,18,18,11
523947163,46,23,23,16
523947164,86,38,48,31
523947171,50,26,24,17
523947172,31,14,17,13
523947173,189,87,102,70
523947174,22,8,14,7
523947181,29,15,14,12
523947182,0,0,0,0
523947183,9,6,3,7
523947184,0,0,0,0
523947201,212,97,115,77
523947202,194,101,93,62
523947203,175,82,93,72
523947204,144,70,74,48
523947211,150,66,84,55
523947212,91,43,48,27
523947213,144,72,72,49
523947214,326,173,153,27
523947221,9,5,4,5
523947222,39,19,20,16
523947223,80,43,37,27
523947224,23,10,13,8
523947231,51,27,24,14
523947232,8,5,3,4
523947233,81,39,42,26
523947234,45,21,24,16
523947241,54,26,28,15
523947242,0,0,0,0
523947243,7,4,3,2
523947244,1,0,1,1
523947251,66,29,37,20
523947252,142,65,77,49
523947253,13,6,7,4
523947254,35,16,19,8
523947261,89,47,42,27
523947262,143,74,69,51
523947263,15,7,8,5
523947264,170,71,99,63
523947271,201,94,107,70
523947272,22,9,13,10
523947273,29,16,13,12
523947274,8,4,4,4
523947281,236,116,120,87
523947282,90,45,45,27
523947283,119,53,66,38
523947284,208,96,112,78
523947291,0,0,0,0
523947293,180,88,92,65
523947294,0,0,0,0
523947301,89,49,40,34
523947302,18,7,11,6
523947303,98,43,55,37
523947304,52,24,28,15
523947311,35,16,19,12
523947312,70,39,31,21
523947313,95,32,63,15
523947314,211,101,110,63
523947321,64,30,34,16
523947322,79,42,37,23
523947323,118,28,90,8
523947324,30,14,16,9
523947331,71,35,36,28
523947332,61,23,38,21
523947333,0,0,0,0
523947334,51,24,27,17
523947341,83,40,43,26
523947342,0,0,0,0
523947343,12,6,6,5
523947344,9,6,3,2
523947351,74,33,41,26
523947352,125,56,69,42
523947353,43,20,23,16
523947354,53,27,26,15
523947361,32,12,20,12
523947362,50,27,23,16
523947363,51,25,26,17
523947364,32,17,15,12
523947371,76,35,41,26
523947372,49,24,25,16
523947373,15,7,8,5
523947374,78,37,41,22
523947381,51,23,28,16
523947382,0,0,0,0
523947383,41,23,18,13
523947384,74,38,36,21
523947391,213,81,132,52
523947392,123,53,70,47
523947393,22,10,12,10
523947394,110,52,58,33
523947401,0,0,0,0
523947402,33,17,16,10
523947403,10,4,6,3
523947404,7,4,3,4
523947411,169,78,91,50
523947412,25,14,11,7
523947413,57,22,35,18
523947414,46,25,21,15
523947421,46,23,23,16
523947422,11,4,7,3
523947423,142,63,79,37
523947424,36,14,22,17
523947431,0,0,0,0
523947432,30,13,17,10
523947433,33,16,17,14
523947434,36,16,20,14
523947441,31,15,16,10
523947442,0,0,0,0
523947443,43,19,24,10
523947444,24,11,13,6
523947451,7,2,5,1
523947452,70,36,34,23
523947453,7,4,3,2
523947454,40,20,20,11
523947461,46,26,20,15
523947462,54,24,30,16
523947463,77,41,36,27
523947464,45,20,25,18
523947471,81,38,43,27
523947472,41,19,22,12
523947473,27,13,14,6
523947474,38,20,18,13
523947481,2,1,1,2
523947482,15,7,8,4
523947483,4,2,2,2
523947484,65,29,36,19
523947491,0,0,0,0
523947492,6,3,3,2
523947493,99,48,51,33
523947494,70,39,31,24
523947501,0,0,0,0
523947502,0,0,0,0
523947503,0,0,0,0
523947504,0,0,0,0
523947511,13,7,6,4
523947512,128,63,65,39
523947513,17,6,11,5
523947514,62,31,31,17
523947521,27,13,14,11
523947522,6,3,3,2
523947523,7,4,3,3
523947524,0,0,0,0
523947531,17,8,9,7
523947532,42,19,23,14
523947533,0,0,0,0
523947534,0,0,0,0
523947541,46,20,26,20
523947542,58,27,31,20
523947543,5,2,3,3
523947544,13,6,7,2
523947551,16,9,7,4
523947552,35,18,17,9
523947553,13,5,8,3
523947554,16,6,10,6
523947561,56,30,26,18
523947562,46,20,26,17
523947563,54,27,27,17
523947564,79,37,42,28
523947571,51,25,26,16
523947572,11,6,5,4
523947573,33,13,20,9
523947574,0,0,0,0
523947581,0,0,0,0
523947582,2,2,0,1
523947583,0,0,0,0
523947584,0,0,0,0
523947591,134,73,61,46
523947592,83,38,45,26
523947593,66,32,34,17
523947594,37,18,19,9
523947601,0,0,0,0
523947602,0,0,0,0
523947603,0,0,0,0
523947604,0,0,0,0
523947611,9,4,5,4
523947612,72,37,35,23
523947613,50,22,28,16
523947614,82,41,41,32
523947621,0,0,0,0
523947622,0,0,0,0
523947623,5,3,2,2
523947624,0,0,0,0
523947631,0,0,0,0
523947632,0,0,0,0
523947633,0,0,0,0
523947634,0,0,0,0
523947641,2,1,1,1
523947642,0,0,0,0
523947643,0,0,0,0
523947644,0,0,0,0
523947651,11,5,6,5
523947652,41,21,20,14
523947653,22,10,12,6
523947654,60,30,30,21
523947661,55,27,28,21
523947662,22,11,11,9
523947663,86,45,41,23
523947664,131,46,85,14
523947671,24,13,11,5
523947672,2,1,1,1
523947673,0,0,0,0
523947674,22,11,11,8
523947681,0,0,0,0
523947682,24,12,12,7
523947683,0,0,0,0
523947684,89,55,34,14
523947691,115,58,57,36
523947692,21,11,10,6
523947693,36,17,19,13
523947694,27,12,15,8
523947701,0,0,0,0
523947702,0,0,0,0
523947703,0,0,0,0
523947704,0,0,0,0
523947711,36,21,15,18
523947712,52,30,22,19
523947713,0,0,0,0
523947714,47,20,27,13
523947721,50,26,24,15
523947722,24,11,13,9
523947723,33,16,17,9
523947724,41,19,22,12
523947731,0,0,0,0
523947732,14,7,7,4
523947733,15,8,7,6
523947734,29,14,15,11
523947741,0,0,0,0
523947742,2,1,1,1
523947743,9,4,5,3
523947744,0,0,0,0
523947751,19,11,8,6
523947752,21,8,13,9
523947753,0,0,0,0
523947754,4,2,2,3
523947761,42,18,24,13
523947762,44,20,24,13
523947763,10,3,7,4
523947764,74,39,35,29
523947771,8,3,5,2
523947772,0,0,0,0
523947773,35,18,17,12
523947774,20,10,10,7
523947781,0,0,0,0
523947782,17,8,9,5
523947783,0,0,0,0
523947784,0,0,0,0
523947893,8,5,3,1
523947894,15,9,6,4
523947901,0,0,0,0
523947902,0,0,0,0
523947903,0,0,0,0
523947904,0,0,0,0
523947911,0,0,0,0
523947912,54,26,28,18
523947913,0,0,0,0
523947914,0,0,0,0
523947921,16,8,8,8
523947922,0,0,0,0
523947923,58,29,29,22
523947924,0,0,0,0
523947931,0,0,0,0
523947932,0,0,0,0
523947933,0,0,0,0
523947934,0,0,0,0
523947941,0,0,0,0
523947942,0,0,0,0
523947943,0,0,0,0
523947944,0,0,0,0
523947951,0,0,0,0
523947952,3,1,2,1
523947953,0,0,0,0
523947954,0,0,0,0
523947961,4,3,1,3
523947962,2,1,1,1
523947963,0,0,0,0
523947964,0,0,0,0
523947971,19,7,12,6
523947972,14,7,7,3
523947973,0,0,0,0
523947974,8,4,4,3
523947981,0,0,0,0
523947982,0,0,0,0
523947983,0,0,0,0
523947984,0,0,0,0
523947991,0,0,0,0
523947992,26,10,16,8
523947993,34,14,20,10
523947994,19,11,8,8
523956071,136,62,74,41
523956072,437,200,237,154
523956073,107,57,50,31
523956074,540,254,286,195
523956081,78,42,36,28
523956082,29,13,16,10
523956083,269,136,133,100
523956084,75,32,43,28
523956091,9,4,5,4
523956092,14,5,9,5
523956093,16,7,9,8
523956094,139,68,71,50
523956163,0,0,0,0
523956164,0,0,0,0
523956171,148,74,74,51
523956172,389,185,204,143
523956173,80,39,41,24
523956174,204,94,110,59
523956181,271,125,146,91
523956182,86,44,42,30
523956183,7,5,2,3
523956184,39,20,19,12
523956191,126,56,70,45
523956192,14,8,6,8
523956193,2,2,0,2
523956194,0,0,0,0
523956252,0,0,0,0
523956261,257,128,129,103
523956262,47,21,26,17
523956263,64,32,32,25
523956264,226,109,117,88
523956271,43,16,27,13
523956272,93,43,50,33
523956273,90,48,42,16
523956274,80,33,47,26
523956281,11,3,8,3
523956282,49,19,30,16
523956283,11,5,6,5
523956284,10,5,5,6
523956291,66,29,37,20
523956292,0,0,0,0
523956293,40,16,24,18
523956294,136,67,69,45
523956361,874,428,446,328
523956362,560,269,291,201
523956363,656,308,348,250
523956364,384,180,204,155
523956371,383,192,191,134
523956372,142,70,72,46
523956373,93,45,48,34
523956374,129,63,66,48
523956381,0,0,0,0
523956382,37,17,20,9
523956383,0,0,0,0
523956384,0,0,0,0
523956391,0,0,0,0
523956392,0,0,0,0
523956393,0,0,0,0
523956394,7,4,3,3
523956461,305,149,156,93
523956462,398,188,210,132
523956464,135,59,76,37
523956471,0,0,0,0
523956472,7,2,5,3
523956473,76,38,38,21
523956474,26,12,14,6
523956481,26,15,11,6
523956482,82,38,44,33
523956483,6,4,2,3
523956484,40,21,19,14
523956491,57,30,27,19
523956492,109,46,63,37
523956493,62,30,32,21
523956494,49,28,21,17
523956562,24,11,13,8
523956571,91,43,48,27
523956572,0,0,0,0
523956573,200,100,100,76
523956574,20,7,13,6
523956581,0,0,0,0
523956582,0,0,0,0
523956583,4,2,2,1
523956584,22,12,10,7
523956591,7,4,3,3
523956592,6,3,3,1
523956593,34,20,14,15
523956594,0,0,0,0
523956662,56,25,31,21
523956664,303,143,160,118
523956671,425,211,214,165
523956672,6,4,2,2
523956673,672,298,374,262
523956674,183,84,99,68
523956681,8,5,3,4
523956682,0,0,0,0
523956683,4,2,2,2
523956684,0,0,0,0
523956691,0,0,0,0
523956692,0,0,0,0
523956693,0,0,0,0
523956694,5,3,2,1
523956762,308,151,157,128
523956763,12,6,6,6
523956764,146,71,75,48
523956771,225,108,117,83
523956772,160,56,104,31
523956773,16,8,8,5
523956774,11,6,5,4
523956781,146,68,78,45
523956782,53,24,29,17
523956783,3,1,2,1
523956784,27,12,15,7
523956791,33,16,17,11
523956792,19,11,8,6
523956793,0,0,0,0
523956794,14,5,9,3
523956852,0,0,0,0
523956853,0,0,0,0
523956854,0,0,0,0
523956861,20,10,10,8
523956862,1,1,0,1
523956863,0,0,0,0
523956864,0,0,0,0
523956871,0,0,0,0
523956872,0,0,0,0
523956873,0,0,0,0
523956874,0,0,0,0
523956881,0,0,0,0
523956882,0,0,0,0
523956883,0,0,0,0
523956884,0,0,0,0
523956891,0,0,0,0
523956892,3,1,2,2
523956893,0,0,0,0
523956894,0,0,0,0
523956951,0,0,0,0
523956952,167,86,81,56
523956954,531,261,270,196
523956961,1,0,1,1
523956962,0,0,0,0
523956963,93,46,47,41
523956964,4,1,3,3
523956971,0,0,0,0
523956972,0,0,0,0
523956973,0,0,0,0
523956974,0,0,0,0
523956981,0,0,0,0
523956982,0,0,0,0
523956983,0,0,0,0
523956984,0,0,0,0
523956991,0,0,0,0
523956992,0,0,0,0
523956993,0,0,0,0
523956994,0,0,0,0
523957001,8,4,4,4
523957002,0,0,0,0
523957003,17,10,7,9
523957004,0,0,0,0
523957011,3,2,1,1
523957012,29,14,15,9
523957013,32,14,18,11
523957014,35,16,19,14
523957021,41,20,21,19
523957022,7,2,5,4
523957023,98,49,49,28
523957024,37,19,18,13
523957031,4,2,2,1
523957032,0,0,0,0
523957033,32,14,18,11
523957034,0,0,0,0
523957041,0,0,0,0
523957042,0,0,0,0
523957043,0,0,0,0
523957044,0,0,0,0
523957051,0,0,0,0
523957052,0,0,0,0
523957053,0,0,0,0
523957054,0,0,0,0
523957061,0,0,0,0
523957062,0,0,0,0
523957063,0,0,0,0
523957064,0,0,0,0
523957071,0,0,0,0
523957072,0,0,0,0
523957073,5,3,2,3
523957074,40,19,21,16
523957081,3,1,2,1
523957082,0,0,0,0
523957083,26,13,13,7
523957084,5,3,2,3
523957091,2,1,1,1
523957092,0,0,0,0
523957093,22,11,11,11
523957094,15,6,9,6
523957101,0,0,0,0
523957102,0,0,0,0
523957103,0,0,0,0
523957104,0,0,0,0
523957111,8,4,4,4
523957112,18,7,11,8
523957113,38,19,19,11
523957114,70,34,36,24
523957121,25,13,12,5
523957122,81,38,43,26
523957123,33,16,17,14
523957124,0,0,0,0
523957131,32,17,15,13
523957132,0,0,0,0
523957133,120,54,66,30
523957134,58,24,34,19
523957141,0,0,0,0
523957142,3,2,1,2
523957143,83,40,43,22
523957144,26,10,16,9
523957151,3,2,1,1
523957152,0,0,0,0
523957153,47,21,26,18
523957154,41,20,21,11
523957161,7,3,4,2
523957162,0,0,0,0
523957163,27,13,14,11
523957164,34,15,19,10
523957171,1,1,0,1
523957172,39,18,21,16
523957173,4,2,2,2
523957174,22,9,13,10
523957181,24,11,13,7
523957182,8,4,4,3
523957183,25,14,11,8
523957184,35,18,17,10
523957191,17,9,8,5
523957192,11,5,6,4
523957193,37,21,16,17
523957194,10,4,6,4
523957201,5,2,3,5
523957202,13,7,6,5
523957203,11,1,10,11
523957204,0,0,0,0
523957211,39,19,20,14
523957212,39,20,19,13
523957213,32,15,17,9
523957214,57,24,33,19
523957221,18,6,12,7
523957222,16,8,8,6
523957223,28,13,15,12
523957224,7,4,3,2
523957231,27,15,12,12
523957232,43,23,20,15
523957233,0,0,0,0
523957234,7,4,3,5
523957241,15,8,7,6
523957242,19,9,10,8
523957243,23,11,12,8
523957244,3,2,1,1
523957251,28,17,11,8
523957252,39,16,23,10
523957253,0,0,0,0
523957254,0,0,0,0
523957261,4,1,3,1
523957262,6,2,4,4
523957263,0,0,0,0
523957264,0,0,0,0
523957271,8,3,5,2
523957272,0,0,0,0
523957273,0,0,0,0
523957274,0,0,0,0
523957281,4,3,1,2
523957282,7,4,3,2
523957283,0,0,0,0
523957284,0,0,0,0
523957291,10,5,5,4
523957292,25,11,14,8
523957293,1,1,0,1
523957294,11,4,7,3
523957301,0,0,0,0
523957302,0,0,0,0
523957303,20,8,12,8
523957304,56,28,28,17
523957311,0,0,0,0
523957312,0,0,0,0
523957313,4,1,3,2
523957314,0,0,0,0
523957321,0,0,0,0
523957322,0,0,0,0
523957323,0,0,0,0
523957324,1,1,0,1
523957331,0,0,0,0
523957332,0,0,0,0
523957333,0,0,0,0
523957334,0,0,0,0
523957341,8,4,4,2
523957342,6,3,3,2
523957343,5,4,1,2
523957344,11,4,7,3
523957351,6,2,4,2
523957352,0,0,0,0
523957353,33,17,16,9
523957354,3,2,1,1
523957361,0,0,0,0
523957362,0,0,0,0
523957363,0,0,0,0
523957364,0,0,0,0
523957371,0,0,0,0
523957372,0,0,0,0
523957373,0,0,0,0
523957374,0,0,0,0
523957381,0,0,0,0
523957382,0,0,0,0
523957383,0,0,0,0
523957384,70,68,2,2
523957391,0,0,0,0
523957392,0,0,0,0
523957393,0,0,0,0
523957394,0,0,0,0
523957401,94,39,55,34
523957402,72,34,38,28
523957403,33,17,16,11
523957404,3,1,2,1
523957411,130,65,65,43
523957412,0,0,0,0
523957413,5,2,3,2
523957414,0,0,0,0
523957421,11,5,6,3
523957422,4,2,2,2
523957423,37,18,19,15
523957424,27,12,15,12
523957431,0,0,0,0
523957432,0,0,0,0
523957433,3,2,1,2
523957434,0,0,0,0
523957441,2,1,1,2
523957442,11,6,5,4
523957443,7,4,3,2
523957444,0,0,0,0
523957451,49,25,24,14
523957452,28,13,15,12
523957453,7,4,3,3
523957454,9,6,3,5
523957461,2,1,1,1
523957462,0,0,0,0
523957463,7,4,3,4
523957464,0,0,0,0
523957471,0,0,0,0
523957472,24,11,13,7
523957473,1,0,1,1
523957474,15,9,6,6
523957481,13,6,7,3
523957482,0,0,0,0
523957483,12,7,5,5
523957484,18,12,6,5
523957491,0,0,0,0
523957492,0,0,0,0
523957493,0,0,0,0
523957494,9,4,5,2
523957501,0,0,0,0
523957502,0,0,0,0
523957503,0,0,0,0
523957504,0,0,0,0
523957511,0,0,0,0
523957512,6,3,3,1
523957513,0,0,0,0
523957514,2,1,1,1
523957521,12,8,4,4
523957522,12,6,6,4
523957523,17,8,9,6
523957524,6,3,3,2
523957531,16,7,9,7
523957532,0,0,0,0
523957533,0,0,0,0
523957534,3,2,1,2
523957541,0,0,0,0
523957542,15,8,7,2
523957543,3,1,2,2
523957544,4,1,3,3
523957551,2,1,1,1
523957552,0,0,0,0
523957553,6,1,5,1
523957554,18,10,8,5
523957561,0,0,0,0
523957562,20,11,9,8
523957563,0,0,0,0
523957564,78,39,39,25
523957571,35,14,21,16
523957572,14,6,8,4
523957573,14,6,8,6
523957574,51,25,26,17
523957581,4,2,2,2
523957582,1,0,1,1
523957583,15,6,9,3
523957584,15,7,8,5
523957591,0,0,0,0
523957592,4,3,1,3
523957593,17,8,9,7
523957594,32,17,15,13
523957601,0,0,0,0
523957602,0,0,0,0
523957603,29,15,14,9
523957604,16,8,8,5
523957611,8,3,5,2
523957612,1,1,0,1
523957613,11,3,8,3
523957614,0,0,0,0
523957621,38,17,21,15
523957622,23,10,13,8
523957623,7,4,3,3
523957624,13,5,8,5
523957631,6,3,3,2
523957632,6,3,3,3
523957633,0,0,0,0
523957634,0,0,0,0
523957641,6,3,3,3
523957642,22,10,12,6
523957643,0,0,0,0
523957644,0,0,0,0
523957651,7,3,4,3
523957652,31,14,17,8
523957653,0,0,0,0
523957654,17,12,5,5
523957661,61,31,30,20
523957662,27,14,13,8
523957663,53,24,29,16
523957664,18,7,11,10
523957671,20,10,10,10
523957672,8,4,4,2
523957673,38,19,19,14
523957674,40,22,18,17
523957681,27,14,13,11
523957682,48,24,24,15
523957683,52,24,28,19
523957684,112,56,56,37
523957691,226,90,136,18
523957692,61,34,27,19
523957693,82,38,44,32
523957694,57,26,31,22
523957701,76,35,41,29
523957702,63,30,33,22
523957703,26,13,13,10
523957704,2,1,1,1
523957711,29,13,16,11
523957712,9,4,5,2
523957713,0,0,0,0
523957714,13,6,7,5
523957721,2,1,1,1
523957722,0,0,0,0
523957723,23,13,10,12
523957724,0,0,0,0
523957731,21,10,11,8
523957732,32,13,19,10
523957733,11,7,4,6
523957734,0,0,0,0
523957741,7,5,2,3
523957742,18,9,9,8
523957743,0,0,0,0
523957744,0,0,0,0
523957751,4,1,3,2
523957752,21,13,8,10
523957753,0,0,0,0
523957754,0,0,0,0
523957761,28,16,12,8
523957762,95,42,53,35
523957763,0,0,0,0
523957764,32,17,15,12
523957771,167,79,88,58
523957772,81,39,42,28
523957773,3,1,2,2
523957774,1,0,1,1
523957781,39,22,17,12
523957782,18,9,9,7
523957783,2,1,1,1
523957784,9,4,5,4
523957791,20,11,9,8
523957792,37,16,21,11
523957793,0,0,0,0
523957794,8,4,4,4
523957801,4,2,2,2
523957802,0,0,0,0
523957803,0,0,0,0
523957804,0,0,0,0
523957811,7,5,2,2
523957812,12,5,7,3
523957813,0,0,0,0
523957814,0,0,0,0
523957821,0,0,0,0
523957822,0,0,0,0
523957823,7,4,3,4
523957824,6,2,4,2
523957831,11,6,5,5
523957832,0,0,0,0
523957833,8,5,3,4
523957834,0,0,0,0
523957841,0,0,0,0
523957842,0,0,0,0
523957843,0,0,0,0
523957844,0,0,0,0
523957851,2,1,1,1
523957852,8,4,4,5
523957853,0,0,0,0
523957854,0,0,0,0
523957861,2,1,1,2
523957862,2,1,1,1
523957863,0,0,0,0
523957864,11,6,5,4
523957871,1,1,0,1
523957872,0,0,0,0
523957873,0,0,0,0
523957874,0,0,0,0
523957881,1,0,1,1
523957882,0,0,0,0
523957883,0,0,0,0
523957884,0,0,0,0
523957891,0,0,0,0
523957892,0,0,0,0
523957893,0,0,0,0
523957894,0,0,0,0
523957901,0,0,0,0
523957902,2,1,1,2
523957903,0,0,0,0
523957904,0,0,0,0
523957911,5,4,1,3
523957912,0,0,0,0
523957913,0,0,0,0
523957914,0,0,0,0
523957921,0,0,0,0
523957922,0,0,0,0
523957923,0,0,0,0
523957924,0,0,0,0
523957931,13,7,6,5
523957932,0,0,0,0
523957933,7,3,4,5
523957934,0,0,0,0
523957941,3,1,2,1
523957942,0,0,0,0
523957943,10,5,5,3
523957944,0,0,0,0
523957951,0,0,0,0
523957952,7,4,3,3
523957953,0,0,0,0
523957954,4,2,2,1
523957961,0,0,0,0
523957962,8,3,5,3
523957963,0,0,0,0
523957964,19,10,9,5
523957971,4,3,1,1
523957972,0,0,0,0
523957973,0,0,0,0
523957974,0,0,0,0
523957981,0,0,0,0
523957982,0,0,0,0
523957983,0,0,0,0
523957984,0,0,0,0
523957991,0,0,0,0
523957992,0,0,0,0
523957993,0,0,0,0
523957994,0,0,0,0
523966682,0,0,0,0
523966691,118,62,56,46
523966692,761,366,395,290
523966693,0,0,0,0
523966694,334,160,174,141
523977111,225,127,98,72
523977112,104,50,54,31
523977113,162,78,84,55
523977114,49,29,20,17
523977121,25,12,13,5
523977122,14,5,9,6
523977123,46,23,23,16
523977124,54,22,32,14
523977131,0,0,0,0
523977132,0,0,0,0
523977133,0,0,0,0
523977134,0,0,0,0
523977141,0,0,0,0
523977142,0,0,0,0
523977143,0,0,0,0
523977144,0,0,0,0
523977151,0,0,0,0
523977152,0,0,0,0
523977153,0,0,0,0
523977154,0,0,0,0
523977161,0,0,0,0
523977162,0,0,0,0
523977163,2,1,1,1
523977164,0,0,0,0
523977171,0,0,0,0
523977172,0,0,0,0
523977173,0,0,0,0
523977174,0,0,0,0
523977181,30,14,16,12
523977182,11,10,1,11
523977183,0,0,0,0
523977184,0,0,0,0
523977191,25,9,16,6
523977192,122,57,65,32
523977193,66,35,31,17
523977194,0,0,0,0
523977201,27,13,14,9
523977202,13,5,8,3
523977203,7,4,3,3
523977204,22,12,10,7
523977211,37,19,18,9
523977212,93,34,59,15
523966051,11,6,5,5
523966052,308,151,157,117
523966053,11,4,7,7
523966054,65,35,30,20
523966061,241,110,131,76
523966062,7,3,4,2
523966063,0,0,0,0
523966064,20,10,10,8
523966071,0,0,0,0
523966072,0,0,0,0
523966073,0,0,0,0
523966074,0,0,0,0
523966081,0,0,0,0
523966082,0,0,0,0
523966083,0,0,0,0
523966084,0,0,0,0
523966091,0,0,0,0
523966092,0,0,0,0
523966093,0,0,0,0
523966094,0,0,0,0
523966151,20,8,12,9
523966152,134,34,100,13
523966153,4,3,1,2
523966154,10,5,5,3
523966161,54,27,27,11
523966162,0,0,0,0
523966163,3,2,1,1
523966164,0,0,0,0
523966171,0,0,0,0
523966172,0,0,0,0
523966173,0,0,0,0
523966174,4,2,2,2
523966181,0,0,0,0
523966182,0,0,0,0
523966183,0,0,0,0
523966184,0,0,0,0
523966191,34,16,18,9
523966192,0,0,0,0
523966193,29,12,17,8
523966194,0,0,0,0
523966251,0,0,0,0
523966252,10,5,5,5
523966253,0,0,0,0
523966254,25,13,12,10
523966261,0,0,0,0
523966262,0,0,0,0
523966263,40,17,23,11
523966264,8,4,4,2
523966271,0,0,0,0
523966272,11,5,6,4
523966273,0,0,0,0
523966274,0,0,0,0
523966281,1,1,0,1
523966282,0,0,0,0
523966283,0,0,0,0
523966284,1,0,1,1
523966291,42,18,24,13
523966292,0,0,0,0
523966293,53,27,26,18
523966294,0,0,0,0
523966352,77,39,38,27
523966354,39,21,18,12
523966361,9,4,5,5
523966362,0,0,0,0
523966363,266,127,139,82
523966364,8,3,5,2
523966371,0,0,0,0
523966372,0,0,0,0
523966373,0,0,0,0
523966374,0,0,0,0
523966381,42,25,17,13
523966382,16,7,9,4
523966383,40,19,21,12
523966384,24,10,14,9
523966391,32,16,16,8
523966392,0,0,0,0
523966393,0,0,0,0
523966394,5,1,4,1
523966461,60,27,33,15
523966462,173,85,88,52
523966464,4,2,2,2
523966471,24,11,13,8
523966472,36,20,16,9
523966473,140,71,69,48
523966474,425,204,221,144
523966481,57,28,29,18
523966482,31,13,18,10
523966483,215,102,113,49
523966484,0,0,0,0
523966491,0,0,0,0
523966492,0,0,0,0
523966493,0,0,0,0
523966494,0,0,0,0
523966571,1,0,1,1
523966572,276,146,130,90
523966574,26,13,13,10
523966581,104,53,51,37
523966582,9,4,5,5
523966583,18,9,9,10
523966584,28,14,14,12
523966591,37,19,18,14
523966592,122,53,69,38
523966593,125,62,63,49
523966594,602,308,294,236
523966792,83,41,42,32
523966794,26,14,12,10
523966892,11,7,4,3
523966894,48,21,27,16
523966991,0,0,0,0
523966992,77,39,38,20
523966993,49,25,24,16
523966994,106,60,46,35
523967001,0,0,0,0
523967002,0,0,0,0
523967003,0,0,0,0
523967004,0,0,0,0
523967011,0,0,0,0
523967012,0,0,0,0
523967013,0,0,0,0
523967014,0,0,0,0
523967021,0,0,0,0
523967022,0,0,0,0
523967023,0,0,0,0
523967024,0,0,0,0
523967031,0,0,0,0
523967032,34,19,15,13
523967033,0,0,0,0
523967034,27,13,14,9
523967041,0,0,0,0
523967042,0,0,0,0
523967043,0,0,0,0
523967044,2,1,1,1
523967051,0,0,0,0
523967052,0,0,0,0
523967053,0,0,0,0
523967054,0,0,0,0
523967061,16,6,10,6
523967062,4,2,2,2
523967063,23,10,13,11
523967064,74,45,29,5
523967071,0,0,0,0
523967072,0,0,0,0
523967073,16,6,10,5
523967074,49,25,24,12
523967081,0,0,0,0
523967082,0,0,0,0
523967083,5,2,3,1
523967084,0,0,0,0
523967091,0,0,0,0
523967092,0,0,0,0
523967093,0,0,0,0
523967094,0,0,0,0
523967101,0,0,0,0
523967102,0,0,0,0
523967103,0,0,0,0
523967104,0,0,0,0
523967111,0,0,0,0
523967112,2,1,1,1
523967113,56,27,29,17
523967114,9,4,5,4
523967121,8,3,5,2
523967122,0,0,0,0
523967123,14,7,7,3
523967124,13,10,3,4
523967131,3,2,1,1
523967132,32,15,17,8
523967133,3,1,2,1
523967134,7,3,4,3
523967141,3,2,1,1
523967142,7,2,5,1
523967143,35,19,16,6
523967144,0,0,0,0
523967151,0,0,0,0
523967152,0,0,0,0
523967153,0,0,0,0
523967154,0,0,0,0
523967161,2,1,1,1
523967162,13,6,7,5
523967163,20,12,8,4
523967164,61,31,30,19
523967171,0,0,0,0
523967172,0,0,0,0
523967173,0,0,0,0
523967174,0,0,0,0
523967181,0,0,0,0
523967182,0,0,0,0
523967183,0,0,0,0
523967184,0,0,0,0
523967191,0,0,0,0
523967192,0,0,0,0
523967193,0,0,0,0
523967194,0,0,0,0
523967201,0,0,0,0
523967202,0,0,0,0
523967203,0,0,0,0
523967204,5,3,2,1
523967211,30,17,13,10
523967212,0,0,0,0
523967213,14,7,7,3
523967214,0,0,0,0
523967221,0,0,0,0
523967222,33,16,17,12
523967223,0,0,0,0
523967224,0,0,0,0
523967231,0,0,0,0
523967232,14,8,6,4
523967233,0,0,0,0
523967234,0,0,0,0
523967241,23,11,12,8
523967242,52,28,24,10
523967243,9,4,5,3
523967244,0,0,0,0
523967251,0,0,0,0
523967252,0,0,0,0
523967253,0,0,0,0
523967254,9,5,4,2
523967261,53,28,25,14
523967262,49,28,21,11
523967263,102,45,57,34
523967264,10,5,5,2
523967271,0,0,0,0
523967272,4,2,2,1
523967273,10,7,3,3
523967274,3,1,2,2
523967281,0,0,0,0
523967282,0,0,0,0
523967283,0,0,0,0
523967284,0,0,0,0
523967291,0,0,0,0
523967292,0,0,0,0
523967293,0,0,0,0
523967294,0,0,0,0
523967301,10,4,6,2
523967302,29,16,13,8
523967303,95,43,52,26
523967304,43,16,27,11
523967311,3,1,2,2
523967312,0,0,0,0
523967313,0,0,0,0
523967314,0,0,0,0
523967321,0,0,0,0
523967322,0,0,0,0
523967323,30,16,14,7
523967324,4,2,2,2
523967331,0,0,0,0
523967332,0,0,0,0
523967333,0,0,0,0
523967334,0,0,0,0
523967341,12,7,5,3
523967342,18,7,11,3
523967343,18,8,10,7
523967344,38,19,19,13
523967351,3,2,1,1
523967352,22,10,12,10
523967353,0,0,0,0
523967354,45,24,21,12
523967361,39,19,20,12
523967362,0,0,0,0
523967363,51,27,24,14
523967364,0,0,0,0
523967371,0,0,0,0
523967372,0,0,0,0
523967373,0,0,0,0
523967374,0,0,0,0
523967381,0,0,0,0
523967382,0,0,0,0
523967383,0,0,0,0
523967384,0,0,0,0
523967391,0,0,0,0
523967392,0,0,0,0
523967393,0,0,0,0
523967394,0,0,0,0
523967401,58,28,30,20
523967402,0,0,0,0
523967403,37,18,19,10
523967404,51,30,21,1
523967411,0,0,0,0
523967412,0,0,0,0
523967413,0,0,0,0
523967414,0,0,0,0
523967421,9,2,7,2
523967422,0,0,0,0
523967423,10,5,5,4
523967424,0,0,0,0
523967431,0,0,0,0
523967432,6,4,2,2
523967433,41,22,19,11
523967434,27,11,16,5
523967441,16,9,7,6
523967442,5,3,2,2
523967443,32,14,18,9
523967444,0,0,0,0
523967451,2,1,1,1
523967452,73,29,44,22
523967453,42,18,24,15
523967454,44,21,23,12
523967461,0,0,0,0
523967462,0,0,0,0
523967463,0,0,0,0
523967464,0,0,0,0
523967471,0,0,0,0
523967472,0,0,0,0
523967473,13,7,6,3
523967474,0,0,0,0
523967481,0,0,0,0
523967482,0,0,0,0
523967483,0,0,0,0
523967484,0,0,0,0
523967491,0,0,0,0
523967492,0,0,0,0
523967493,0,0,0,0
523967494,0,0,0,0
523967501,40,21,19,12
523967502,61,30,31,21
523967503,276,132,144,97
523967504,105,53,52,37
523967511,50,28,22,16
523967512,104,50,54,33
523967513,62,34,28,24
523967514,145,79,66,53
523967521,60,31,29,21
523967522,5,3,2,2
523967523,39,20,19,13
523967524,62,27,35,18
523967531,48,22,26,13
523967532,113,59,54,26
523967533,73,39,34,21
523967534,95,43,52,31
523967541,61,31,30,17
523967542,43,20,23,15
523967543,156,75,81,45
523967544,34,16,18,8
523967551,7,3,4,2
523967552,79,39,40,18
523967553,23,9,14,9
523967554,33,18,15,11
523967561,0,0,0,0
523967562,15,8,7,5
523967563,23,10,13,8
523967564,20,15,5,8
523967571,5,2,3,2
523967572,0,0,0,0
523967573,17,7,10,7
523967574,28,15,13,8
523967581,0,0,0,0
523967582,0,0,0,0
523967583,0,0,0,0
523967584,0,0,0,0
523967591,0,0,0,0
523967592,0,0,0,0
523967593,0,0,0,0
523967594,0,0,0,0
523967601,366,173,193,119
523967602,226,111,115,65
523967603,159,73,86,57
523967604,60,30,30,21
523967611,220,111,109,77
523967612,278,131,147,99
523967613,84,40,44,26
523967614,78,35,43,26
523967621,141,62,79,45
523967622,65,30,35,24
523967623,59,28,31,18
523967624,72,37,35,21
523967631,159,82,77,54
523967632,11,7,4,4
523967633,23,13,10,7
523967634,75,39,36,21
523967641,68,34,34,17
523967642,116,51,65,29
523967643,53,26,27,16
523967644,30,16,14,9
523967651,53,27,26,14
523967652,34,20,14,11
523967653,8,5,3,3
523967654,0,0,0,0
523967661,30,16,14,10
523967662,0,0,0,0
523967663,0,0,0,0
523967664,0,0,0,0
523967671,10,4,6,3
523967672,4,1,3,1
523967673,0,0,0,0
523967674,0,0,0,0
523967681,0,0,0,0
523967682,0,0,0,0
523967683,0,0,0,0
523967684,0,0,0,0
523967691,9,3,6,3
523967692,0,0,0,0
523967693,4,2,2,2
523967694,0,0,0,0
523967701,111,52,59,43
523967702,31,16,15,12
523967703,28,14,14,11
523967704,0,0,0,0
523967711,60,29,31,14
523967712,59,34,25,15
523967713,16,7,9,6
523967714,24,11,13,7
523967721,5,2,3,1
523967722,46,22,24,14
523967723,59,31,28,19
523967724,80,39,41,22
523967731,26,16,10,10
523967732,0,0,0,0
523967733,10,5,5,3
523967734,0,0,0,0
523967741,0,0,0,0
523967742,12,6,6,3
523967743,0,0,0,0
523967744,3,2,1,2
523967751,0,0,0,0
523967752,7,3,4,4
523967753,0,0,0,0
523967754,0,0,0,0
523967761,6,3,3,2
523967762,17,7,10,4
523967763,0,0,0,0
523967764,0,0,0,0
523967771,0,0,0,0
523967772,5,3,2,2
523967773,0,0,0,0
523967774,0,0,0,0
523967781,12,9,3,3
523967782,0,0,0,0
523967783,7,4,3,1
523967784,0,0,0,0
523967791,11,6,5,3
523967792,52,25,27,17
523967793,0,0,0,0
523967794,45,27,18,13
523967801,18,8,10,6
523967802,0,0,0,0
523967803,25,10,15,8
523967804,0,0,0,0
523967811,0,0,0,0
523967812,0,0,0,0
523967813,2,0,2,1
523967814,0,0,0,0
523967821,0,0,0,0
523967822,4,1,3,2
523967823,0,0,0,0
523967824,0,0,0,0
523967831,0,0,0,0
523967832,0,0,0,0
523967833,0,0,0,0
523967834,0,0,0,0
523967841,0,0,0,0
523967842,0,0,0,0
523967843,0,0,0,0
523967844,0,0,0,0
523967851,10,6,4,3
523967852,0,0,0,0
523967853,0,0,0,0
523967854,0,0,0,0
523967861,7,4,3,3
523967862,35,17,18,9
523967863,9,5,4,3
523967864,26,14,12,7
523967871,6,3,3,2
523967872,29,14,15,9
523967873,1,0,1,1
523967874,1,1,0,1
523967881,0,0,0,0
523967882,0,0,0,0
523967883,0,0,0,0
523967884,0,0,0,0
523967891,14,7,7,4
523967892,42,21,21,13
523967893,38,16,22,11
523967894,63,34,29,17
523967901,37,21,16,11
523967902,0,0,0,0
523967903,16,8,8,4
523967904,0,0,0,0
523967911,0,0,0,0
523967912,0,0,0,0
523967913,22,10,12,6
523967914,0,0,0,0
523967921,0,0,0,0
523967922,0,0,0,0
523967923,0,0,0,0
523967924,0,0,0,0
523967931,0,0,0,0
523967932,0,0,0,0
523967933,0,0,0,0
523967934,0,0,0,0
523967941,0,0,0,0
523967942,0,0,0,0
523967943,0,0,0,0
523967944,0,0,0,0
523967951,0,0,0,0
523967952,6,3,3,3
523967953,0,0,0,0
523967954,0,0,0,0
523967961,0,0,0,0
523967962,0,0,0,0
523967963,0,0,0,0
523967964,0,0,0,0
523967971,0,0,0,0
523967972,0,0,0,0
523967973,0,0,0,0
523967974,0,0,0,0
523967981,0,0,0,0
523967982,0,0,0,0
523967983,0,0,0,0
523967984,0,0,0,0
523967991,27,14,13,11
523967992,75,38,37,23
523967993,39,18,21,12
523967994,135,67,68,39
523975791,0,0,0,0
523975792,0,0,0,0
523975793,0,0,0,0
523975794,0,0,0,0
523976084,0,0,0,0
523976091,217,104,113,83
523976092,172,83,89,70
523976093,161,82,79,47
523976094,97,50,47,36
523976182,0,0,0,0
523976183,0,0,0,0
523976184,0,0,0,0
523976191,12,8,4,4
523976192,76,37,39,23
523976193,1,0,1,1
523976194,24,11,13,8
523976272,0,0,0,0
523976274,0,0,0,0
523976281,0,0,0,0
523976282,70,34,36,20
523976283,86,40,46,30
523976284,176,84,92,54
523976291,132,65,67,42
523976292,21,11,10,9
523976293,114,60,54,40
523976294,8,4,4,3
523976372,0,0,0,0
523976381,487,237,250,162
523976382,361,179,182,120
523976383,515,243,272,162
523976384,471,234,237,150
523976391,230,117,113,72
523976392,28,16,12,6
523976393,82,44,38,24
523976394,60,30,30,12
523976474,76,36,40,31
523976481,248,119,129,95
523976482,594,275,319,202
523976483,392,183,209,143
523976484,688,337,351,253
523976491,133,68,65,41
523976492,65,38,27,14
523976493,82,43,39,27
523976494,226,110,116,63
523976563,0,0,0,0
523976564,35,14,21,9
523976571,15,7,8,4
523976572,335,166,169,113
523976573,152,76,76,45
523976574,200,91,109,64
523976581,422,219,203,169
523976582,591,288,303,224
523976583,320,172,148,128
523976584,753,372,381,291
523976591,262,126,136,83
523976592,365,175,190,113
523976593,449,229,220,153
523976594,265,136,129,85
523976643,0,0,0,0
523976644,0,0,0,0
523976651,0,0,0,0
523976652,0,0,0,0
523976653,76,38,38,25
523976654,340,171,169,112
523976661,0,0,0,0
523976662,84,49,35,22
523976663,325,129,196,63
523976664,143,70,73,38
523976671,130,58,72,32
523976672,52,29,23,19
523976673,22,9,13,7
523976674,34,14,20,11
523976681,30,11,19,8
523976682,181,92,89,67
523976683,44,19,25,12
523976684,39,21,18,11
523976691,242,118,124,75
523976692,77,36,41,23
523976693,56,27,29,17
523976694,49,25,24,15
523976722,0,0,0,0
523976724,0,0,0,0
523976731,0,0,0,0
523976732,0,0,0,0
523976733,0,0,0,0
523976734,0,0,0,0
523976741,0,0,0,0
523976742,43,24,19,17
523976743,0,0,0,0
523976744,183,99,84,57
523976751,756,370,386,273
523976752,863,466,397,359
523976753,1037,509,528,339
523976754,1043,512,531,322
523976761,199,99,100,63
523976762,140,75,65,33
523976763,253,128,125,70
523976764,209,92,117,59
523976771,68,35,33,19
523976772,79,36,43,22
523976773,64,30,34,16
523976774,21,11,10,6
523976781,45,19,26,13
523976782,108,54,54,33
523976783,142,76,66,41
523976784,138,65,73,41
523976791,45,19,26,12
523976792,20,9,11,8
523976793,65,11,54,6
523976794,0,0,0,0
523976851,0,0,0,0
523976852,29,14,15,9
523976853,0,0,0,0
523976854,0,0,0,0
523976861,69,35,34,22
523976862,161,81,80,50
523976863,0,0,0,0
523976864,0,0,0,0
523976871,412,202,210,121
523976872,150,69,81,49
523976873,744,374,370,239
523976874,726,363,363,223
523976881,30,15,15,11
523976882,346,178,168,107
523976883,819,458,361,349
523976884,892,457,435,309
523976891,241,115,126,78
523976892,63,31,32,17
523976893,602,307,295,210
523976894,93,42,51,28
523976951,0,0,0,0
523976952,0,0,0,0
523976961,0,0,0,0
523976962,0,0,0,0
523976963,0,0,0,0
523976964,0,0,0,0
523976971,65,30,35,24
523976972,785,399,386,267
523976973,0,0,0,0
523976974,313,184,129,140
523976981,958,465,493,319
523976982,1012,494,518,349
523976983,1373,695,678,508
523976984,679,342,337,242
523976991,341,160,181,129
523976992,122,62,60,31
523976993,246,117,129,92
523976994,915,483,432,362
523977001,61,32,29,21
523977002,47,23,24,17
523977003,45,24,21,19
523977004,66,32,34,18
523977011,10,6,4,3
523977012,0,0,0,0
523977013,26,15,11,8
523977014,14,6,8,3
523977021,9,3,6,4
523977022,0,0,0,0
523977023,27,13,14,7
523977024,0,0,0,0
523977031,0,0,0,0
523977032,0,0,0,0
523977033,0,0,0,0
523977034,0,0,0,0
523977041,0,0,0,0
523977042,0,0,0,0
523977043,0,0,0,0
523977044,0,0,0,0
523977051,16,9,7,7
523977052,0,0,0,0
523977053,0,0,0,0
523977054,0,0,0,0
523977061,0,0,0,0
523977062,0,0,0,0
523977063,0,0,0,0
523977064,48,23,25,15
523977071,28,13,15,8
523977072,0,0,0,0
523977073,19,9,10,8
523977074,0,0,0,0
523977081,0,0,0,0
523977082,0,0,0,0
523977083,0,0,0,0
523977084,0,0,0,0
523977091,6,2,4,1
523977092,157,65,92,48
523977093,37,23,14,10
523977094,104,51,53,33
523977101,279,131,148,96
523977102,245,113,132,88
523977103,229,110,119,71
523977104,115,59,56,35
523977213,34,16,18,8
523977214,36,19,17,9
523977221,12,7,5,4
523977222,28,15,13,9
523977223,34,19,15,10
523977224,2,1,1,1
523977231,16,8,8,5
523977232,19,11,8,5
523977233,47,27,20,11
523977234,26,13,13,8
523977241,0,0,0,0
523977242,0,0,0,0
523977243,34,17,17,8
523977244,0,0,0,0
523977251,0,0,0,0
523977252,8,3,5,3
523977253,0,0,0,0
523977254,0,0,0,0
523977261,10,5,5,2
523977262,0,0,0,0
523977263,0,0,0,0
523977264,0,0,0,0
523977271,0,0,0,0
523977272,0,0,0,0
523977273,0,0,0,0
523977274,0,0,0,0
523977281,0,0,0,0
523977282,0,0,0,0
523977283,0,0,0,0
523977284,16,7,9,4
523977291,155,77,78,43
523977292,144,73,71,37
523977293,33,17,16,10
523977294,43,23,20,13
523977301,29,10,19,7
523977302,13,6,7,3
523977303,75,38,37,23
523977304,63,32,31,15
523977311,12,6,6,5
523977312,0,0,0,0
523977313,75,31,44,18
523977314,53,25,28,11
523977321,6,3,3,1
523977322,9,5,4,4
523977323,13,9,4,2
523977324,7,3,4,2
523977331,0,0,0,0
523977332,11,5,6,4
523977333,8,4,4,3
523977334,33,16,17,11
523977341,6,3,3,2
523977342,14,8,6,7
523977343,78,30,48,9
523977344,15,6,9,5
523977351,49,26,23,17
523977352,1,1,0,1
523977353,25,14,11,6
523977354,88,55,33,2
523977361,8,5,3,2
523977362,0,0,0,0
523977363,34,16,18,10
523977364,27,11,16,6
523977371,1,1,0,1
523977372,0,0,0,0
523977373,26,15,11,6
523977374,35,20,15,8
523977381,94,48,46,24
523977382,164,75,89,40
523977383,48,26,22,13
523977384,56,29,27,17
523977391,49,28,21,12
523977392,45,21,24,13
523977393,98,48,50,28
523977394,9,5,4,3
523977401,139,71,68,39
523977402,111,59,52,32
523977403,44,18,26,14
523977404,28,15,13,11
523977411,158,55,103,20
523977412,73,36,37,17
523977413,59,29,30,15
523977414,30,15,15,7
523977421,40,19,21,11
523977422,15,7,8,4
523977423,35,15,20,8
523977424,2,1,1,1
523977431,41,21,20,9
523977432,12,5,7,4
523977433,32,16,16,10
523977434,34,18,16,12
523977441,54,22,32,12
523977442,19,10,9,6
523977443,61,27,34,14
523977444,42,20,22,17
523977451,18,8,10,7
523977452,61,25,36,16
523977453,65,30,35,20
523977454,26,12,14,8
523977461,3,2,1,1
523977462,0,0,0,0
523977463,23,11,12,8
523977464,18,11,7,5
523977471,24,7,17,8
523977472,60,30,30,19
523977473,55,30,25,13
523977474,5,2,3,2
523977481,88,45,43,30
523977482,82,42,40,25
523977483,82,40,42,27
523977484,189,97,92,54
523977491,122,66,56,35
523977492,17,10,7,7
523977493,244,120,124,66
523977494,19,9,10,7
523977501,35,18,17,10
523977502,16,9,7,4
523977503,89,44,45,26
523977504,71,33,38,21
523977511,44,20,24,13
523977512,17,8,9,7
523977513,69,32,37,23
523977514,48,24,24,11
523977521,2,1,1,1
523977522,0,0,0,0
523977523,0,0,0,0
523977524,51,27,24,14
523977531,95,47,48,21
523977532,25,10,15,5
523977533,44,21,23,10
523977534,21,12,9,7
523977541,48,22,26,12
523977542,20,11,9,5
523977543,660,360,300,255
523977544,44,18,26,10
523977551,41,22,19,12
523977552,27,17,10,8
523977553,107,61,46,29
523977554,337,173,164,96
523977561,101,52,49,34
523977562,159,81,78,52
523977563,260,126,134,82
523977564,273,137,136,92
523977571,114,55,59,34
523977572,15,8,7,5
523977573,108,52,56,32
523977574,85,44,41,30
523977581,44,24,20,18
523977582,108,51,57,33
523977583,163,82,81,49
523977584,79,43,36,20
523977591,154,77,77,46
523977592,12,6,6,4
523977593,34,16,18,8
523977594,22,12,10,5
523977601,62,29,33,18
523977602,110,59,51,31
523977603,50,25,25,16
523977604,21,11,10,7
523977611,0,0,0,0
523977612,0,0,0,0
523977613,0,0,0,0
523977614,10,5,5,3
523977621,33,13,20,10
523977622,104,47,57,31
523977623,21,12,9,7
523977624,45,24,21,17
523977631,23,9,14,8
523977632,84,42,42,21
523977633,350,175,175,117
523977634,1042,609,433,458
523977641,847,431,416,265
523977642,76,34,42,26
523977643,451,234,217,139
523977644,45,25,20,16
523977651,84,42,42,29
523977652,366,178,188,115
523977653,44,20,24,12
523977654,591,303,288,177
523977661,755,348,407,285
523977662,492,239,253,188
523977663,323,163,160,105
523977664,343,163,180,115
523977671,506,250,256,157
523977672,210,102,108,67
523977673,143,65,78,41
523977674,34,16,18,10
523977681,146,67,79,45
523977682,78,30,48,21
523977683,48,22,26,11
523977684,59,26,33,15
523977691,33,15,18,11
523977692,30,15,15,8
523977693,112,52,60,33
523977694,29,10,19,8
523977701,99,43,56,30
523977702,100,55,45,26
523977703,0,0,0,0
523977704,26,11,15,8
523977711,14,7,7,4
523977712,42,25,17,12
523977713,86,41,45,22
523977714,63,29,34,20
523977721,21,11,10,5
523977722,61,33,28,20
523977723,48,21,27,14
523977724,90,46,44,23
523977731,752,437,315,325
523977732,913,454,459,293
523977733,362,182,180,112
523977734,1499,761,738,539
523977741,62,32,30,23
523977742,89,43,46,30
523977743,210,104,106,62
523977744,70,26,44,9
523977751,113,58,55,29
523977752,55,28,27,14
523977753,73,40,33,20
523977754,74,37,37,21
523977761,31,11,20,6
523977762,205,102,103,61
523977763,163,79,84,44
523977764,155,63,92,31
523977771,98,54,44,26
523977772,28,12,16,6
523977773,21,12,9,5
523977774,0,0,0,0
523977781,54,28,26,14
523977782,14,8,6,2
523977783,1,1,0,1
523977784,18,11,7,5
523977791,36,14,22,11
523977792,12,5,7,3
523977793,17,11,6,8
523977794,0,0,0,0
523977801,111,55,56,31
523977802,155,77,78,52
523977803,315,157,158,101
523977804,113,49,64,36
523977811,190,97,93,64
523977812,87,46,41,32
523977813,26,14,12,9
523977814,795,470,325,396
523977821,112,52,60,32
523977822,147,57,90,25
523977823,506,252,254,189
523977824,867,425,442,329
523977831,1414,689,725,521
523977832,1640,761,879,584
523977833,2126,1047,1079,750
523977834,1619,842,777,579
523977841,540,270,270,205
523977842,47,17,30,12
523977843,821,397,424,318
523977844,835,453,382,350
523977851,80,34,46,25
523977852,25,14,11,7
523977853,513,282,231,206
523977854,0,0,0,0
523977861,0,0,0,0
523977862,0,0,0,0
523977863,0,0,0,0
523977864,0,0,0,0
523977871,28,13,15,8
523977872,0,0,0,0
523977873,0,0,0,0
523977874,4,2,2,1
523977881,0,0,0,0
523977882,0,0,0,0
523977883,0,0,0,0
523977884,0,0,0,0
523977891,2,2,0,1
523977892,0,0,0,0
523977893,0,0,0,0
523977894,0,0,0,0
523977901,91,79,12,77
523977902,167,81,86,58
523977903,582,282,300,210
523977904,1190,602,588,411
523977911,567,309,258,240
523977912,1303,633,670,502
523977913,1065,524,541,424
523977914,984,484,500,426
523977921,1421,721,700,576
523977922,1260,627,633,487
523977923,817,402,415,364
523977924,1579,754,825,646
523977931,1331,649,682,488
523977932,1792,891,901,591
523977933,1772,926,846,668
523977934,1567,784,783,574
523977941,715,339,376,263
523977942,1238,726,512,568
523977943,741,361,380,255
523977944,75,69,6,65
523977951,319,163,156,111
523977952,0,0,0,0
523977953,0,0,0,0
523977954,103,49,54,37
523977961,2,1,1,1
523977962,2,1,1,1
523977963,299,152,147,95
523977964,4,2,2,2
523977971,0,0,0,0
523977972,0,0,0,0
523977973,7,3,4,2
523977974,0,0,0,0
523977981,0,0,0,0
523977982,16,8,8,5
523977983,0,0,0,0
523977984,0,0,0,0
523977991,0,0,0,0
523977992,14,7,7,3
523977993,0,0,0,0
523977994,8,5,3,3
524052833,0,0,0,0
524052834,57,23,34,17
524052841,242,149,93,140
524052842,501,311,190,317
524052843,12,11,1,12
524052844,5,5,0,5
524052851,749,370,379,329
524052852,664,365,299,364
524052853,1126,615,511,683
524052854,386,184,202,167
524052861,332,161,171,160
524052863,384,199,185,143
524052864,63,29,34,20
524052901,117,55,62,40
524052902,57,29,28,21
524052903,4,3,1,1
524052904,3,2,1,2
524052911,41,20,21,15
524052912,0,0,0,0
524052913,97,48,49,29
524052914,25,11,14,8
524052921,0,0,0,0
524052922,6,2,4,2
524052923,46,21,25,18
524052924,24,12,12,6
524052931,0,0,0,0
524052932,40,24,16,19
524052933,0,0,0,0
524052934,0,0,0,0
524060883,0,0,0,0
524060884,0,0,0,0
524060891,0,0,0,0
524060892,0,0,0,0
524060893,0,0,0,0
524060894,0,0,0,0
524060901,18,7,11,5
524060902,0,0,0,0
524060903,35,20,15,10
524060904,0,0,0,0
524060911,0,0,0,0
524060912,0,0,0,0
524060913,0,0,0,0
524060914,0,0,0,0
524060921,0,0,0,0
524060922,0,0,0,0
524060923,0,0,0,0
524060924,0,0,0,0
524060931,0,0,0,0
524060932,0,0,0,0
524060933,0,0,0,0
524060934,8,4,4,2
524060941,47,24,23,17
524060942,73,35,38,17
524060943,37,20,17,14
524060944,74,33,41,19
524060951,97,50,47,31
524060952,44,18,26,13
524060953,92,39,53,26
524060954,107,51,56,26
524060961,101,51,50,26
524060962,92,48,44,26
524060963,48,21,27,11
524060964,0,0,0,0
524060971,0,0,0,0
524060972,0,0,0,0
524060973,0,0,0,0
524060974,0,0,0,0
524060981,0,0,0,0
524060982,0,0,0,0
524060983,0,0,0,0
524060984,0,0,0,0
524040301,0,0,0,0
524040303,65,33,32,23
524040304,5,2,3,1
524040401,2,1,1,1
524040402,469,223,246,162
524040403,0,0,0,0
524040404,87,42,45,33
524040411,365,160,205,140
524040413,411,190,221,131
524040414,213,103,110,83
524040501,53,28,25,15
524040502,0,0,0,0
524040503,24,13,11,8
524040504,0,0,0,0
524040511,78,40,38,29
524040512,288,138,150,98
524040513,2,1,1,2
524040514,162,73,89,51
524040521,0,0,0,0
524040523,124,56,68,40
524040524,3,2,1,2
524040601,5,3,2,3
524040602,0,0,0,0
524040603,0,0,0,0
524040604,0,0,0,0
524040611,5,1,4,3
524040612,25,12,13,13
524040613,0,0,0,0
524040614,0,0,0,0
524040621,186,94,92,55
524040622,110,58,52,42
524040623,0,0,0,0
524040624,0,0,0,0
524040631,37,21,16,13
524040632,0,0,0,0
524040633,130,67,63,44
524040634,111,51,60,40
524040643,8,3,5,6
524040653,0,0,0,0
524040654,5,4,1,3
524040701,0,0,0,0
524040702,5,2,3,2
524040703,20,10,10,5
524040704,0,0,0,0
524040711,4,2,2,1
524040712,0,0,0,0
524040713,0,0,0,0
524040714,0,0,0,0
524040721,0,0,0,0
524040722,0,0,0,0
524040723,0,0,0,0
524040724,0,0,0,0
524040731,0,0,0,0
524040732,47,20,27,15
524040733,0,0,0,0
524040734,11,6,5,6
524040741,120,61,59,45
524040742,644,304,340,249
524040743,44,19,25,20
524040744,16,7,9,6
524040751,327,147,180,112
524040752,257,116,141,81
524040753,45,16,29,19
524040754,7,4,3,4
524040761,0,0,0,0
524040762,0,0,0,0
524040763,162,82,80,51
524040764,0,0,0,0
524040801,0,0,0,0
524040802,0,0,0,0
524040803,0,0,0,0
524040804,0,0,0,0
524040811,0,0,0,0
524040812,0,0,0,0
524040813,0,0,0,0
524040814,0,0,0,0
524040821,0,0,0,0
524040822,0,0,0,0
524040823,0,0,0,0
524040824,0,0,0,0
524040831,4,1,3,2
524040832,68,37,31,20
524040833,8,4,4,3
524040834,23,12,11,10
524040841,16,8,8,5
524040842,0,0,0,0
524040843,0,0,0,0
524040844,31,14,17,10
524040851,27,12,15,9
524040852,11,6,5,3
524040853,8,4,4,3
524040854,0,0,0,0
524040861,45,22,23,15
524040862,52,22,30,14
524040863,0,0,0,0
524040864,203,99,104,71
524040873,17,7,10,9
524040874,0,0,0,0
524040901,0,0,0,0
524040902,0,0,0,0
524040903,7,4,3,3
524040904,8,4,4,4
524040911,0,0,0,0
524040912,0,0,0,0
524040913,4,2,2,1
524040914,0,0,0,0
524040921,0,0,0,0
524040922,0,0,0,0
524040923,0,0,0,0
524040924,0,0,0,0
524040931,0,0,0,0
524040932,32,15,17,10
524040933,7,4,3,1
524040934,20,8,12,5
524040941,13,5,8,3
524040942,0,0,0,0
524040943,0,0,0,0
524040944,0,0,0,0
524040951,0,0,0,0
524040952,0,0,0,0
524040953,0,0,0,0
524040954,0,0,0,0
524040961,0,0,0,0
524040962,0,0,0,0
524040963,0,0,0,0
524040964,0,0,0,0
524040971,1,0,1,1
524040972,136,61,75,59
524040973,0,0,0,0
524040974,505,232,273,199
524040981,245,112,133,85
524040983,0,0,0,0
524050001,4,3,1,3
524050002,27,11,16,11
524050003,11,7,4,6
524050004,11,6,5,4
524050011,17,10,7,8
524050012,20,9,11,5
524050013,0,0,0,0
524050014,0,0,0,0
524050021,28,12,16,8
524050022,33,17,16,10
524050023,69,35,34,19
524050024,11,6,5,4
524050031,4,2,2,2
524050032,0,0,0,0
524050033,31,17,14,11
524050034,0,0,0,0
524050041,0,0,0,0
524050042,0,0,0,0
524050043,19,9,10,6
524050044,31,14,17,9
524050051,3,1,2,1
524050052,0,0,0,0
524050053,108,55,53,33
524050054,52,26,26,20
524050061,35,14,21,14
524050062,39,16,23,9
524050063,73,29,44,25
524050064,105,48,57,41
524050071,0,0,0,0
524050072,104,54,50,47
524050073,292,120,172,25
524050074,84,37,47,33
524050081,0,0,0,0
524050083,74,34,40,23
524050101,0,0,0,0
524050102,16,8,8,6
524050103,6,3,3,2
524050104,15,7,8,6
524050111,0,0,0,0
524050112,13,4,9,5
524050113,19,9,10,6
524050114,0,0,0,0
524050121,5,3,2,2
524050122,0,0,0,0
524050123,8,3,5,3
524050124,5,3,2,2
524050131,14,8,6,7
524050132,4,1,3,1
524050133,38,16,22,11
524050134,22,12,10,8
524050141,120,59,61,47
524050142,56,27,29,19
524050143,52,29,23,15
524050144,2,0,2,2
524050151,67,37,30,19
524050152,19,12,7,6
524050153,43,19,24,14
524050154,43,21,22,17
524050161,2,1,1,1
524050162,150,75,75,57
524050163,21,11,10,11
524050164,37,19,18,11
524050171,2,1,1,1
524050172,65,33,32,27
524050173,117,52,65,31
524050174,372,172,200,140
524050181,891,435,456,358
524050183,816,388,428,317
524050201,0,0,0,0
524050202,4,2,2,2
524050203,11,5,6,3
524050204,18,7,11,6
524050211,33,16,17,9
524050212,26,11,15,9
524050213,4,2,2,2
524050214,9,6,3,4
524050221,14,7,7,6
524050222,2,1,1,1
524050223,6,2,4,2
524050224,0,0,0,0
524050231,19,10,9,6
524050232,8,5,3,3
524050233,7,3,4,4
524050234,7,3,4,3
524050241,29,13,16,9
524050242,0,0,0,0
524050243,6,4,2,2
524050244,0,0,0,0
524050251,0,0,0,0
524050252,2,1,1,1
524050253,0,0,0,0
524050254,48,22,26,17
524050261,32,18,14,11
524050262,21,9,12,7
524050263,128,53,75,50
524050264,340,168,172,129
524050271,163,73,90,60
524050272,270,132,138,111
524050273,45,17,28,17
524050274,229,112,117,98
524050281,943,454,489,391
524050282,11,6,5,6
524050283,952,438,514,391
524050284,146,77,69,61
524050301,14,7,7,3
524050302,7,4,3,3
524050303,3,1,2,1
524050304,9,4,5,2
524050311,0,0,0,0
524050312,0,0,0,0
524050313,0,0,0,0
524050314,0,0,0,0
524050321,3,2,1,1
524050322,0,0,0,0
524050323,4,2,2,2
524050324,0,0,0,0
524050331,5,2,3,2
524050332,0,0,0,0
524050333,7,3,4,4
524050334,0,0,0,0
524050341,0,0,0,0
524050342,77,37,40,24
524050343,3,1,2,1
524050344,0,0,0,0
524050351,27,15,12,9
524050352,106,50,56,31
524050353,90,42,48,25
524050354,66,29,37,15
524050361,35,16,19,12
524050362,190,89,101,68
524050363,106,54,52,34
524050364,53,26,27,24
524050371,214,106,108,77
524050372,362,169,193,155
524050373,105,48,57,38
524050374,181,87,94,76
524050381,340,165,175,150
524050382,342,161,181,147
524050383,34,20,14,14
524050384,668,309,359,299
524050391,48,28,20,18
524050393,255,118,137,133
524050394,0,0,0,0
524050401,2,1,1,1
524050402,9,5,4,3
524050403,34,16,18,13
524050404,33,16,17,12
524050411,10,4,6,3
524050412,1,0,1,1
524050413,43,21,22,14
524050414,41,18,23,14
524050421,14,8,6,4
524050422,46,20,26,14
524050423,32,17,15,12
524050424,52,26,26,20
524050431,44,23,21,17
524050432,36,13,23,11
524050433,94,43,51,33
524050434,33,18,15,10
524050441,56,26,30,14
524050442,52,28,24,14
524050443,33,17,16,13
524050444,49,27,22,17
524050451,76,29,47,48
524050452,139,68,71,52
524050453,294,133,161,120
524050454,104,56,48,43
524050461,61,28,33,25
524050462,185,83,102,78
524050463,72,32,40,30
524050464,244,121,123,102
524050471,215,95,120,75
524050472,166,79,87,60
524050473,211,105,106,90
524050474,260,122,138,79
524050481,59,29,30,20
524050482,801,372,429,293
524050483,198,101,97,68
524050484,635,290,345,161
524050491,588,267,321,244
524050492,560,224,336,383
524050493,411,187,224,182
524050494,533,210,323,196
524050501,31,14,17,9
524050502,19,8,11,6
524050503,76,40,36,25
524050504,143,67,76,56
524050511,14,7,7,6
524050512,90,42,48,25
524050513,90,41,49,37
524050514,128,59,69,49
524050521,81,33,48,22
524050522,164,83,81,59
524050523,102,46,56,37
524050524,157,77,80,67
524050531,93,44,49,28
524050532,115,56,59,43
524050533,186,94,92,69
524050534,28,14,14,8
524050541,157,76,81,65
524050542,144,70,74,47
524050543,107,49,58,41
524050544,39,19,20,14
524050551,133,62,71,44
524050552,100,48,52,37
524050553,69,35,34,25
524050554,48,23,25,18
524050561,85,39,46,25
524050562,44,18,26,13
524050563,13,6,7,7
524050564,18,10,8,6
524050571,143,72,71,57
524050572,179,81,98,66
524050573,40,17,23,10
524050574,30,15,15,8
524050581,74,31,43,31
524050582,24,11,13,9
524050583,150,77,73,51
524050584,38,16,22,12
524050591,146,74,72,52
524050592,115,61,54,33
524050593,24,12,12,9
524050594,0,0,0,0
524050601,200,96,104,71
524050602,33,14,19,9
524050603,80,37,43,26
524050604,29,13,16,11
524050611,53,27,26,19
524050612,19,10,9,7
524050613,49,19,30,15
524050614,61,31,30,22
524050621,7,5,2,3
524050622,51,31,20,17
524050623,24,13,11,9
524050624,34,16,18,12
524050631,73,41,32,31
524050632,57,26,31,16
524050633,32,16,16,8
524050634,24,10,14,6
524050641,58,28,30,22
524050642,54,31,23,17
524050643,14,6,8,4
524050644,7,2,5,3
524050651,45,23,22,14
524050652,66,28,38,16
524050653,2,1,1,1
524050654,35,19,16,11
524050661,49,25,24,19
524050662,15,8,7,5
524050663,0,0,0,0
524050664,0,0,0,0
524050671,13,6,7,4
524050672,87,39,48,31
524050673,0,0,0,0
524050674,37,15,22,11
524050681,30,16,14,8
524050682,0,0,0,0
524050683,10,4,6,4
524050684,0,0,0,0
524050691,0,0,0,0
524050692,0,0,0,0
524050693,0,0,0,0
524050694,0,0,0,0
524050701,27,12,15,10
524050702,22,11,11,7
524050703,21,10,11,4
524050704,7,3,4,2
524050711,30,17,13,11
524050712,24,12,12,8
524050713,6,4,2,3
524050714,0,0,0,0
524050721,31,17,14,9
524050722,2,1,1,1
524050723,0,0,0,0
524050724,0,0,0,0
524050731,0,0,0,0
524050732,0,0,0,0
524050733,0,0,0,0
524050734,0,0,0,0
524050741,15,7,8,6
524050742,0,0,0,0
524050743,0,0,0,0
524050744,0,0,0,0
524050751,0,0,0,0
524050752,28,16,12,10
524050753,0,0,0,0
524050754,26,12,14,12
524050761,0,0,0,0
524050762,0,0,0,0
524050763,0,0,0,0
524050764,0,0,0,0
524050771,0,0,0,0
524050772,0,0,0,0
524050773,0,0,0,0
524050774,0,0,0,0
524050781,12,6,6,4
524050782,0,0,0,0
524050783,0,0,0,0
524050784,0,0,0,0
524050791,0,0,0,0
524050792,0,0,0,0
524050793,0,0,0,0
524050794,0,0,0,0
524050801,0,0,0,0
524050802,0,0,0,0
524050803,0,0,0,0
524050804,0,0,0,0
524050811,0,0,0,0
524050812,0,0,0,0
524050813,0,0,0,0
524050814,0,0,0,0
524050821,0,0,0,0
524050822,0,0,0,0
524050823,0,0,0,0
524050824,0,0,0,0
524050831,0,0,0,0
524050832,0,0,0,0
524050833,0,0,0,0
524050834,0,0,0,0
524050841,0,0,0,0
524050842,0,0,0,0
524050843,0,0,0,0
524050844,0,0,0,0
524050851,0,0,0,0
524050852,26,11,15,9
524050853,0,0,0,0
524050854,0,0,0,0
524050861,0,0,0,0
524050862,0,0,0,0
524050863,0,0,0,0
524050864,0,0,0,0
524050871,0,0,0,0
524050872,0,0,0,0
524050873,0,0,0,0
524050874,0,0,0,0
524050881,0,0,0,0
524050882,0,0,0,0
524050883,0,0,0,0
524050884,0,0,0,0
524050891,0,0,0,0
524050892,0,0,0,0
524050893,0,0,0,0
524050894,0,0,0,0
524050901,0,0,0,0
524050902,0,0,0,0
524050903,0,0,0,0
524050904,0,0,0,0
524050911,0,0,0,0
524050912,0,0,0,0
524050913,0,0,0,0
524050914,0,0,0,0
524050921,0,0,0,0
524050922,0,0,0,0
524050923,0,0,0,0
524050924,0,0,0,0
524050931,0,0,0,0
524050932,0,0,0,0
524050933,0,0,0,0
524050934,0,0,0,0
524050941,0,0,0,0
524050942,0,0,0,0
524050943,0,0,0,0
524050944,0,0,0,0
524050951,0,0,0,0
524050952,0,0,0,0
524050953,0,0,0,0
524050954,0,0,0,0
524050961,0,0,0,0
524050962,0,0,0,0
524050963,0,0,0,0
524050964,0,0,0,0
524050971,0,0,0,0
524050972,0,0,0,0
524050973,0,0,0,0
524050974,0,0,0,0
524050981,0,0,0,0
524050982,0,0,0,0
524050983,0,0,0,0
524050984,0,0,0,0
524050991,0,0,0,0
524050992,0,0,0,0
524050993,0,0,0,0
524050994,0,0,0,0
524051352,0,0,0,0
524051354,3,2,1,3
524051361,0,0,0,0
524051362,0,0,0,0
524051363,0,0,0,0
524051364,0,0,0,0
524051373,0,0,0,0
524051374,0,0,0,0
524051383,0,0,0,0
524051384,0,0,0,0
524051401,31,19,12,3
524051402,3,1,2,1
524051403,775,305,470,424
524051404,158,75,83,73
524051411,328,155,173,114
524051412,649,307,342,240
524051413,146,68,78,57
524051414,126,62,64,48
524051421,130,66,64,54
524051423,749,344,405,283
524051424,761,379,382,267
524051433,362,180,182,134
524051434,189,90,99,58
524051441,14,8,6,2
524051442,0,0,0,0
524051443,75,41,34,35
524051444,68,35,33,19
524051452,210,97,113,85
524051454,544,249,295,221
524051461,59,39,20,29
524051462,0,0,0,0
524051463,240,111,129,90
524051464,0,0,0,0
524051471,12,5,7,7
524051472,158,81,77,53
524051473,23,12,11,8
524051474,45,19,26,13
524051481,9,6,3,3
524051482,0,0,0,0
524051483,52,29,23,17
524051484,338,164,174,112
524051493,0,0,0,0
524051494,0,0,0,0
524051501,7,2,5,2
524051502,0,0,0,0
524051503,0,0,0,0
524051504,1,0,1,1
524051511,0,0,0,0
524051512,31,15,16,12
524051513,0,0,0,0
524051514,22,11,11,7
524051521,421,200,221,145
524051522,63,30,33,27
524051523,182,85,97,39
524051524,0,0,0,0
524051531,214,106,108,72
524051532,164,75,89,67
524051533,0,0,0,0
524051534,10,6,4,3
524051541,0,0,0,0
524051542,32,14,18,12
524051543,0,0,0,0
524051544,0,0,0,0
524051551,237,95,142,112
524051552,463,213,250,187
524051553,199,93,106,77
524051554,81,37,44,34
524051561,0,0,0,0
524051562,0,0,0,0
524051563,0,0,0,0
524051564,0,0,0,0
524051571,0,0,0,0
524051572,0,0,0,0
524051573,21,11,10,9
524051574,24,14,10,6
524051581,0,0,0,0
524051582,19,8,11,6
524051583,30,13,17,16
524051584,37,16,21,15
524051591,22,11,11,7
524051592,0,0,0,0
524051593,61,32,29,21
524051594,113,59,54,43
524051601,9,5,4,4
524051602,0,0,0,0
524051603,1,0,1,1
524051604,0,0,0,0
524051611,0,0,0,0
524051612,0,0,0,0
524051613,0,0,0,0
524051614,0,0,0,0
524051621,27,11,16,11
524051622,0,0,0,0
524051623,23,12,11,7
524051624,0,0,0,0
524051631,0,0,0,0
524051632,5,4,1,2
524051633,0,0,0,0
524051634,0,0,0,0
524051641,0,0,0,0
524051642,0,0,0,0
524051643,0,0,0,0
524051644,0,0,0,0
524051651,50,22,28,17
524051652,2,1,1,1
524051653,18,7,11,7
524051654,23,11,12,7
524051661,0,0,0,0
524051662,0,0,0,0
524051663,0,0,0,0
524051664,0,0,0,0
524051671,22,13,9,6
524051672,11,4,7,5
524051673,21,9,12,7
524051674,6,3,3,3
524051681,132,65,67,62
524051682,96,45,51,48
524051683,18,8,10,9
524051684,0,0,0,0
524051691,8,4,4,4
524051692,639,301,338,253
524051693,27,13,14,8
524051694,112,56,56,55
524051701,0,0,0,0
524051702,0,0,0,0
524051703,0,0,0,0
524051704,0,0,0,0
524051711,0,0,0,0
524051712,0,0,0,0
524051713,0,0,0,0
524051714,0,0,0,0
524051721,0,0,0,0
524051722,0,0,0,0
524051723,0,0,0,0
524051724,0,0,0,0
524051731,0,0,0,0
524051732,0,0,0,0
524051733,0,0,0,0
524051734,0,0,0,0
524051741,0,0,0,0
524051742,0,0,0,0
524051743,0,0,0,0
524051744,0,0,0,0
524051751,0,0,0,0
524051752,56,28,28,26
524051753,0,0,0,0
524051754,16,8,8,6
524051761,0,0,0,0
524051762,0,0,0,0
524051763,0,0,0,0
524051764,0,0,0,0
524051771,9,6,3,5
524051772,4,2,2,1
524051773,8,4,4,2
524051774,31,14,17,10
524051781,0,0,0,0
524051782,0,0,0,0
524051783,38,19,19,12
524051784,21,12,9,6
524051791,0,0,0,0
524051792,0,0,0,0
524051793,41,21,20,14
524051794,19,10,9,11
524051801,0,0,0,0
524051802,0,0,0,0
524051803,0,0,0,0
524051804,0,0,0,0
524051811,0,0,0,0
524051812,0,0,0,0
524051813,0,0,0,0
524051814,5,2,3,3
524051821,0,0,0,0
524051822,0,0,0,0
524051823,8,4,4,5
524051824,0,0,0,0
524051831,0,0,0,0
524051832,0,0,0,0
524051833,0,0,0,0
524051834,0,0,0,0
524051841,0,0,0,0
524051842,0,0,0,0
524051843,0,0,0,0
524051844,0,0,0,0
524051851,0,0,0,0
524051852,3,2,1,1
524051853,0,0,0,0
524051854,0,0,0,0
524051861,0,0,0,0
524051862,0,0,0,0
524051863,0,0,0,0
524051864,0,0,0,0
524051871,0,0,0,0
524051872,0,0,0,0
524051873,3,2,1,1
524051874,6,4,2,2
524051881,12,4,8,6
524051882,127,64,63,34
524051883,67,30,37,23
524051884,30,14,16,9
524051891,36,18,18,16
524051892,118,53,65,38
524051893,33,15,18,9
524051894,41,18,23,17
524051901,0,0,0,0
524051902,0,0,0,0
524051903,0,0,0,0
524051904,0,0,0,0
524051911,0,0,0,0
524051912,40,17,23,20
524051913,0,0,0,0
524051914,0,0,0,0
524051921,27,15,12,14
524051922,0,0,0,0
524051923,0,0,0,0
524051924,0,0,0,0
524051931,0,0,0,0
524051932,0,0,0,0
524051933,0,0,0,0
524051934,0,0,0,0
524051941,0,0,0,0
524051942,0,0,0,0
524051943,0,0,0,0
524051944,0,0,0,0
524051951,0,0,0,0
524051952,0,0,0,0
524051953,0,0,0,0
524051954,0,0,0,0
524051961,0,0,0,0
524051962,25,13,12,5
524051963,0,0,0,0
524051964,72,58,14,5
524051971,52,28,24,18
524051972,49,26,23,14
524051973,11,5,6,4
524051974,0,0,0,0
524051981,47,25,22,17
524051982,15,5,10,6
524051983,37,18,19,14
524051984,22,11,11,7
524051991,0,0,0,0
524051992,60,29,31,25
524051993,0,0,0,0
524051994,14,8,6,5
524052514,0,0,0,0
524052523,7,4,3,2
524052524,0,0,0,0
524052601,588,288,300,221
524052602,7,3,4,4
524052603,76,38,38,40
524052604,260,122,138,92
524052611,77,41,36,29
524052612,15,6,9,6
524052613,126,54,72,44
524052614,251,124,127,92
524052621,125,54,71,45
524052622,57,30,27,15
524052623,382,188,194,127
524052624,164,79,85,51
524052631,0,0,0,0
524052633,97,48,49,31
524052651,0,0,0,0
524052652,0,0,0,0
524052653,5,5,0,5
524052654,63,28,35,29
524052663,3,1,2,1
524052701,0,0,0,0
524052702,19,11,8,5
524052703,7,3,4,2
524052704,0,0,0,0
524052711,6,3,3,2
524052712,17,8,9,5
524052713,0,0,0,0
524052714,35,16,19,13
524052721,20,20,0,20
524052722,11,7,4,5
524052723,8,3,5,2
524052724,4,2,2,2
524052731,253,120,133,88
524052733,313,166,147,116
524052734,119,61,58,43
524052744,192,92,100,81
524052751,455,263,192,228
524052752,339,169,170,136
524052753,1590,775,815,660
524052754,641,323,318,307
524052761,62,34,28,23
524052763,258,125,133,95
524052801,54,27,27,18
524052802,0,0,0,0
524052803,179,92,87,57
524052804,51,25,26,14
524052811,62,30,32,23
524052812,53,24,29,20
524052813,45,22,23,12
524052814,6,3,3,2
524052821,86,42,44,28
524052822,27,12,15,7
524052823,15,8,7,6
524052824,1,0,1,1
524052831,0,0,0,0
524052832,367,199,168,155
524052941,38,18,20,18
524052942,242,119,123,97
524052943,45,38,7,36
524052944,142,113,29,119
524052951,392,224,168,231
524052952,212,106,106,122
524052953,0,0,0,0
524052954,0,0,0,0
524052961,98,62,36,50
524052962,86,54,32,57
524052963,188,110,78,89
524052964,369,202,167,174
524060001,0,0,0,0
524060002,0,0,0,0
524060003,0,0,0,0
524060004,0,0,0,0
524060011,0,0,0,0
524060012,0,0,0,0
524060013,0,0,0,0
524060014,0,0,0,0
524060021,0,0,0,0
524060022,0,0,0,0
524060023,0,0,0,0
524060024,0,0,0,0
524060031,0,0,0,0
524060032,0,0,0,0
524060033,0,0,0,0
524060034,0,0,0,0
524060041,0,0,0,0
524060042,0,0,0,0
524060043,24,13,11,8
524060044,26,13,13,13
524060051,0,0,0,0
524060052,0,0,0,0
524060053,0,0,0,0
524060054,0,0,0,0
524060061,0,0,0,0
524060062,0,0,0,0
524060063,0,0,0,0
524060064,0,0,0,0
524060071,0,0,0,0
524060072,0,0,0,0
524060073,0,0,0,0
524060074,0,0,0,0
524060081,0,0,0,0
524060082,0,0,0,0
524060083,0,0,0,0
524060084,0,0,0,0
524060091,0,0,0,0
524060092,0,0,0,0
524060093,0,0,0,0
524060094,0,0,0,0
524060101,8,4,4,4
524060102,52,26,26,26
524060103,2,1,1,1
524060104,167,34,133,10
524060111,0,0,0,0
524060112,0,0,0,0
524060113,22,9,13,4
524060114,0,0,0,0
524060121,0,0,0,0
524060122,0,0,0,0
524060123,0,0,0,0
524060124,0,0,0,0
524060131,0,0,0,0
524060132,0,0,0,0
524060133,0,0,0,0
524060134,0,0,0,0
524060141,10,5,5,7
524060142,10,4,6,3
524060143,0,0,0,0
524060144,8,4,4,4
524060151,0,0,0,0
524060152,0,0,0,0
524060153,0,0,0,0
524060154,0,0,0,0
524060161,0,0,0,0
524060162,0,0,0,0
524060163,0,0,0,0
524060164,0,0,0,0
524060171,0,0,0,0
524060172,0,0,0,0
524060173,0,0,0,0
524060174,0,0,0,0
524060181,0,0,0,0
524060182,0,0,0,0
524060183,0,0,0,0
524060184,0,0,0,0
524060191,0,0,0,0
524060192,0,0,0,0
524060193,0,0,0,0
524060194,0,0,0,0
524060201,0,0,0,0
524060202,0,0,0,0
524060203,0,0,0,0
524060204,39,19,20,9
524060211,0,0,0,0
524060212,9,5,4,4
524060213,17,9,8,4
524060214,9,5,4,3
524060221,0,0,0,0
524060222,0,0,0,0
524060223,0,0,0,0
524060224,10,5,5,4
524060231,0,0,0,0
524060232,0,0,0,0
524060233,0,0,0,0
524060234,0,0,0,0
524060241,0,0,0,0
524060242,9,6,3,4
524060243,0,0,0,0
524060244,5,3,2,3
524060251,0,0,0,0
524060252,0,0,0,0
524060253,33,17,16,11
524060254,0,0,0,0
524060261,11,6,5,3
524060262,0,0,0,0
524060263,0,0,0,0
524060264,0,0,0,0
524060271,0,0,0,0
524060272,0,0,0,0
524060273,0,0,0,0
524060274,0,0,0,0
524060281,0,0,0,0
524060282,0,0,0,0
524060283,0,0,0,0
524060284,0,0,0,0
524060291,0,0,0,0
524060292,0,0,0,0
524060293,0,0,0,0
524060294,0,0,0,0
524060301,0,0,0,0
524060302,0,0,0,0
524060303,0,0,0,0
524060304,0,0,0,0
524060311,43,22,21,14
524060312,0,0,0,0
524060313,39,18,21,8
524060314,44,23,21,16
524060321,0,0,0,0
524060322,2,1,1,1
524060323,0,0,0,0
524060324,5,2,3,1
524060331,1,1,0,1
524060332,0,0,0,0
524060333,11,5,6,3
524060334,5,3,2,1
524060341,0,0,0,0
524060342,6,2,4,3
524060343,0,0,0,0
524060344,0,0,0,0
524060351,12,6,6,3
524060352,16,7,9,4
524060353,0,0,0,0
524060354,0,0,0,0
524060361,0,0,0,0
524060362,0,0,0,0
524060363,0,0,0,0
524060364,0,0,0,0
524060371,0,0,0,0
524060372,0,0,0,0
524060373,0,0,0,0
524060374,0,0,0,0
524060381,0,0,0,0
524060382,0,0,0,0
524060383,0,0,0,0
524060384,0,0,0,0
524060391,0,0,0,0
524060392,0,0,0,0
524060393,0,0,0,0
524060394,0,0,0,0
524060401,0,0,0,0
524060402,0,0,0,0
524060403,0,0,0,0
524060404,0,0,0,0
524060411,0,0,0,0
524060412,44,23,21,13
524060413,21,10,11,5
524060414,29,15,14,6
524060421,3,2,1,1
524060422,4,2,2,1
524060423,0,0,0,0
524060424,7,3,4,5
524060431,7,3,4,2
524060432,0,0,0,0
524060433,18,7,11,5
524060434,0,0,0,0
524060441,0,0,0,0
524060442,0,0,0,0
524060443,0,0,0,0
524060444,0,0,0,0
524060451,0,0,0,0
524060452,11,5,6,3
524060453,0,0,0,0
524060454,62,33,29,15
524060461,0,0,0,0
524060462,0,0,0,0
524060463,0,0,0,0
524060464,0,0,0,0
524060471,0,0,0,0
524060472,0,0,0,0
524060473,0,0,0,0
524060474,0,0,0,0
524060481,0,0,0,0
524060482,0,0,0,0
524060483,0,0,0,0
524060484,0,0,0,0
524060491,0,0,0,0
524060492,0,0,0,0
524060493,0,0,0,0
524060494,0,0,0,0
524060501,0,0,0,0
524060502,0,0,0,0
524060503,0,0,0,0
524060504,0,0,0,0
524060511,38,20,18,7
524060512,35,18,17,9
524060513,18,10,8,6
524060514,19,11,8,6
524060521,36,20,16,12
524060522,18,9,9,5
524060523,83,42,41,26
524060524,16,8,8,5
524060531,2,1,1,2
524060532,0,0,0,0
524060533,0,0,0,0
524060534,0,0,0,0
524060541,0,0,0,0
524060542,0,0,0,0
524060543,0,0,0,0
524060544,0,0,0,0
524060551,14,7,7,4
524060552,4,3,1,3
524060553,0,0,0,0
524060554,29,13,16,8
524060561,0,0,0,0
524060562,0,0,0,0
524060563,0,0,0,0
524060564,0,0,0,0
524060571,0,0,0,0
524060572,0,0,0,0
524060573,0,0,0,0
524060574,0,0,0,0
524060581,0,0,0,0
524060582,0,0,0,0
524060583,0,0,0,0
524060584,0,0,0,0
524060591,0,0,0,0
524060592,3,2,1,1
524060593,0,0,0,0
524060594,0,0,0,0
524060601,0,0,0,0
524060602,0,0,0,0
524060603,0,0,0,0
524060604,2,1,1,1
524060611,0,0,0,0
524060612,89,43,46,27
524060613,16,7,9,6
524060614,21,9,12,6
524060621,101,46,55,31
524060622,0,0,0,0
524060623,0,0,0,0
524060624,0,0,0,0
524060631,0,0,0,0
524060632,0,0,0,0
524060633,0,0,0,0
524060634,0,0,0,0
524060641,0,0,0,0
524060642,0,0,0,0
524060643,0,0,0,0
524060644,0,0,0,0
524060651,0,0,0,0
524060652,13,5,8,3
524060653,0,0,0,0
524060654,40,21,19,12
524060661,2,1,1,1
524060662,0,0,0,0
524060663,33,19,14,11
524060664,0,0,0,0
524060671,0,0,0,0
524060672,0,0,0,0
524060673,18,10,8,7
524060674,59,29,30,18
524060681,0,0,0,0
524060682,0,0,0,0
524060683,17,7,10,3
524060684,0,0,0,0
524060691,0,0,0,0
524060692,0,0,0,0
524060693,2,2,0,1
524060694,0,0,0,0
524060701,40,20,20,10
524060702,14,6,8,6
524060703,40,21,19,11
524060704,19,10,9,8
524060711,68,37,31,18
524060712,13,5,8,4
524060713,28,13,15,10
524060714,0,0,0,0
524060721,0,0,0,0
524060722,0,0,0,0
524060723,0,0,0,0
524060724,0,0,0,0
524060731,0,0,0,0
524060732,0,0,0,0
524060733,0,0,0,0
524060734,0,0,0,0
524060741,0,0,0,0
524060742,0,0,0,0
524060743,0,0,0,0
524060744,0,0,0,0
524060751,0,0,0,0
524060752,66,29,37,23
524060753,0,0,0,0
524060754,5,2,3,2
524060761,71,37,34,23
524060762,55,27,28,19
524060763,55,24,31,17
524060764,110,52,58,43
524060771,21,14,7,6
524060772,66,33,33,19
524060773,186,98,88,58
524060774,74,39,35,30
524060781,38,16,22,10
524060782,90,44,46,30
524060783,58,33,25,24
524060784,45,22,23,14
524060791,77,39,38,28
524060792,21,12,9,5
524060793,33,22,11,16
524060794,127,56,71,42
524060801,57,31,26,22
524060802,0,0,0,0
524060803,26,14,12,10
524060804,0,0,0,0
524060811,0,0,0,0
524060812,0,0,0,0
524060813,0,0,0,0
524060814,0,0,0,0
524060821,0,0,0,0
524060822,0,0,0,0
524060823,0,0,0,0
524060824,0,0,0,0
524060831,0,0,0,0
524060832,0,0,0,0
524060833,0,0,0,0
524060834,0,0,0,0
524060841,0,0,0,0
524060842,0,0,0,0
524060843,0,0,0,0
524060844,0,0,0,0
524060851,0,0,0,0
524060852,0,0,0,0
524060853,53,29,24,15
524060854,23,12,11,8
524060861,5,2,3,2
524060862,38,16,22,11
524060863,71,35,36,17
524060864,46,23,23,13
524060871,100,54,46,33
524060872,89,46,43,27
524060873,5,1,4,1
524060874,0,0,0,0
524060881,0,0,0,0
524060882,0,0,0,0
524060991,0,0,0,0
524060992,0,0,0,0
524060993,0,0,0,0
524060994,0,0,0,0
524061001,0,0,0,0
524061002,0,0,0,0
524061003,0,0,0,0
524061004,42,22,20,19
524061011,0,0,0,0
524061012,0,0,0,0
524061013,9,5,4,3
524061014,0,0,0,0
524061021,0,0,0,0
524061022,0,0,0,0
524061023,0,0,0,0
524061024,0,0,0,0
524061031,0,0,0,0
524061032,0,0,0,0
524061033,0,0,0,0
524061034,0,0,0,0
524061041,0,0,0,0
524061042,0,0,0,0
524061043,0,0,0,0
524061044,0,0,0,0
524061051,0,0,0,0
524061052,0,0,0,0
524061053,0,0,0,0
524061054,0,0,0,0
524061061,0,0,0,0
524061062,15,7,8,4
524061063,0,0,0,0
524061064,0,0,0,0
524061071,0,0,0,0
524061072,0,0,0,0
524061073,0,0,0,0
524061074,0,0,0,0
524061081,47,26,21,15
524061082,33,14,19,8
524061083,16,7,9,5
524061084,0,0,0,0
524061091,0,0,0,0
524061092,12,4,8,5
524061093,0,0,0,0
524061094,0,0,0,0
524061101,0,0,0,0
524061102,25,10,15,9
524061103,0,0,0,0
524061104,5,2,3,2
524061111,0,0,0,0
524061112,0,0,0,0
524061113,0,0,0,0
524061114,0,0,0,0
524061121,0,0,0,0
524061122,0,0,0,0
524061123,0,0,0,0
524061124,0,0,0,0
524061131,0,0,0,0
524061132,0,0,0,0
524061133,0,0,0,0
524061134,0,0,0,0
524061141,0,0,0,0
524061142,5,3,2,2
524061143,0,0,0,0
524061144,0,0,0,0
524061151,15,8,7,5
524061152,0,0,0,0
524061153,11,6,5,4
524061154,14,7,7,5
524061161,0,0,0,0
524061162,0,0,0,0
524061163,0,0,0,0
524061164,0,0,0,0
524061171,0,0,0,0
524061172,0,0,0,0
524061173,0,0,0,0
524061174,0,0,0,0
524061181,0,0,0,0
524061182,0,0,0,0
524061183,0,0,0,0
524061184,0,0,0,0
524061191,0,0,0,0
524061192,8,5,3,2
524061193,0,0,0,0
524061194,0,0,0,0
524061201,0,0,0,0
524061202,16,7,9,6
524061203,0,0,0,0
524061204,0,0,0,0
524061211,0,0,0,0
524061212,0,0,0,0
524061213,1,0,1,1
524061214,0,0,0,0
524061221,0,0,0,0
524061222,0,0,0,0
524061223,0,0,0,0
524061224,0,0,0,0
524061231,0,0,0,0
524061232,0,0,0,0
524061233,0,0,0,0
524061234,0,0,0,0
524061241,0,0,0,0
524061242,0,0,0,0
524061243,0,0,0,0
524061244,0,0,0,0
524061251,0,0,0,0
524061252,19,9,10,6
524061253,0,0,0,0
524061254,38,21,17,8
524061261,0,0,0,0
524061262,0,0,0,0
524061263,0,0,0,0
524061264,0,0,0,0
524061271,0,0,0,0
524061272,0,0,0,0
524061273,0,0,0,0
524061274,0,0,0,0
524061281,0,0,0,0
524061282,0,0,0,0
524061283,0,0,0,0
524061284,0,0,0,0
524061291,0,0,0,0
524061292,0,0,0,0
524061293,0,0,0,0
524061294,0,0,0,0
524061301,0,0,0,0
524061302,0,0,0,0
524061303,0,0,0,0
524061304,0,0,0,0
524061311,11,6,5,5
524061312,0,0,0,0
524061313,0,0,0,0
524061314,0,0,0,0
524061321,0,0,0,0
524061322,0,0,0,0
524061323,0,0,0,0
524061324,0,0,0,0
524061331,7,3,4,4
524061332,0,0,0,0
524061333,0,0,0,0
524061334,0,0,0,0
524061341,0,0,0,0
524061342,0,0,0,0
524061343,0,0,0,0
524061344,0,0,0,0
524061351,0,0,0,0
524061352,2,1,1,2
524061353,0,0,0,0
524061354,8,4,4,3
524061361,0,0,0,0
524061362,0,0,0,0
524061363,0,0,0,0
524061364,0,0,0,0
524061371,0,0,0,0
524061372,0,0,0,0
524061373,0,0,0,0
524061374,0,0,0,0
524061381,0,0,0,0
524061382,0,0,0,0
524061383,0,0,0,0
524061384,14,7,7,4
524061391,0,0,0,0
524061392,0,0,0,0
524061393,0,0,0,0
524061394,0,0,0,0
524061401,0,0,0,0
524061402,0,0,0,0
524061403,0,0,0,0
524061404,0,0,0,0
524061411,0,0,0,0
524061412,0,0,0,0
524061413,0,0,0,0
524061414,0,0,0,0
524061421,0,0,0,0
524061422,0,0,0,0
524061423,4,2,2,1
524061424,0,0,0,0
524061431,0,0,0,0
524061432,0,0,0,0
524061433,0,0,0,0
524061434,0,0,0,0
524061441,0,0,0,0
524061442,0,0,0,0
524061443,0,0,0,0
524061444,0,0,0,0
524061451,0,0,0,0
524061452,0,0,0,0
524061453,0,0,0,0
524061454,0,0,0,0
524061461,0,0,0,0
524061462,0,0,0,0
524061463,0,0,0,0
524061464,0,0,0,0
524061471,4,0,4,1
524061472,31,14,17,6
524061473,2,1,1,1
524061474,5,3,2,1
524061481,0,0,0,0
524061482,21,9,12,8
524061483,32,17,15,12
524061484,0,0,0,0
524061491,0,0,0,0
524061492,0,0,0,0
524061493,19,9,10,5
524061494,0,0,0,0
524061501,0,0,0,0
524061502,0,0,0,0
524061503,0,0,0,0
524061504,0,0,0,0
524061511,0,0,0,0
524061512,0,0,0,0
524061513,0,0,0,0
524061514,5,2,3,1
524061521,14,8,6,5
524061522,0,0,0,0
524061523,9,4,5,2
524061524,0,0,0,0
524061531,0,0,0,0
524061532,0,0,0,0
524061533,0,0,0,0
524061534,0,0,0,0
524061541,6,1,5,1
524061542,33,16,17,9
524061543,6,4,2,2
524061544,83,34,49,21
524061551,14,8,6,3
524061552,0,0,0,0
524061553,0,0,0,0
524061554,25,12,13,12
524061561,0,0,0,0
524061562,0,0,0,0
524061563,0,0,0,0
524061564,0,0,0,0
524061571,17,8,9,4
524061572,0,0,0,0
524061573,25,13,12,6
524061574,14,7,7,4
524061581,23,12,11,8
524061582,0,0,0,0
524061583,17,7,10,6
524061584,0,0,0,0
524061591,0,0,0,0
524061592,0,0,0,0
524061593,0,0,0,0
524061594,0,0,0,0
524061601,3,2,1,2
524061602,76,42,34,27
524061603,19,9,10,5
524061604,66,32,34,22
524061611,10,4,6,4
524061612,1,0,1,1
524061613,0,0,0,0
524061614,7,4,3,3
524061621,0,0,0,0
524061622,24,10,14,7
524061623,0,0,0,0
524061624,0,0,0,0
524061631,0,0,0,0
524061632,0,0,0,0
524061633,6,3,3,2
524061634,0,0,0,0
524061641,28,15,13,13
524061642,31,18,13,11
524061643,3,1,2,1
524061644,0,0,0,0
524061651,0,0,0,0
524061652,0,0,0,0
524061653,0,0,0,0
524061654,0,0,0,0
524061661,0,0,0,0
524061662,11,5,6,3
524061663,0,0,0,0
524061664,26,12,14,6
524061671,20,13,7,5
524061672,3,1,2,1
524061673,0,0,0,0
524061674,0,0,0,0
524061681,30,13,17,8
524061682,0,0,0,0
524061683,15,7,8,5
524061684,7,4,3,2
524061691,0,0,0,0
524061692,0,0,0,0
524061693,0,0,0,0
524061694,0,0,0,0
524061701,47,21,26,18
524061702,0,0,0,0
524061703,11,6,5,3
524061704,0,0,0,0
524061711,0,0,0,0
524061712,0,0,0,0
524061713,0,0,0,0
524061714,0,0,0,0
524061721,0,0,0,0
524061722,0,0,0,0
524061723,77,37,40,23
524061724,41,21,20,16
524061731,0,0,0,0
524061732,6,4,2,2
524061733,0,0,0,0
524061734,26,15,11,8
524061741,83,39,44,29
524061742,0,0,0,0
524061743,39,21,18,10
524061744,0,0,0,0
524061751,0,0,0,0
524061752,0,0,0,0
524061753,0,0,0,0
524061754,0,0,0,0
524061761,3,2,1,1
524061762,29,13,16,11
524061763,9,6,3,3
524061764,10,5,5,4
524061771,0,0,0,0
524061772,7,3,4,3
524061773,0,0,0,0
524061774,47,25,22,12
524061781,29,16,13,8
524061782,0,0,0,0
524061783,0,0,0,0
524061784,0,0,0,0
524061791,0,0,0,0
524061792,7,2,5,1
524061793,0,0,0,0
524061794,20,9,11,4
524061801,0,0,0,0
524061802,0,0,0,0
524061803,0,0,0,0
524061804,0,0,0,0
524061811,0,0,0,0
524061812,0,0,0,0
524061813,0,0,0,0
524061814,0,0,0,0
524061821,0,0,0,0
524061822,0,0,0,0
524061823,0,0,0,0
524061824,0,0,0,0
524073401,15,9,6,6
524073402,131,63,68,46
524073403,39,18,21,15
524073404,164,80,84,73
524073411,161,79,82,62
524073412,250,115,135,91
524073413,206,105,101,71
524073414,241,118,123,88
524073421,52,27,25,18
524073423,86,43,43,26
524073424,0,0,0,0
524061831,32,17,15,12
524061832,61,35,26,20
524061833,43,18,25,12
524061834,49,24,25,14
524061841,0,0,0,0
524061842,48,22,26,15
524061843,0,0,0,0
524061844,0,0,0,0
524061851,10,4,6,4
524061852,0,0,0,0
524061853,2,1,1,1
524061854,0,0,0,0
524061861,65,32,33,22
524061862,3,2,1,1
524061863,39,23,16,14
524061864,11,6,5,2
524061871,0,0,0,0
524061872,7,4,3,4
524061873,0,0,0,0
524061874,12,7,5,4
524061881,53,22,31,17
524061882,0,0,0,0
524061883,15,6,9,4
524061884,69,38,31,20
524061891,0,0,0,0
524061892,3,2,1,1
524061893,94,46,48,29
524061894,74,36,38,20
524061901,0,0,0,0
524061902,0,0,0,0
524061903,0,0,0,0
524061904,0,0,0,0
524061911,0,0,0,0
524061912,0,0,0,0
524061913,0,0,0,0
524061914,0,0,0,0
524061921,0,0,0,0
524061922,0,0,0,0
524061923,28,13,15,8
524061924,47,21,26,14
524061931,21,10,11,7
524061932,128,59,69,44
524061933,83,40,43,33
524061934,7,3,4,3
524061941,8,2,6,2
524061942,1,0,1,1
524061943,0,0,0,0
524061944,0,0,0,0
524061951,3,2,1,1
524061952,0,0,0,0
524061953,0,0,0,0
524061954,46,23,23,14
524061961,13,7,6,4
524061962,12,5,7,4
524061963,52,27,25,24
524061964,43,20,23,16
524061971,0,0,0,0
524061972,0,0,0,0
524061973,43,21,22,12
524061974,20,9,11,9
524061981,38,22,16,11
524061982,96,49,47,28
524061983,107,55,52,32
524061984,40,20,20,10
524061991,46,24,22,15
524061992,169,81,88,52
524061993,0,0,0,0
524061994,29,17,12,12
524062001,0,0,0,0
524062002,14,5,9,6
524062003,17,9,8,5
524062004,23,9,14,7
524062011,61,34,27,24
524062012,53,25,28,16
524062013,54,34,20,17
524062014,6,3,3,3
524062021,11,6,5,5
524062022,0,0,0,0
524062023,0,0,0,0
524062024,0,0,0,0
524062031,0,0,0,0
524062032,0,0,0,0
524062033,0,0,0,0
524062034,69,40,29,20
524062041,150,103,47,89
524062042,34,17,17,10
524062043,103,74,29,66
524062044,43,37,6,34
524062051,0,0,0,0
524062052,5,5,0,5
524062053,0,0,0,0
524062054,0,0,0,0
524062061,134,98,36,100
524062062,152,75,77,69
524062063,0,0,0,0
524062064,0,0,0,0
524062071,13,6,7,4
524062073,16,7,9,9
524062074,1,1,0,1
524062101,22,9,13,6
524062102,15,6,9,4
524062103,0,0,0,0
524062104,42,19,23,10
524062111,27,17,10,9
524062112,0,0,0,0
524062113,12,5,7,2
524062114,0,0,0,0
524062121,0,0,0,0
524062122,0,0,0,0
524062123,27,15,12,5
524062124,0,0,0,0
524062131,0,0,0,0
524062132,52,29,23,18
524062133,7,4,3,2
524062134,87,51,36,41
524062141,59,41,18,33
524062142,0,0,0,0
524062143,3,3,0,3
524062144,0,0,0,0
524062151,0,0,0,0
524062152,0,0,0,0
524062153,0,0,0,0
524062154,0,0,0,0
524062161,0,0,0,0
524062162,0,0,0,0
524062163,36,16,20,12
524062164,22,12,10,10
524062171,8,4,4,4
524062172,165,78,87,69
524062173,152,76,76,78
524062174,410,197,213,136
524062183,137,71,66,60
524062184,63,33,30,22
524062191,0,0,0,0
524062192,0,0,0,0
524062193,648,304,344,212
524062194,34,18,16,12
524062201,12,5,7,2
524062202,72,36,36,24
524062203,0,0,0,0
524062204,23,12,11,8
524062211,10,6,4,4
524062212,46,22,24,12
524062213,21,10,11,9
524062214,53,24,29,15
524062221,48,20,28,12
524062222,20,8,12,5
524062223,50,23,27,16
524062224,0,0,0,0
524062231,94,48,46,25
524062232,84,39,45,24
524062233,65,34,31,25
524062234,46,23,23,14
524062241,0,0,0,0
524062242,0,0,0,0
524062243,0,0,0,0
524062244,0,0,0,0
524062251,0,0,0,0
524062252,0,0,0,0
524062253,0,0,0,0
524062254,11,5,6,3
524062261,36,16,20,12
524062262,76,37,39,36
524062263,12,7,5,7
524062264,26,13,13,13
524062271,206,100,106,104
524062272,126,53,73,54
524062273,167,83,84,78
524062274,141,73,68,60
524062281,673,326,347,281
524062282,579,271,308,234
524062283,305,139,166,117
524062284,723,347,376,270
524062291,747,361,386,284
524062292,4,2,2,1
524062293,122,62,60,54
524062294,0,0,0,0
524062301,0,0,0,0
524062302,0,0,0,0
524062303,0,0,0,0
524062304,0,0,0,0
524062311,36,18,18,8
524062312,26,14,12,10
524062313,0,0,0,0
524062314,74,40,34,22
524062321,38,17,21,14
524062322,39,23,16,12
524062323,56,29,27,17
524062324,93,41,52,28
524062331,108,44,64,31
524062332,10,6,4,4
524062333,148,75,73,59
524062334,22,11,11,7
524062341,0,0,0,0
524062342,0,0,0,0
524062343,0,0,0,0
524062344,0,0,0,0
524062351,0,0,0,0
524062352,51,23,28,19
524062353,0,0,0,0
524062354,31,14,17,7
524062361,33,17,16,13
524062362,0,0,0,0
524062363,104,54,50,28
524062364,0,0,0,0
524062371,137,37,100,21
524062372,26,14,12,12
524062373,29,12,17,11
524062374,25,12,13,6
524062381,83,37,46,39
524062382,498,230,268,175
524062383,2,1,1,1
524062384,195,96,99,77
524062391,68,27,41,29
524062392,0,0,0,0
524062393,0,0,0,0
524062394,5,3,2,2
524062401,0,0,0,0
524062402,0,0,0,0
524062403,0,0,0,0
524062404,0,0,0,0
524062411,6,3,3,1
524062412,74,41,33,31
524062413,52,25,27,17
524062414,272,128,144,96
524062421,76,28,48,10
524062422,7,4,3,3
524062423,57,28,29,21
524062424,43,21,22,15
524062431,104,31,73,6
524062432,0,0,0,0
524062433,0,0,0,0
524062434,0,0,0,0
524062441,0,0,0,0
524062442,0,0,0,0
524062443,0,0,0,0
524062444,0,0,0,0
524062451,0,0,0,0
524062452,0,0,0,0
524062453,0,0,0,0
524062454,11,5,6,3
524062461,85,45,40,29
524062462,66,31,35,18
524062463,5,2,3,1
524062464,46,23,23,16
524062471,0,0,0,0
524062472,50,23,27,21
524062473,35,18,17,12
524062474,16,7,9,6
524062481,25,13,12,9
524062482,69,12,57,11
524062483,70,32,38,23
524062484,35,16,19,13
524062491,79,40,39,38
524062492,64,32,32,21
524062493,59,30,29,31
524062494,19,10,9,8
524062501,0,0,0,0
524062502,0,0,0,0
524062503,0,0,0,0
524062504,33,15,18,9
524062511,83,37,46,23
524062512,75,37,38,20
524062513,106,55,51,32
524062514,42,21,21,10
524062521,32,19,13,9
524062522,5,2,3,3
524062523,0,0,0,0
524062524,0,0,0,0
524062531,0,0,0,0
524062532,0,0,0,0
524062533,0,0,0,0
524062534,0,0,0,0
524062541,0,0,0,0
524062542,0,0,0,0
524062543,0,0,0,0
524062544,2,1,1,1
524062551,0,0,0,0
524062552,48,20,28,14
524062553,0,0,0,0
524062554,13,6,7,2
524062561,45,20,25,14
524062562,50,24,26,14
524062563,14,7,7,6
524062564,44,20,24,13
524062571,83,42,41,24
524062572,19,6,13,10
524062573,118,60,58,34
524062574,109,57,52,42
524062581,8,3,5,5
524062582,0,0,0,0
524062583,15,7,8,8
524062584,0,0,0,0
524062591,81,37,44,42
524062592,98,50,48,36
524062593,50,25,25,24
524062594,62,28,34,27
524062601,0,0,0,0
524062602,43,19,24,11
524062603,0,0,0,0
524062604,15,6,9,4
524062611,94,53,41,25
524062612,2,1,1,1
524062613,98,50,48,33
524062614,3,2,1,1
524062621,0,0,0,0
524062622,18,11,7,8
524062623,0,0,0,0
524062624,44,20,24,14
524062631,45,21,24,14
524062632,9,5,4,3
524062633,18,10,8,6
524062634,11,5,6,6
524062641,7,4,3,1
524062642,25,15,10,8
524062643,4,2,2,3
524062644,1,1,0,1
524062651,0,0,0,0
524062652,0,0,0,0
524062653,0,0,0,0
524062654,0,0,0,0
524062661,0,0,0,0
524062662,1,0,1,1
524062663,0,0,0,0
524062664,0,0,0,0
524062671,64,32,32,23
524062672,139,66,73,41
524062673,23,14,9,9
524062674,46,23,23,12
524062681,0,0,0,0
524062682,18,10,8,6
524062683,55,29,26,18
524062684,51,23,28,15
524062691,0,0,0,0
524062692,4,2,2,2
524062693,5,3,2,1
524062694,13,7,6,4
524062701,22,11,11,5
524062702,35,16,19,11
524062703,31,13,18,9
524062704,16,9,7,6
524062711,89,40,49,27
524062712,69,30,39,19
524062713,6,4,2,3
524062714,31,15,16,12
524062721,127,41,86,17
524062722,40,17,23,10
524062723,32,15,17,11
524062724,0,0,0,0
524062731,0,0,0,0
524062732,0,0,0,0
524062733,0,0,0,0
524062734,0,0,0,0
524062741,0,0,0,0
524062742,0,0,0,0
524062743,0,0,0,0
524062744,0,0,0,0
524062751,0,0,0,0
524062752,0,0,0,0
524062753,0,0,0,0
524062754,1,0,1,1
524062761,2,1,1,1
524062762,0,0,0,0
524062763,2,1,1,1
524062764,0,0,0,0
524062771,11,4,7,3
524062772,56,27,29,19
524062773,39,24,15,11
524062774,53,23,30,15
524062781,31,11,20,8
524062782,21,12,9,7
524062783,86,45,41,26
524062784,0,0,0,0
524062791,0,0,0,0
524062792,8,3,5,3
524062793,0,0,0,0
524062794,32,16,16,11
524062801,29,12,17,13
524062802,0,0,0,0
524062803,8,0,8,8
524062804,0,0,0,0
524062811,0,0,0,0
524062812,0,0,0,0
524062813,0,0,0,0
524062814,0,0,0,0
524062821,0,0,0,0
524062822,0,0,0,0
524062823,0,0,0,0
524062824,0,0,0,0
524062831,0,0,0,0
524062832,0,0,0,0
524062833,0,0,0,0
524062834,0,0,0,0
524062841,0,0,0,0
524062842,0,0,0,0
524062843,0,0,0,0
524062844,4,1,3,2
524062851,30,13,17,8
524062852,4,3,1,2
524062853,45,23,22,16
524062854,0,0,0,0
524062861,0,0,0,0
524062862,0,0,0,0
524062863,0,0,0,0
524062864,0,0,0,0
524062871,0,0,0,0
524062872,33,13,20,11
524062873,8,5,3,2
524062874,2,1,1,1
524062881,48,22,26,15
524062882,10,4,6,5
524062883,29,17,12,9
524062884,49,23,26,18
524062891,29,15,14,8
524062892,55,28,27,18
524062893,44,23,21,12
524062894,112,35,77,11
524062901,69,31,38,22
524062902,84,43,41,30
524062903,57,28,29,19
524062904,60,31,29,17
524062911,189,47,142,40
524062912,0,0,0,0
524062913,55,42,13,11
524062914,0,0,0,0
524062921,0,0,0,0
524062922,0,0,0,0
524062923,0,0,0,0
524062924,26,12,14,6
524062931,0,0,0,0
524062932,0,0,0,0
524062933,17,7,10,5
524062934,7,2,5,2
524062941,0,0,0,0
524062942,20,10,10,6
524062943,0,0,0,0
524062944,4,2,2,1
524062951,73,34,39,21
524062952,12,6,6,3
524062953,72,29,43,14
524062954,21,11,10,10
524062961,0,0,0,0
524062962,0,0,0,0
524062963,0,0,0,0
524062964,18,7,11,8
524062971,61,31,30,13
524062972,58,27,31,19
524062973,19,12,7,9
524062974,95,43,52,28
524062981,33,15,18,11
524062982,0,0,0,0
524062983,3,2,1,2
524062984,0,0,0,0
524062991,23,11,12,8
524062992,30,15,15,10
524062993,72,34,38,25
524062994,5,4,1,2
524063103,2,1,1,1
524063201,1,1,0,1
524063202,0,0,0,0
524063203,0,0,0,0
524063204,0,0,0,0
524063301,0,0,0,0
524063302,0,0,0,0
524063303,17,7,10,7
524063304,12,6,6,3
524063313,0,0,0,0
524063401,23,12,11,10
524063402,0,0,0,0
524063403,4,3,1,3
524063404,37,17,20,11
524063411,36,14,22,9
524063413,141,69,72,50
524063501,18,8,10,5
524063502,43,21,22,14
524063503,50,27,23,19
524063504,45,23,22,14
524063511,91,40,51,30
524063513,24,14,10,6
524063514,0,0,0,0
524063601,223,98,125,70
524063602,94,50,44,34
524063603,82,41,41,31
524063604,297,152,145,99
524063611,1,0,1,1
524063612,11,5,6,4
524063613,56,28,28,20
524063614,175,80,95,55
524063701,4,2,2,2
524063702,167,81,86,58
524063703,0,0,0,0
524063704,108,51,57,36
524063711,77,40,37,25
524063712,28,14,14,10
524063713,94,46,48,34
524063714,72,38,34,22
524063723,0,0,0,0
524063801,0,0,0,0
524063802,11,7,4,5
524063803,6,3,3,2
524063804,96,39,57,42
524063811,495,233,262,175
524063812,197,95,102,61
524063813,438,223,215,155
524063814,264,127,137,81
524063821,20,10,10,8
524063823,44,19,25,21
524063901,52,27,25,17
524063902,318,158,160,110
524063903,22,13,9,8
524063904,504,242,262,186
524063911,589,278,311,221
524063912,150,74,76,62
524063913,869,411,458,311
524063914,733,376,357,265
524063921,162,80,82,58
524063923,331,175,156,134
524070001,30,15,15,9
524070002,0,0,0,0
524070003,176,93,83,54
524070004,28,11,17,11
524070011,0,0,0,0
524070012,0,0,0,0
524070013,0,0,0,0
524070014,0,0,0,0
524070021,0,0,0,0
524070022,0,0,0,0
524070023,0,0,0,0
524070024,0,0,0,0
524070031,23,7,16,8
524070032,77,40,37,18
524070033,103,55,48,28
524070034,102,51,51,36
524070041,453,108,345,24
524070042,304,81,223,40
524070043,28,13,15,10
524070044,171,81,90,56
524070051,92,43,49,25
524070052,9,5,4,3
524070053,80,36,44,32
524070054,0,0,0,0
524070061,0,0,0,0
524070062,0,0,0,0
524070063,0,0,0,0
524070064,0,0,0,0
524070071,0,0,0,0
524070072,0,0,0,0
524070073,0,0,0,0
524070074,0,0,0,0
524070081,3,1,2,2
524070082,0,0,0,0
524070083,0,0,0,0
524070084,0,0,0,0
524070091,0,0,0,0
524070092,0,0,0,0
524070093,0,0,0,0
524070094,0,0,0,0
524070101,28,14,14,10
524070102,263,68,195,9
524070103,12,6,6,2
524070104,0,0,0,0
524070111,0,0,0,0
524070112,0,0,0,0
524070113,0,0,0,0
524070114,0,0,0,0
524070121,0,0,0,0
524070122,0,0,0,0
524070123,0,0,0,0
524070124,0,0,0,0
524070131,0,0,0,0
524070132,42,20,22,9
524070133,0,0,0,0
524070134,0,0,0,0
524070141,70,33,37,20
524070142,23,10,13,6
524070143,24,14,10,8
524070144,19,10,9,6
524070151,87,37,50,29
524070152,0,0,0,0
524070153,0,0,0,0
524070154,0,0,0,0
524070161,0,0,0,0
524070162,0,0,0,0
524070163,0,0,0,0
524070164,0,0,0,0
524070171,0,0,0,0
524070172,0,0,0,0
524070173,0,0,0,0
524070174,0,0,0,0
524070181,0,0,0,0
524070182,0,0,0,0
524070183,0,0,0,0
524070184,0,0,0,0
524070191,0,0,0,0
524070192,0,0,0,0
524070193,19,8,11,6
524070194,2,1,1,1
524070201,0,0,0,0
524070202,0,0,0,0
524070203,11,6,5,2
524070204,17,9,8,6
524070211,0,0,0,0
524070212,0,0,0,0
524070213,0,0,0,0
524070214,0,0,0,0
524070221,0,0,0,0
524070222,0,0,0,0
524070223,0,0,0,0
524070224,0,0,0,0
524070231,70,36,34,24
524070232,9,6,3,7
524070233,0,0,0,0
524070234,25,16,9,12
524070241,59,33,26,20
524070242,62,33,29,18
524070243,109,55,54,25
524070244,7,2,5,2
524070251,115,56,59,30
524070252,0,0,0,0
524070253,124,57,67,34
524070254,57,27,30,17
524070261,0,0,0,0
524070262,0,0,0,0
524070263,0,0,0,0
524070264,0,0,0,0
524070271,0,0,0,0
524070272,0,0,0,0
524070273,22,12,10,5
524070274,0,0,0,0
524070281,0,0,0,0
524070282,0,0,0,0
524070283,0,0,0,0
524070284,0,0,0,0
524070291,24,13,11,8
524070292,61,28,33,19
524070293,0,0,0,0
524070294,0,0,0,0
524070301,0,0,0,0
524070302,3,3,0,3
524070303,0,0,0,0
524070304,0,0,0,0
524070311,0,0,0,0
524070312,14,8,6,5
524070313,0,0,0,0
524070314,2,1,1,1
524070321,25,14,11,8
524070322,0,0,0,0
524070323,0,0,0,0
524070324,37,19,18,15
524070331,0,0,0,0
524070332,22,14,8,8
524070333,26,14,12,8
524070334,58,30,28,13
524070341,11,6,5,5
524070342,39,20,19,8
524070343,28,18,10,13
524070344,5,3,2,2
524070351,51,28,23,16
524070352,93,46,47,38
524070353,82,34,48,22
524070354,31,19,12,10
524070361,11,3,8,3
524070362,38,12,26,11
524070363,106,53,53,34
524070364,25,16,9,8
524070371,67,36,31,18
524070372,35,18,17,8
524070373,19,9,10,5
524070374,43,22,21,13
524070381,0,0,0,0
524070382,0,0,0,0
524070383,0,0,0,0
524070384,25,11,14,7
524070391,0,0,0,0
524070392,6,3,3,3
524070393,0,0,0,0
524070394,0,0,0,0
524070401,0,0,0,0
524070402,0,0,0,0
524070403,0,0,0,0
524070404,0,0,0,0
524070411,0,0,0,0
524070412,0,0,0,0
524070413,0,0,0,0
524070414,6,2,4,2
524070421,3,1,2,1
524070422,0,0,0,0
524070423,0,0,0,0
524070424,0,0,0,0
524070431,0,0,0,0
524070432,0,0,0,0
524070433,0,0,0,0
524070434,3,2,1,1
524070441,14,7,7,5
524070442,21,11,10,8
524070443,81,37,44,26
524070444,43,21,22,14
524070451,105,52,53,28
524070452,74,39,35,25
524070453,82,41,41,29
524070454,56,22,34,18
524070461,53,26,27,16
524070462,87,42,45,31
524070463,36,16,20,12
524070464,128,61,67,45
524070471,0,0,0,0
524070472,0,0,0,0
524070473,0,0,0,0
524070474,0,0,0,0
524070481,0,0,0,0
524070482,15,8,7,4
524070483,0,0,0,0
524070484,2,2,0,1
524070491,0,0,0,0
524070492,0,0,0,0
524070493,2,1,1,1
524070494,16,7,9,5
524070501,0,0,0,0
524070502,0,0,0,0
524070503,0,0,0,0
524070504,0,0,0,0
524070511,0,0,0,0
524070512,0,0,0,0
524070513,0,0,0,0
524070514,0,0,0,0
524070521,0,0,0,0
524070522,0,0,0,0
524070523,0,0,0,0
524070524,0,0,0,0
524070531,0,0,0,0
524070532,0,0,0,0
524070533,0,0,0,0
524070534,0,0,0,0
524070541,0,0,0,0
524070542,0,0,0,0
524070543,20,10,10,5
524070544,35,17,18,14
524070551,9,5,4,4
524070552,52,28,24,20
524070553,110,51,59,35
524070554,145,61,84,51
524070561,406,193,213,137
524070562,12,7,5,3
524070563,544,256,288,186
524070564,117,49,68,45
524070571,5,2,3,2
524070572,0,0,0,0
524070573,8,5,3,3
524070574,0,0,0,0
524070581,2,1,1,1
524070582,6,3,3,2
524070583,69,35,34,19
524070584,29,14,15,10
524070591,9,5,4,4
524070592,38,19,19,10
524070593,39,21,18,10
524070594,0,0,0,0
524070601,16,9,7,4
524070602,0,0,0,0
524070603,7,3,4,2
524070604,0,0,0,0
524070611,0,0,0,0
524070612,7,3,4,1
524070613,0,0,0,0
524070614,0,0,0,0
524070621,0,0,0,0
524070622,3,2,1,1
524070623,0,0,0,0
524070624,0,0,0,0
524070631,0,0,0,0
524070632,0,0,0,0
524070633,0,0,0,0
524070634,10,4,6,2
524070641,56,24,32,17
524070642,109,54,55,30
524070643,126,63,63,30
524070644,68,34,34,19
524070651,8,5,3,4
524070652,51,29,22,13
524070653,58,31,27,13
524070654,155,75,80,46
524070661,100,50,50,36
524070662,24,12,12,6
524070663,0,0,0,0
524070664,0,0,0,0
524070671,3,1,2,1
524070672,0,0,0,0
524070673,0,0,0,0
524070674,119,55,64,31
524070681,43,20,23,15
524070682,0,0,0,0
524070683,4,2,2,2
524070684,0,0,0,0
524070691,0,0,0,0
524070692,0,0,0,0
524070693,0,0,0,0
524070694,0,0,0,0
524070701,42,17,25,10
524070702,0,0,0,0
524070703,8,5,3,3
524070704,6,3,3,2
524070711,0,0,0,0
524070712,0,0,0,0
524070713,0,0,0,0
524070714,0,0,0,0
524070721,0,0,0,0
524070722,0,0,0,0
524070723,0,0,0,0
524070724,0,0,0,0
524070731,8,5,3,3
524070732,86,41,45,26
524070733,45,24,21,12
524070734,195,91,104,55
524070741,78,39,39,26
524070742,56,25,31,17
524070743,46,24,22,11
524070744,291,132,159,89
524070751,164,83,81,52
524070752,69,37,32,23
524070753,101,51,50,38
524070754,101,55,46,29
524070761,82,36,46,24
524070762,0,0,0,0
524070763,4,1,3,1
524070764,0,0,0,0
524070771,38,19,19,11
524070772,51,25,26,16
524070773,21,7,14,6
524070774,0,0,0,0
524070781,0,0,0,0
524070782,0,0,0,0
524070783,0,0,0,0
524070784,0,0,0,0
524070791,0,0,0,0
524070792,0,0,0,0
524070793,0,0,0,0
524070794,0,0,0,0
524070801,48,26,22,14
524070802,21,8,13,5
524070803,36,18,18,13
524070804,0,0,0,0
524070811,0,0,0,0
524070812,0,0,0,0
524070813,0,0,0,0
524070814,0,0,0,0
524070821,0,0,0,0
524070822,61,29,32,13
524070823,0,0,0,0
524070824,99,52,47,29
524070831,104,49,55,37
524070832,29,17,12,14
524070833,169,82,87,52
524070834,90,46,44,32
524070841,63,34,29,17
524070842,206,101,105,64
524070843,174,81,93,54
524070844,97,49,48,26
524070851,104,54,50,28
524070852,9,6,3,3
524070853,3,1,2,2
524070854,30,14,16,9
524070861,4,1,3,1
524070862,62,31,31,14
524070863,161,78,83,39
524070864,105,50,55,29
524070871,96,47,49,32
524070872,0,0,0,0
524070873,1,0,1,1
524070874,0,0,0,0
524070881,0,0,0,0
524070882,20,9,11,7
524070883,0,0,0,0
524070884,0,0,0,0
524070891,7,5,2,3
524070892,0,0,0,0
524070893,112,58,54,35
524070894,160,51,109,9
524070901,17,9,8,6
524070902,4,2,2,1
524070903,71,38,33,17
524070904,11,7,4,4
524070911,46,23,23,11
524070912,4,1,3,1
524070913,13,6,7,3
524070914,0,0,0,0
524070921,1,0,1,1
524070922,84,41,43,25
524070923,44,23,21,10
524070924,67,38,29,16
524070931,6,1,5,2
524070932,54,25,29,16
524070933,41,21,20,8
524070934,82,43,39,23
524070941,2,1,1,1
524070942,300,149,151,82
524070943,51,23,28,16
524070944,168,81,87,49
524070951,188,96,92,58
524070952,132,72,60,37
524070953,0,0,0,0
524070954,0,0,0,0
524070961,69,33,36,20
524070962,7,4,3,3
524070963,18,8,10,5
524070964,0,0,0,0
524070971,0,0,0,0
524070972,0,0,0,0
524070973,0,0,0,0
524070974,0,0,0,0
524070981,0,0,0,0
524070982,0,0,0,0
524070983,0,0,0,0
524070984,0,0,0,0
524070991,0,0,0,0
524070992,0,0,0,0
524070993,0,0,0,0
524070994,0,0,0,0
524071001,0,0,0,0
524071002,0,0,0,0
524071003,0,0,0,0
524071004,0,0,0,0
524071011,0,0,0,0
524071012,0,0,0,0
524071013,0,0,0,0
524071014,11,6,5,3
524071021,2,1,1,1
524071022,3,2,1,1
524071023,69,34,35,18
524071024,64,32,32,20
524071031,108,56,52,34
524071032,0,0,0,0
524071033,32,17,15,7
524071034,0,0,0,0
524071041,0,0,0,0
524071042,7,2,5,7
524071043,0,0,0,0
524071044,5,2,3,1
524071051,84,42,42,25
524071052,237,115,122,78
524071053,67,31,36,25
524071054,0,0,0,0
524071061,125,56,69,42
524071062,15,6,9,6
524071063,0,0,0,0
524071064,5,3,2,2
524071071,87,42,45,28
524071072,106,53,53,32
524071073,59,31,28,18
524071074,5,2,3,5
524071081,28,14,14,13
524071082,0,0,0,0
524071083,2,1,1,2
524071084,0,0,0,0
524071091,0,0,0,0
524071092,7,4,3,3
524071093,0,0,0,0
524071094,61,26,35,17
524071101,3,1,2,2
524071102,0,0,0,0
524071103,0,0,0,0
524071104,0,0,0,0
524071111,0,0,0,0
524071112,0,0,0,0
524071113,0,0,0,0
524071114,0,0,0,0
524071121,24,13,11,10
524071122,45,21,24,13
524071123,16,8,8,7
524071124,115,55,60,39
524071131,36,20,16,12
524071132,0,0,0,0
524071133,74,36,38,27
524071134,0,0,0,0
524071141,0,0,0,0
524071142,0,0,0,0
524071143,0,0,0,0
524071144,0,0,0,0
524071151,4,2,2,2
524071152,0,0,0,0
524071153,0,0,0,0
524071154,0,0,0,0
524071161,0,0,0,0
524071162,25,13,12,8
524071163,69,35,34,18
524071164,121,61,60,34
524071171,29,14,15,10
524071172,0,0,0,0
524071173,3,2,1,1
524071174,0,0,0,0
524071181,0,0,0,0
524071182,0,0,0,0
524071183,0,0,0,0
524071184,0,0,0,0
524071191,7,4,3,2
524071192,17,7,10,6
524071193,0,0,0,0
524071194,0,0,0,0
524071201,0,0,0,0
524071202,0,0,0,0
524071203,0,0,0,0
524071204,0,0,0,0
524071211,0,0,0,0
524071212,0,0,0,0
524071213,0,0,0,0
524071214,57,30,27,16
524071221,33,16,17,10
524071222,99,47,52,32
524071223,18,9,9,7
524071224,58,24,34,19
524071231,22,9,13,9
524071232,0,0,0,0
524071233,8,4,4,3
524071234,7,5,2,7
524071241,0,0,0,0
524071242,0,0,0,0
524071243,7,4,3,5
524071244,0,0,0,0
524071251,0,0,0,0
524071252,5,2,3,3
524071253,0,0,0,0
524071254,0,0,0,0
524071261,50,25,25,14
524071262,12,7,5,5
524071263,14,3,11,3
524071264,0,0,0,0
524071271,0,0,0,0
524071272,0,0,0,0
524071273,0,0,0,0
524071274,0,0,0,0
524071281,0,0,0,0
524071282,0,0,0,0
524071283,0,0,0,0
524071284,25,13,12,9
524071291,0,0,0,0
524071292,5,3,2,2
524071293,20,7,13,5
524071294,102,54,48,32
524071301,0,0,0,0
524071302,0,0,0,0
524071303,0,0,0,0
524071304,24,11,13,6
524071311,0,0,0,0
524071312,7,3,4,3
524071313,1,0,1,1
524071314,15,7,8,4
524071321,37,22,15,16
524071322,0,0,0,0
524071323,1,1,0,1
524071324,0,0,0,0
524071331,25,18,7,9
524071332,0,0,0,0
524071333,0,0,0,0
524071334,0,0,0,0
524071341,0,0,0,0
524071342,0,0,0,0
524071343,0,0,0,0
524071344,0,0,0,0
524071351,0,0,0,0
524071352,0,0,0,0
524071353,0,0,0,0
524071354,0,0,0,0
524071361,0,0,0,0
524071362,0,0,0,0
524071363,0,0,0,0
524071364,0,0,0,0
524071371,0,0,0,0
524071372,0,0,0,0
524071373,0,0,0,0
524071374,0,0,0,0
524071381,0,0,0,0
524071382,54,25,29,15
524071383,0,0,0,0
524071384,0,0,0,0
524071391,547,264,283,65
524071392,174,89,85,66
524071393,173,88,85,63
524071394,376,151,225,112
524071401,34,15,19,10
524071402,0,0,0,0
524071403,0,0,0,0
524071404,0,0,0,0
524071411,6,4,2,2
524071412,103,46,57,40
524071413,0,0,0,0
524071414,91,45,46,23
524071421,0,0,0,0
524071422,0,0,0,0
524071423,53,27,26,15
524071424,0,0,0,0
524071431,0,0,0,0
524071432,0,0,0,0
524071433,0,0,0,0
524071434,0,0,0,0
524071441,0,0,0,0
524071442,5,3,2,3
524071443,44,20,24,20
524071444,3,2,1,2
524071451,0,0,0,0
524071452,15,6,9,3
524071453,0,0,0,0
524071454,4,2,2,1
524071461,0,0,0,0
524071462,0,0,0,0
524071463,4,3,1,2
524071464,0,0,0,0
524071471,0,0,0,0
524071472,0,0,0,0
524071473,3,3,0,3
524071474,0,0,0,0
524071481,0,0,0,0
524071482,0,0,0,0
524071483,0,0,0,0
524071484,0,0,0,0
524071491,129,63,66,54
524071492,540,249,291,213
524071493,260,121,139,84
524071494,213,104,109,81
524071501,33,16,17,12
524071502,0,0,0,0
524071503,0,0,0,0
524071504,8,6,2,4
524071511,20,8,12,5
524071512,28,13,15,8
524071513,9,5,4,2
524071514,84,44,40,25
524071521,23,12,11,7
524071522,17,10,7,4
524071523,28,15,13,10
524071524,0,0,0,0
524071531,0,0,0,0
524071532,5,2,3,2
524071533,0,0,0,0
524071534,5,3,2,3
524071541,0,0,0,0
524071542,11,4,7,5
524071543,0,0,0,0
524071544,25,13,12,8
524071551,6,3,3,4
524071552,0,0,0,0
524071553,0,0,0,0
524071554,9,6,3,3
524071561,0,0,0,0
524071562,0,0,0,0
524071563,17,9,8,9
524071564,7,5,2,6
524071571,2,1,1,1
524071572,0,0,0,0
524071573,0,0,0,0
524071574,0,0,0,0
524071581,0,0,0,0
524071582,86,40,46,23
524071583,0,0,0,0
524071584,69,29,40,19
524071591,310,159,151,105
524071592,219,94,125,83
524071593,155,65,90,39
524071594,95,50,45,31
524071601,0,0,0,0
524071602,11,6,5,5
524071603,0,0,0,0
524071604,0,0,0,0
524071611,60,27,33,19
524071612,89,38,51,36
524071613,11,5,6,2
524071614,92,45,47,27
524071621,73,34,39,25
524071622,0,0,0,0
524071623,3,1,2,1
524071624,0,0,0,0
524071631,0,0,0,0
524071632,5,3,2,1
524071633,0,0,0,0
524071634,0,0,0,0
524071641,0,0,0,0
524071642,0,0,0,0
524071643,5,3,2,2
524071644,0,0,0,0
524071651,0,0,0,0
524071652,0,0,0,0
524071653,0,0,0,0
524071654,0,0,0,0
524071661,0,0,0,0
524071662,0,0,0,0
524071663,0,0,0,0
524071664,0,0,0,0
524071671,0,0,0,0
524071672,0,0,0,0
524071673,33,16,17,9
524071674,37,21,16,15
524071681,0,0,0,0
524071682,3,2,1,1
524071683,4,2,2,1
524071684,180,85,95,52
524071691,77,36,41,21
524071692,28,15,13,7
524071693,150,81,69,59
524071694,9,5,4,8
524071701,0,0,0,0
524071702,0,0,0,0
524071703,0,0,0,0
524071704,6,3,3,2
524071711,4,3,1,1
524071712,120,58,62,38
524071713,39,17,22,9
524071714,20,9,11,7
524071721,49,28,21,15
524071722,0,0,0,0
524071723,9,4,5,3
524071724,0,0,0,0
524071731,0,0,0,0
524071732,0,0,0,0
524071733,0,0,0,0
524071734,0,0,0,0
524071741,0,0,0,0
524071742,23,12,11,6
524071743,42,17,25,17
524071744,0,0,0,0
524071751,0,0,0,0
524071752,8,4,4,2
524071753,16,6,10,7
524071754,0,0,0,0
524071761,0,0,0,0
524071762,1,1,0,1
524071763,0,0,0,0
524071764,0,0,0,0
524071771,37,19,18,11
524071772,0,0,0,0
524071773,4,3,1,1
524071774,0,0,0,0
524071781,0,0,0,0
524071782,5,1,4,3
524071783,4,2,2,1
524071784,0,0,0,0
524071791,147,77,70,46
524071792,76,42,34,24
524071793,2,1,1,1
524071794,17,7,10,5
524071801,0,0,0,0
524071802,0,0,0,0
524071803,0,0,0,0
524071804,12,5,7,6
524071811,67,34,33,23
524071812,95,40,55,26
524071813,64,31,33,19
524071814,120,60,60,40
524071821,112,54,58,30
524071822,10,5,5,2
524071823,11,6,5,4
524071824,3,1,2,1
524071831,0,0,0,0
524071832,0,0,0,0
524071833,2,1,1,1
524071834,30,14,16,8
524071841,14,7,7,3
524071842,0,0,0,0
524071843,0,0,0,0
524071844,0,0,0,0
524071851,66,30,36,23
524071852,0,0,0,0
524071853,14,8,6,6
524071854,5,3,2,1
524071861,0,0,0,0
524071862,0,0,0,0
524071863,0,0,0,0
524071864,9,5,4,4
524071871,18,11,7,5
524071872,14,7,7,4
524071873,111,60,51,34
524071874,0,0,0,0
524071881,0,0,0,0
524071882,0,0,0,0
524071883,0,0,0,0
524071884,0,0,0,0
524071891,0,0,0,0
524071892,0,0,0,0
524071893,0,0,0,0
524071894,47,23,24,14
524071901,0,0,0,0
524071902,0,0,0,0
524071903,0,0,0,0
524071904,0,0,0,0
524071911,42,20,22,15
524071912,69,34,35,22
524071913,28,14,14,7
524071914,53,28,25,16
524071921,11,4,7,5
524071922,0,0,0,0
524071923,0,0,0,0
524071924,0,0,0,0
524071931,1,1,0,1
524071932,58,27,31,24
524071933,13,7,6,4
524071934,75,38,37,25
524071941,0,0,0,0
524071942,0,0,0,0
524071943,0,0,0,0
524071944,0,0,0,0
524071951,0,0,0,0
524071952,0,0,0,0
524071953,0,0,0,0
524071954,0,0,0,0
524071961,0,0,0,0
524071962,103,59,44,37
524071963,9,7,2,3
524071964,75,35,40,23
524071971,0,0,0,0
524071972,0,0,0,0
524071973,16,5,11,4
524071974,9,4,5,2
524071981,0,0,0,0
524071982,0,0,0,0
524071983,24,13,11,6
524071984,4,2,2,2
524071991,31,16,15,7
524071992,47,21,26,13
524071993,26,14,12,7
524071994,37,18,19,12
524072001,124,54,70,32
524072002,55,30,25,18
524072003,110,54,56,35
524072004,11,7,4,2
524072011,0,0,0,0
524072012,0,0,0,0
524072013,17,11,6,5
524072014,0,0,0,0
524072021,0,0,0,0
524072022,5,2,3,1
524072023,0,0,0,0
524072024,0,0,0,0
524072031,43,24,19,11
524072032,50,25,25,15
524072033,0,0,0,0
524072034,57,27,30,18
524072041,24,10,14,5
524072042,14,7,7,6
524072043,28,10,18,7
524072044,56,30,26,14
524072051,31,15,16,9
524072052,9,7,2,3
524072053,18,9,9,5
524072054,10,5,5,3
524072061,0,0,0,0
524072062,0,0,0,0
524072063,16,8,8,5
524072064,46,26,20,16
524072071,111,53,58,32
524072072,39,15,24,13
524072073,39,18,21,12
524072074,54,28,26,13
524072081,7,3,4,3
524072082,0,0,0,0
524072083,0,0,0,0
524072084,4,1,3,2
524072091,65,34,31,27
524072092,34,18,16,13
524072093,16,5,11,8
524072094,13,7,6,5
524072101,31,15,16,9
524072102,58,31,27,16
524072103,83,40,43,23
524072104,66,32,34,17
524072111,15,9,6,5
524072112,0,0,0,0
524072113,37,20,17,16
524072114,0,0,0,0
524072121,0,0,0,0
524072122,0,0,0,0
524072123,0,0,0,0
524072124,0,0,0,0
524072131,27,12,15,8
524072132,55,27,28,18
524072133,21,12,9,7
524072134,27,15,12,6
524072141,19,9,10,5
524072142,44,23,21,16
524072143,13,4,9,3
524072144,16,8,8,3
524072151,47,22,25,15
524072152,65,30,35,21
524072153,47,22,25,17
524072154,17,6,11,7
524072161,57,32,25,18
524072162,52,23,29,22
524072163,60,29,31,18
524072164,39,18,21,13
524072171,96,47,49,30
524072172,65,29,36,17
524072173,180,93,87,68
524072174,133,63,70,61
524072181,0,0,0,0
524072182,0,0,0,0
524072183,40,19,21,15
524072184,24,13,11,8
524072191,0,0,0,0
524072192,53,25,28,16
524072193,0,0,0,0
524072194,48,19,29,16
524072201,144,75,69,44
524072202,77,40,37,27
524072203,26,13,13,10
524072204,0,0,0,0
524072211,1,1,0,1
524072212,0,0,0,0
524072213,0,0,0,0
524072214,0,0,0,0
524072221,0,0,0,0
524072222,34,13,21,7
524072223,0,0,0,0
524072224,39,19,20,16
524072231,58,31,27,18
524072232,0,0,0,0
524072233,62,33,29,19
524072234,18,9,9,5
524072241,5,3,2,1
524072242,0,0,0,0
524072243,14,7,7,4
524072244,0,0,0,0
524072251,0,0,0,0
524072252,0,0,0,0
524072253,3,2,1,2
524072254,1,0,1,1
524072261,0,0,0,0
524072262,56,30,26,13
524072263,43,21,22,13
524072264,27,7,20,7
524072271,6,2,4,4
524072272,20,10,10,5
524072273,37,18,19,10
524072274,55,28,27,18
524072281,37,19,18,11
524072282,42,22,20,14
524072283,15,7,8,4
524072284,0,0,0,0
524072291,4,1,3,1
524072292,0,0,0,0
524072293,0,0,0,0
524072294,0,0,0,0
524072301,10,6,4,5
524072302,0,0,0,0
524072303,55,26,29,25
524072304,60,29,31,16
524072311,0,0,0,0
524072312,6,3,3,3
524072313,16,6,10,4
524072314,48,21,27,17
524072321,39,19,20,10
524072322,27,14,13,8
524072323,95,48,47,32
524072324,202,106,96,77
524072331,89,43,46,27
524072332,20,12,8,9
524072333,124,55,69,39
524072334,52,26,26,19
524072341,44,22,22,16
524072342,53,31,22,16
524072343,189,97,92,72
524072344,544,275,269,183
524072351,11,6,5,5
524072352,8,3,5,3
524072353,329,156,173,116
524072354,153,74,79,48
524072361,67,36,31,23
524072362,15,7,8,7
524072363,150,69,81,43
524072364,35,18,17,13
524072371,74,36,38,20
524072372,40,19,21,15
524072373,34,17,17,12
524072374,0,0,0,0
524072381,0,0,0,0
524072382,0,0,0,0
524072383,0,0,0,0
524072384,0,0,0,0
524072391,4,2,2,1
524072392,0,0,0,0
524072393,52,29,23,16
524072394,22,11,11,8
524072401,157,67,90,53
524072402,25,13,12,10
524072403,254,127,127,78
524072404,75,40,35,30
524072411,40,19,21,15
524072412,75,35,40,25
524072413,114,53,61,31
524072414,18,10,8,5
524072421,71,34,37,27
524072422,25,11,14,8
524072423,47,24,23,12
524072424,9,4,5,3
524072431,13,6,7,5
524072432,21,10,11,6
524072433,0,0,0,0
524072434,83,41,42,23
524072441,134,69,65,46
524072442,177,89,88,63
524072443,45,23,22,14
524072444,84,44,40,27
524072451,140,63,77,42
524072452,74,37,37,28
524072453,213,77,136,50
524072454,32,14,18,12
524072461,44,22,22,14
524072462,34,15,19,7
524072463,16,8,8,8
524072464,23,13,10,5
524072471,0,0,0,0
524072472,0,0,0,0
524072473,28,16,12,9
524072474,20,13,7,6
524072481,17,7,10,7
524072482,23,10,13,7
524072483,48,22,26,15
524072484,38,19,19,10
524072491,26,11,15,7
524072492,5,2,3,3
524072493,73,38,35,28
524072494,58,25,33,19
524072501,7,3,4,2
524072502,20,10,10,5
524072503,36,15,21,10
524072504,70,32,38,24
524072511,108,49,59,39
524072512,6,2,4,2
524072513,58,22,36,15
524072514,0,0,0,0
524072521,108,60,48,33
524072522,60,27,33,19
524072523,24,10,14,10
524072524,33,12,21,10
524072531,77,37,40,23
524072532,8,4,4,2
524072533,0,0,0,0
524072534,0,0,0,0
524072541,42,25,17,12
524072542,72,35,37,23
524072543,60,29,31,19
524072544,131,66,65,33
524072551,95,51,44,27
524072552,44,27,17,13
524072553,33,13,20,14
524072554,54,30,24,21
524072561,58,36,22,3
524072562,0,0,0,0
524072563,71,38,33,25
524072564,36,19,17,12
524072571,54,27,27,15
524072572,34,17,17,12
524072573,18,10,8,6
524072574,63,29,34,22
524072581,37,17,20,14
524072582,5,3,2,2
524072583,74,36,38,27
524072584,23,11,12,9
524072591,27,12,15,10
524072592,19,10,9,8
524072593,42,22,20,12
524072594,137,69,68,47
524072601,104,49,55,31
524072602,101,53,48,25
524072603,67,34,33,21
524072604,47,20,27,18
524072611,44,25,19,15
524072612,0,0,0,0
524072613,3,1,2,2
524072614,0,0,0,0
524072621,0,0,0,0
524072622,52,22,30,11
524072623,0,0,0,0
524072624,1,0,1,1
524072631,30,14,16,10
524072632,55,27,28,15
524072633,52,26,26,16
524072634,19,10,9,9
524072641,0,0,0,0
524072642,48,25,23,16
524072643,0,0,0,0
524072644,17,8,9,7
524072651,104,49,55,31
524072652,78,39,39,26
524072653,28,15,13,12
524072654,122,60,62,36
524072661,8,3,5,4
524072662,56,30,26,13
524072663,160,79,81,42
524072664,96,48,48,26
524072671,13,7,6,4
524072672,45,20,25,21
524072673,20,8,12,6
524072674,143,66,77,50
524072681,49,23,26,22
524072682,238,101,137,45
524072683,128,58,70,51
524072684,87,41,46,30
524072691,134,68,66,50
524072692,184,94,90,57
524072693,31,15,16,10
524072694,121,55,66,40
524072701,7,3,4,2
524072702,0,0,0,0
524072703,0,0,0,0
524072704,0,0,0,0
524072711,0,0,0,0
524072712,0,0,0,0
524072713,0,0,0,0
524072714,0,0,0,0
524072721,14,5,9,6
524072722,62,28,34,16
524072723,0,0,0,0
524072724,16,9,7,4
524072731,58,30,28,16
524072732,74,40,34,23
524072733,7,3,4,1
524072734,51,23,28,12
524072741,10,4,6,4
524072742,51,22,29,15
524072743,96,42,54,27
524072744,81,30,51,8
524072751,8,3,5,3
524072752,69,40,29,20
524072753,54,24,30,13
524072754,43,18,25,13
524072761,53,31,22,19
524072762,82,41,41,22
524072763,21,10,11,7
524072764,33,17,16,10
524072771,7,2,5,2
524072772,237,79,158,15
524072773,66,34,32,19
524072774,4,2,2,2
524072781,14,5,9,4
524072782,81,42,39,28
524072783,0,0,0,0
524072784,91,42,49,28
524072791,90,48,42,31
524072792,65,29,36,22
524072793,82,41,41,27
524072794,148,73,75,49
524072801,0,0,0,0
524072802,23,9,14,5
524072803,0,0,0,0
524072804,0,0,0,0
524072811,0,0,0,0
524072812,0,0,0,0
524072813,4,2,2,2
524072814,0,0,0,0
524072821,0,0,0,0
524072822,0,0,0,0
524072823,0,0,0,0
524072824,0,0,0,0
524072831,5,3,2,2
524072832,0,0,0,0
524072833,7,4,3,3
524072834,8,3,5,2
524072841,0,0,0,0
524072842,61,30,31,21
524072843,69,32,37,15
524072844,23,12,11,4
524072851,26,11,15,8
524072852,54,25,29,16
524072853,56,30,26,20
524072854,90,40,50,26
524072861,33,18,15,12
524072862,27,16,11,7
524072863,28,15,13,9
524072864,55,28,27,15
524072871,36,19,17,11
524072872,91,53,38,13
524072873,80,38,42,21
524072874,16,7,9,4
524072881,15,7,8,4
524072882,44,25,19,14
524072883,33,17,16,10
524072884,19,9,10,6
524072891,122,58,64,43
524072892,424,218,206,143
524072893,130,61,69,43
524072894,466,236,230,177
524072901,0,0,0,0
524072902,0,0,0,0
524072903,0,0,0,0
524072904,0,0,0,0
524072911,38,17,21,9
524072912,30,16,14,10
524072913,0,0,0,0
524072914,55,27,28,15
524072921,6,3,3,1
524072922,0,0,0,0
524072923,70,35,35,19
524072924,0,0,0,0
524072931,4,3,1,1
524072932,0,0,0,0
524072933,14,10,4,4
524072934,13,6,7,3
524072941,25,10,15,6
524072942,53,28,25,15
524072943,0,0,0,0
524072944,48,23,25,12
524072951,66,28,38,19
524072952,25,14,11,7
524072953,13,7,6,5
524072954,19,9,10,7
524072961,0,0,0,0
524072962,46,22,24,14
524072963,43,22,21,13
524072964,22,11,11,6
524072971,60,23,37,20
524072972,50,22,28,14
524072973,8,3,5,3
524072974,29,15,14,10
524072981,64,32,32,19
524072982,37,17,20,12
524072983,40,20,20,12
524072984,19,10,9,5
524072991,61,27,34,16
524072992,72,35,37,23
524072993,22,11,11,7
524072994,65,30,35,27
524073001,73,30,43,28
524073002,422,191,231,157
524073003,28,13,15,8
524073004,193,94,99,77
524073011,619,302,317,251
524073012,981,478,503,359
524073013,321,167,154,123
524073014,569,285,284,201
524073021,828,377,451,283
524073023,3,2,1,2
524073101,242,112,130,87
524073102,386,191,195,140
524073103,216,105,111,73
524073104,264,134,130,90
524073111,224,103,121,75
524073112,427,207,220,168
524073113,143,69,74,52
524073114,118,54,64,44
524073121,0,0,0,0
524073201,39,16,23,12
524073202,55,26,29,16
524073203,13,6,7,4
524073204,12,8,4,4
524073211,162,80,82,51
524073212,254,128,126,81
524073213,104,51,53,36
524073214,130,61,69,40
524073223,0,0,0,0
524073301,0,0,0,0
524073302,2,1,1,1
524073303,40,15,25,13
524073304,126,66,60,34
524073311,77,40,37,25
524073312,312,153,159,109
524073313,228,120,108,80
524073314,240,124,116,101
524073321,15,10,5,8
524073323,11,7,4,5
524073501,59,29,30,20
524073502,249,118,131,96
524073503,174,84,90,69
524073504,507,229,278,195
524073511,674,314,360,253
524073512,229,116,113,78
524073513,397,181,216,144
524073514,85,40,45,33
524073521,23,12,11,9
524073522,0,0,0,0
524073523,49,27,22,16
524073524,23,11,12,11
524073601,174,83,91,63
524073602,30,17,13,15
524073603,230,110,120,85
524073604,110,51,59,35
524073611,111,49,62,38
524073612,74,34,40,23
524073613,52,27,25,23
524073614,6,4,2,2
524073621,40,22,18,19
524073622,82,42,40,38
524073623,160,74,86,53
524073624,71,38,33,23
524073631,2,1,1,2
524073633,32,13,19,15
524073701,133,66,67,51
524073702,170,77,93,60
524073703,252,118,134,83
524073704,136,61,75,52
524073711,118,65,53,45
524073712,83,41,42,34
524073713,56,26,30,19
524073714,155,77,78,69
524073721,179,95,84,66
524073722,87,43,44,29
524073723,94,48,46,39
524073724,55,31,24,18
524073731,0,0,0,0
524073733,0,0,0,0
524073801,431,203,228,151
524073802,394,177,217,148
524073803,197,97,100,74
524073804,25,11,14,8
524073811,108,52,56,35
524073812,64,35,29,19
524073813,52,28,24,15
524073814,160,72,88,43
524073821,119,59,60,44
524073822,12,6,6,4
524073823,208,105,103,70
524073824,7,3,4,4
524073901,52,26,26,13
524073902,59,29,30,21
524073903,91,39,52,28
524073904,16,7,9,5
524073911,12,6,6,4
524073912,187,95,92,60
524073913,56,26,30,19
524073914,73,36,37,23
524073921,128,46,82,10
524073922,0,0,0,0
524073923,0,0,0,0
533907921,28,11,17,8
533907922,124,56,68,33
533907923,8,4,4,2
533907924,27,12,15,9
533907931,14,4,10,6
533907932,242,122,120,80
533907933,93,48,45,31
533907934,227,112,115,74
533907941,970,505,465,288
533907942,1904,1008,896,805
533907943,1166,607,559,404
533907944,1075,536,539,489
533907951,1419,668,751,538
533907952,876,412,464,358
533907953,866,429,437,325
533907954,208,101,107,86
533907961,11,6,5,3
533907962,31,14,17,8
533907963,83,40,43,25
533907964,39,18,21,9
533907971,91,44,47,24
533907972,161,73,88,42
533907973,94,46,48,27
533907974,62,29,33,17
533907981,59,30,29,19
533907982,42,21,21,8
533907983,13,6,7,3
533907984,0,0,0,0
533907991,0,0,0,0
533907992,0,0,0,0
533907993,8,3,5,2
533907994,106,53,53,26
533906061,0,0,0,0
533906062,0,0,0,0
533906063,0,0,0,0
533906064,0,0,0,0
533906071,0,0,0,0
533906072,130,56,74,41
533906073,0,0,0,0
533906074,0,0,0,0
533906081,668,347,321,225
533906082,782,388,394,292
533906083,351,169,182,94
533906084,528,266,262,183
533906091,719,362,357,267
533906092,1686,925,761,622
533906093,744,382,362,287
533906094,1602,984,618,793
533906152,0,0,0,0
533906154,0,0,0,0
533906161,0,0,0,0
533906162,0,0,0,0
533906163,0,0,0,0
533906164,0,0,0,0
533906171,0,0,0,0
533906172,0,0,0,0
533906173,0,0,0,0
533906174,0,0,0,0
533906181,20,10,10,9
533906182,296,153,143,124
533906183,0,0,0,0
533906184,0,0,0,0
533906191,411,229,182,176
533906192,11,5,6,5
533906193,0,0,0,0
533906194,0,0,0,0
533906261,0,0,0,0
533906262,0,0,0,0
533906264,0,0,0,0
533906271,0,0,0,0
533906272,0,0,0,0
533906273,0,0,0,0
533906281,0,0,0,0
533906282,0,0,0,0
533906283,0,0,0,0
533906284,0,0,0,0
533906291,0,0,0,0
533906292,0,0,0,0
533906293,0,0,0,0
533906294,0,0,0,0
533906362,0,0,0,0
533906371,0,0,0,0
533906372,0,0,0,0
533906373,0,0,0,0
533906374,0,0,0,0
533906381,0,0,0,0
533906382,0,0,0,0
533906383,0,0,0,0
533906384,0,0,0,0
533906391,0,0,0,0
533906392,0,0,0,0
533906393,0,0,0,0
533906394,0,0,0,0
533906471,0,0,0,0
533906472,0,0,0,0
533906473,0,0,0,0
533906474,0,0,0,0
533906481,0,0,0,0
533906482,0,0,0,0
533906483,0,0,0,0
533906491,0,0,0,0
533906572,0,0,0,0
533907001,1979,1002,977,760
533907002,1649,797,852,666
533907003,1006,600,406,517
533907004,820,424,396,316
533907011,970,498,472,416
533907012,917,445,472,361
533907013,702,363,339,272
533907014,1489,732,757,518
533907021,1573,773,800,587
533907022,594,306,288,240
533907023,1669,834,835,575
533907024,1030,520,510,330
533907031,808,412,396,331
533907032,415,196,219,163
533907033,0,0,0,0
533907034,0,0,0,0
533907041,6,2,4,3
533907042,0,0,0,0
533907043,163,77,86,61
533907044,389,195,194,145
533907051,0,0,0,0
533907052,378,173,205,124
533907053,459,219,240,178
533907054,223,108,115,69
533907061,1267,620,647,439
533907062,32,17,15,13
533907063,965,479,486,312
533907064,15,5,10,6
533907071,0,0,0,0
533907072,0,0,0,0
533907073,0,0,0,0
533907074,2,0,2,1
533907081,0,0,0,0
533907082,0,0,0,0
533907083,34,20,14,10
533907084,77,29,48,18
533907091,4,1,3,2
533907092,189,93,96,51
533907093,0,0,0,0
533907094,89,48,41,20
533907101,45,38,7,35
533907102,64,35,29,28
533907103,0,0,0,0
533907104,0,0,0,0
533907111,384,200,184,133
533907112,1376,685,691,462
533907113,0,0,0,0
533907114,345,166,179,107
533907121,1029,524,505,397
533907122,1160,579,581,401
533907123,1275,632,643,480
533907124,1145,589,556,392
533907131,537,271,266,198
533907132,66,35,31,20
533907133,707,338,369,246
533907134,59,33,26,18
533907141,1036,523,513,386
533907142,1501,706,795,568
533907143,198,103,95,75
533907144,45,22,23,12
533907151,810,400,410,336
533907152,1053,504,549,367
533907153,36,20,16,10
533907154,125,61,64,45
533907161,1201,578,623,477
533907162,77,40,37,16
533907163,317,143,174,107
533907164,64,37,27,19
533907171,0,0,0,0
533907172,19,8,11,6
533907173,27,13,14,8
533907174,28,15,13,9
533907181,194,97,97,46
533907182,57,32,25,19
533907183,44,22,22,11
533907184,4,2,2,1
533907191,0,0,0,0
533907192,29,15,14,6
533907193,438,325,113,8
533907194,0,0,0,0
533907201,0,0,0,0
533907202,0,0,0,0
533907203,0,0,0,0
533907204,0,0,0,0
533907211,0,0,0,0
533907212,29,14,15,7
533907213,0,0,0,0
533907214,0,0,0,0
533907221,238,110,128,72
533907222,492,253,239,173
533907223,0,0,0,0
533907224,232,105,127,82
533907231,140,66,74,52
533907232,63,29,34,14
533907233,360,178,182,135
533907234,104,55,49,37
533907241,52,29,23,22
533907242,17,8,9,5
533907243,50,26,24,18
533907244,1058,518,540,395
533907251,23,9,14,8
533907252,12,6,6,6
533907253,248,127,121,94
533907254,0,0,0,0
533907261,13,6,7,4
533907262,102,53,49,35
533907263,0,0,0,0
533907264,302,143,159,102
533907271,45,20,25,15
533907272,21,10,11,8
533907273,189,92,97,47
533907274,43,24,19,11
533907281,35,13,22,9
533907282,17,8,9,4
533907283,25,15,10,7
533907284,15,7,8,4
533907291,13,6,7,4
533907292,11,5,6,2
533907293,25,14,11,6
533907294,3,2,1,1
533907301,0,0,0,0
533907302,0,0,0,0
533907303,0,0,0,0
533907311,0,0,0,0
533907312,0,0,0,0
533907313,0,0,0,0
533907314,0,0,0,0
533907321,0,0,0,0
533907322,7,3,4,1
533907323,0,0,0,0
533907324,0,0,0,0
533907331,676,341,335,233
533907332,369,157,212,139
533907333,983,496,487,339
533907334,667,350,317,251
533907341,294,139,155,117
533907342,1749,932,817,637
533907343,464,218,246,167
533907344,324,157,167,126
533907351,6,3,3,3
533907352,136,71,65,40
533907353,0,0,0,0
533907354,1084,541,543,332
533907361,9,4,5,3
533907362,125,62,63,37
533907363,395,200,195,130
533907364,32,14,18,9
533907371,16,7,9,5
533907372,12,8,4,3
533907373,17,9,8,5
533907374,0,0,0,0
533907381,12,6,6,2
533907382,16,10,6,4
533907383,2,1,1,1
533907384,37,18,19,11
533907391,18,7,11,4
533907392,0,0,0,0
533907393,0,0,0,0
533907394,3,1,2,1
533907411,0,0,0,0
533907412,0,0,0,0
533907413,0,0,0,0
533907414,0,0,0,0
533907421,16,16,0,16
533907422,0,0,0,0
533907423,0,0,0,0
533907424,7,5,2,3
533907431,291,152,139,131
533907432,988,518,470,414
533907433,41,41,0,41
533907434,1080,556,524,475
533907441,800,378,422,313
533907442,166,82,84,53
533907443,1421,678,743,591
533907444,319,163,156,134
533907451,212,112,100,79
533907452,1150,584,566,382
533907453,935,460,475,336
533907454,996,504,492,380
533907461,639,323,316,219
533907462,394,197,197,167
533907463,1459,748,711,566
533907464,791,411,380,338
533907471,7,5,2,2
533907472,29,18,11,8
533907473,241,115,126,80
533907474,79,44,35,32
533907481,31,15,16,8
533907482,7,5,2,2
533907483,5,2,3,2
533907484,9,4,5,4
533907491,0,0,0,0
533907492,0,0,0,0
533907493,9,5,4,3
533907494,17,7,10,4
533907512,0,0,0,0
533907521,0,0,0,0
533907522,0,0,0,0
533907524,0,0,0,0
533907531,188,90,98,87
533907532,1522,714,808,580
533907533,74,42,32,29
533907534,1151,542,609,482
533907541,1363,667,696,555
533907542,875,424,451,384
533907543,688,328,360,294
533907544,1568,796,772,752
533907551,1072,555,517,453
533907552,969,482,487,374
533907553,814,423,391,356
533907554,1620,807,813,607
533907561,1611,784,827,612
533907562,866,446,420,326
533907563,1967,1048,919,811
533907564,1704,863,841,660
533907571,133,70,63,49
533907572,170,65,105,45
533907573,455,228,227,167
533907574,34,19,15,13
533907581,0,0,0,0
533907582,72,35,37,18
533907583,5,2,3,1
533907584,80,39,41,18
533907591,24,9,15,7
533907592,54,28,26,13
533907593,83,46,37,25
533907594,33,15,18,8
533907623,0,0,0,0
533907624,0,0,0,0
533907631,43,20,23,20
533907632,1192,576,616,493
533907633,533,410,123,108
533907634,1087,523,564,427
533907641,1172,573,599,547
533907642,1091,564,527,488
533907643,157,71,86,48
533907644,537,263,274,217
533907651,1093,526,567,444
533907652,1178,575,603,455
533907653,841,425,416,326
533907654,1180,583,597,508
533907661,1381,809,572,390
533907662,1748,852,896,643
533907663,1893,913,980,750
533907664,1536,776,760,559
533907671,683,331,352,262
533907672,8,5,3,4
533907673,1230,598,632,486
533907674,79,38,41,23
533907681,322,160,162,141
533907682,609,297,312,260
533907683,81,44,37,24
533907684,229,108,121,77
533907691,45,19,26,14
533907692,0,0,0,0
533907693,175,82,93,64
533907694,0,0,0,0
533907721,0,0,0,0
533907722,0,0,0,0
533907723,0,0,0,0
533907724,0,0,0,0
533907731,38,17,21,15
533907732,987,490,497,375
533907733,296,144,152,106
533907734,670,349,321,253
533907741,156,74,82,48
533907742,335,150,185,111
533907743,90,39,51,27
533907744,931,388,543,240
533907751,182,92,90,79
533907752,116,54,62,38
533907753,413,206,207,158
533907754,340,174,166,115
533907761,641,330,311,243
533907762,198,95,103,71
533907763,77,40,37,21
533907764,56,28,28,15
533907771,186,92,94,55
533907772,196,80,116,34
533907773,143,76,67,40
533907774,139,68,71,40
533907781,61,33,28,14
533907782,115,59,56,34
533907783,86,46,40,24
533907784,22,11,11,7
533907791,5,3,2,3
533907792,0,0,0,0
533907793,101,53,48,23
533907794,42,21,21,11
533907814,0,0,0,0
533907821,0,0,0,0
533907822,0,0,0,0
533907823,78,43,35,24
533907824,47,21,26,12
533907831,671,345,326,244
533907832,652,344,308,252
533907833,183,82,101,62
533907834,790,403,387,273
533907841,94,48,46,39
533907842,215,109,106,75
533907843,736,367,369,264
533907844,334,176,158,118
533907851,151,87,64,79
533907852,63,34,29,20
533907853,509,241,268,170
533907854,968,453,515,308
533907861,45,24,21,15
533907862,204,101,103,49
533907863,50,23,27,15
533907864,125,65,60,33
533907871,29,14,15,11
533907872,40,19,21,12
533907873,76,39,37,19
533907874,340,145,195,72
533907881,59,28,31,19
533907882,67,33,34,21
533907883,70,45,25,9
533907884,65,35,30,18
533907891,9,5,4,3
533907892,33,17,16,7
533907893,13,8,5,3
533907894,0,0,0,0
533907912,0,0,0,0
533907914,0,0,0,0
533916594,0,0,0,0
533917012,0,0,0,0
533917014,19,10,9,5
533917021,49,23,26,17
533917022,189,90,99,50
533917023,180,84,96,45
533917024,151,79,72,36
533917031,83,39,44,28
533917032,132,71,61,52
533917033,54,32,22,13
533917034,74,35,39,23
533917041,585,305,280,243
533917042,289,149,140,112
533917043,11,6,5,4
533917044,85,38,47,36
533917051,39,16,23,16
533917052,54,31,23,16
533917053,98,57,41,27
533917054,154,81,73,50
533917061,693,333,360,247
533917062,365,181,184,125
533917063,590,302,288,217
533917064,1378,663,715,507
533917071,0,0,0,0
533917072,0,0,0,0
533917073,725,354,371,263
533917074,164,80,84,53
533917081,182,79,103,49
533917082,423,205,218,116
533917083,125,58,67,44
533917084,124,68,56,66
533917091,85,45,40,25
533917092,218,118,100,63
533917093,104,48,56,30
533917094,3,1,2,1
533917121,17,8,9,4
533917122,99,47,52,29
533917123,44,22,22,10
533917124,533,256,277,147
533917131,23,9,14,7
533917132,174,84,90,52
533917133,68,31,37,20
533917134,152,68,84,44
533917141,39,17,22,13
533917142,5,3,2,2
533917143,324,151,173,96
533917144,133,64,69,37
533917151,135,57,78,33
533917152,305,147,158,90
533917153,228,115,113,62
533917154,0,0,0,0
533917161,514,254,260,182
533917162,1374,669,705,484
533917163,134,66,68,59
533917164,874,447,427,352
533917171,1025,543,482,406
533917172,142,68,74,42
533917173,1414,729,685,494
533917174,808,408,400,297
533917181,42,25,17,10
533917182,25,10,15,8
533917183,44,23,21,12
533917184,68,35,33,22
533917191,14,6,8,4
533917192,58,25,33,12
533917193,75,32,43,22
533917194,80,44,36,20
533917222,72,37,35,23
533917231,186,86,100,51
533917232,98,42,56,14
533917233,0,0,0,0
533917234,160,74,86,47
533917241,583,276,307,168
533917242,109,54,55,32
533917243,180,94,86,49
533917244,36,19,17,10
533917251,327,158,169,89
533917252,0,0,0,0
533917253,49,25,24,17
533917254,4,2,2,1
533917261,0,0,0,0
533917262,256,128,128,83
533917263,226,116,110,64
533917264,474,242,232,149
533917271,844,397,447,284
533917272,713,358,355,256
533917273,76,39,37,21
533917274,1019,518,501,383
533917281,125,69,56,44
533917282,82,37,45,25
533917283,509,248,261,184
533917284,320,208,112,177
533917291,67,39,28,22
533917292,276,139,137,80
533917293,840,420,420,295
533917294,1509,730,779,479
533917342,0,0,0,0
533917351,119,60,59,37
533917352,82,40,42,23
533917354,0,0,0,0
533917361,5,2,3,2
533917362,0,0,0,0
533917363,0,0,0,0
533917364,0,0,0,0
533917371,0,0,0,0
533917372,0,0,0,0
533917373,0,0,0,0
533917374,0,0,0,0
533917381,352,176,176,127
533917382,802,419,383,294
533917383,0,0,0,0
533917384,9,4,5,2
533917391,2744,1308,1436,987
533917392,1431,723,708,518
533917393,550,320,230,280
533917394,974,479,495,383
533917461,0,0,0,0
533917462,0,0,0,0
533917463,0,0,0,0
533917464,0,0,0,0
533917471,0,0,0,0
533917472,0,0,0,0
533917473,0,0,0,0
533917474,0,0,0,0
533917481,0,0,0,0
533917482,0,0,0,0
533917483,0,0,0,0
533917484,0,0,0,0
533917491,48,26,22,18
533917492,321,182,139,188
533917493,0,0,0,0
533917494,0,0,0,0
533917501,0,0,0,0
533917503,0,0,0,0
533917562,0,0,0,0
533917571,0,0,0,0
533917572,0,0,0,0
533917573,0,0,0,0
533917574,0,0,0,0
533917581,0,0,0,0
533917582,0,0,0,0
533917583,0,0,0,0
533917584,0,0,0,0
533917591,0,0,0,0
533917592,0,0,0,0
533917593,0,0,0,0
533917594,0,0,0,0
533917671,0,0,0,0
533917672,0,0,0,0
533917674,0,0,0,0
533917681,0,0,0,0
533917682,0,0,0,0
533917683,0,0,0,0
533917684,0,0,0,0
533917691,0,0,0,0
533917692,0,0,0,0
533917693,0,0,0,0
533917694,0,0,0,0
533917792,0,0,0,0
533936494,0,0,0,0
533936592,0,0,0,0
533936594,0,0,0,0
533936692,0,0,0,0
533936694,0,0,0,0
533937314,0,0,0,0
533937403,0,0,0,0
533937404,0,0,0,0
533937412,0,0,0,0
533937413,0,0,0,0
533937414,0,0,0,0
533937421,0,0,0,0
533937423,0,0,0,0
533937424,0,0,0,0
533937501,2,2,0,2
533937502,2,2,0,2
533937503,0,0,0,0
533937504,0,0,0,0
533937511,0,0,0,0
533937512,2,1,1,1
533937513,0,0,0,0
533937514,12,12,0,12
533937521,0,0,0,0
533937522,0,0,0,0
533937523,2,2,0,2
533937524,0,0,0,0
533937531,2,2,0,2
533937533,1,1,0,1
533937534,150,39,111,4
533937543,0,0,0,0
533937601,0,0,0,0
533937602,282,117,165,86
533937603,100,43,57,29
533937604,1998,935,1063,700
533937611,1694,786,908,542
533937612,639,310,329,232
533937613,1984,1067,917,914
533937614,2185,1050,1135,767
533937621,6,5,1,4
533937622,986,474,512,337
533937623,1522,720,802,538
533937624,2243,1115,1128,1009
533937631,1845,906,939,554
533937632,1793,895,898,618
533937633,2510,1236,1274,786
533937634,5002,2470,2532,1780
533937641,0,0,0,0
533937642,0,0,0,0
533937643,3092,1531,1561,1068
533937644,0,0,0,0
533937653,0,0,0,0
533937701,2253,1138,1115,861
533937702,1746,989,757,907
533937704,2812,1483,1329,1267
533937711,3710,1896,1814,1772
533937712,1627,803,824,644
533937713,4535,2376,2159,2247
533937714,4441,2291,2150,1669
533937721,5397,2643,2754,2014
533937722,2877,1452,1425,1571
533937723,1634,770,864,559
533937724,4246,2030,2216,1566
533937731,864,432,432,325
533937732,2517,1289,1228,921
533937733,3356,1623,1733,1262
533937734,4017,1958,2059,1486
533937741,4436,2206,2230,1414
533937742,0,0,0,0
533937743,3755,1890,1865,1281
533937744,3,2,1,2
533937751,0,0,0,0
533937802,508,273,235,213
533937804,1917,1037,880,798
533937811,4459,2304,2155,2047
533937812,4132,2166,1966,1877
533937813,3438,1876,1562,1811
533937814,4161,2133,2028,2160
533937821,1565,818,747,718
533937822,4702,2223,2479,1705
533937823,3527,1895,1632,1665
533937824,2143,1167,976,1045
533937831,4959,2402,2557,1803
533937832,1664,838,826,774
533937833,996,484,512,366
533937834,0,0,0,0
533937841,77,77,0,77
533937884,0,0,0,0
533937893,0,0,0,0
533937894,0,0,0,0
533937902,4785,2647,2138,2090
533937904,2947,1621,1326,1418
533937911,4386,2268,2118,2111
533937912,3875,2005,1870,1799
533937913,3882,2162,1720,2446
533937914,5475,2897,2578,3064
533937921,4428,2317,2111,2009
533937922,3508,1791,1717,1386
533937923,4562,2528,2034,2165
533937924,2686,1358,1328,1107
533937931,790,418,372,413
533937932,0,0,0,0
533937933,1264,609,655,692
533937934,4,4,0,1
533937943,0,0,0,0
533937944,0,0,0,0
533937982,0,0,0,0
533937984,0,0,0,0
533937991,0,0,0,0
533937992,0,0,0,0
533937993,0,0,0,0
533937994,0,0,0,0
533947002,1509,835,674,665
533947004,3723,1917,1806,1407
533947011,5879,3105,2774,2936
533947012,6584,3502,3082,3665
533947013,4996,2647,2349,2318
533947014,4945,2743,2202,2827
533947021,5525,3013,2512,2998
533947022,2508,1394,1114,1205
533947023,4650,2510,2140,2623
533947024,5222,2800,2422,2497
533947031,790,395,395,267
533947032,0,0,0,0
533947033,1502,787,715,682
533947034,187,95,92,65
533947041,0,0,0,0
533947042,0,0,0,0
533947043,0,0,0,0
533947044,0,0,0,0
533947051,3,2,1,3
533947052,0,0,0,0
533947053,0,0,0,0
533947054,0,0,0,0
533947063,0,0,0,0
533947064,0,0,0,0
533947072,0,0,0,0
533947073,7,6,1,6
533947074,0,0,0,0
533947081,0,0,0,0
533947082,0,0,0,0
533947083,0,0,0,0
533947084,0,0,0,0
533947091,0,0,0,0
533947092,0,0,0,0
533947093,0,0,0,0
533947094,0,0,0,0
533947102,2609,1285,1324,1052
533947104,3778,1845,1933,1667
533947111,3311,1790,1521,1465
533947112,4739,2666,2073,2612
533947113,2005,1043,962,904
533947114,3512,1792,1720,1549
533947121,6140,3455,2685,3478
533947122,6797,3712,3085,3522
533947123,3643,1891,1752,1646
533947124,6224,3275,2949,3305
533947131,6078,3252,2826,3056
533947132,6175,3123,3052,2525
533947133,4133,2212,1921,2401
533947134,6288,3419,2869,3242
533947141,1973,1034,939,765
533947142,40,39,1,39
533947143,6138,3145,2993,2481
533947144,33,17,16,14
533947151,0,0,0,0
533947152,0,0,0,0
533947153,0,0,0,0
533947154,0,0,0,0
533947161,0,0,0,0
533947162,0,0,0,0
533947163,0,0,0,0
533947164,0,0,0,0
533947171,0,0,0,0
533947172,0,0,0,0
533947173,0,0,0,0
533947174,0,0,0,0
533947181,0,0,0,0
533947182,0,0,0,0
533947183,0,0,0,0
533947184,0,0,0,0
533947191,450,210,240,224
533947192,1628,811,817,690
533947193,451,210,241,222
533947194,1795,905,890,809
533947221,4563,2214,2349,1758
533947222,2246,1189,1057,1070
533947224,3690,1786,1904,1373
533947231,4242,2248,1994,2445
533947232,5308,2850,2458,2619
533947233,3609,1895,1714,1613
533947234,5267,2749,2518,2434
533947241,5732,3038,2694,2546
533947242,1783,902,881,692
533947243,6487,3412,3075,3091
533947244,1717,899,818,733
533947251,1,1,0,1
533947252,17,14,3,12
533947253,0,0,0,0
533947254,0,0,0,0
533947261,0,0,0,0
533947262,1,1,0,1
533947263,0,0,0,0
533947264,0,0,0,0
533947271,1,1,0,1
533947272,37,27,10,23
533947273,3,2,1,3
533947274,352,198,154,176
533947281,533,332,201,276
533947282,0,0,0,0
533947283,2059,1203,856,997
533947284,777,423,354,372
533947291,708,349,359,236
533947292,182,95,87,79
533947293,5130,2524,2606,2066
533947294,2111,1121,990,1065
533947331,1265,652,613,512
533947332,2750,1416,1334,1232
533947333,4062,1878,2184,1762
533947334,3094,1693,1401,1295
533947341,5064,2608,2456,2180
533947342,577,315,262,274
533947343,1920,999,921,700
533947344,725,380,345,330
533947351,69,34,35,24
533947352,146,66,80,47
533947353,1952,1043,909,891
533947354,183,115,68,102
533947361,121,65,56,46
533947362,1512,826,686,641
533947363,456,226,230,174
533947364,1013,648,365,541
533947371,0,0,0,0
533947372,242,128,114,87
533947373,471,258,213,218
533947374,1721,979,742,770
533947381,4321,2196,2125,1881
533947382,2391,1211,1180,1055
533947383,3878,2021,1857,2035
533947384,4013,1979,2034,1969
533947391,3087,1512,1575,1448
533947392,2673,1303,1370,1091
533947393,4706,2347,2359,2323
533947394,2934,1498,1436,1230
533947431,2378,1205,1173,860
533947432,480,244,236,182
533947433,296,150,146,114
533947434,1243,637,606,492
533947441,513,279,234,233
533947442,4031,2231,1800,1995
533947443,378,196,182,165
533947444,3815,1981,1834,1560
533947451,3625,1943,1682,1950
533947452,3041,1657,1384,1505
533947453,4390,2280,2110,1985
533947454,5122,2613,2509,2099
533947461,2617,1333,1284,1145
533947462,2548,1385,1163,1190
533947463,3744,2056,1688,1953
533947464,3583,1775,1808,1787
533947471,3651,1928,1723,1721
533947472,3351,1732,1619,1415
533947473,2781,1416,1365,1249
533947474,2677,1282,1395,1194
533947481,3220,1688,1532,1686
533947482,2631,1303,1328,1500
533947483,3273,1691,1582,1456
533947484,3188,1633,1555,1660
533947491,4107,1999,2108,2037
533947492,3516,1762,1754,1240
533947493,2215,1180,1035,1112
533947494,493,244,249,197
533947522,1528,814,714,644
533947524,1137,565,572,460
533947531,979,482,497,408
533947532,2055,1060,995,855
533947533,2976,1543,1433,1275
533947534,3138,1699,1439,1481
533947541,1190,611,579,449
533947542,3534,1807,1727,1392
533947543,5064,2630,2434,2604
533947544,2691,1358,1333,1193
533947551,6922,3553,3369,3083
533947552,6382,3254,3128,2809
533947553,4524,2272,2252,2398
533947554,3609,1797,1812,1804
533947561,3943,2357,1586,2349
533947562,2025,1049,976,1189
533947563,3387,1830,1557,1475
533947564,2866,1558,1308,1292
533947571,1898,1008,890,841
533947572,2539,1248,1291,1032
533947573,2357,1267,1090,937
533947574,3740,1957,1783,1472
533947581,1286,642,644,639
533947582,2505,1310,1195,1160
533947583,3293,1663,1630,1157
533947584,3687,1813,1874,1453
533947591,2920,1441,1479,1100
533947592,745,393,352,282
533947593,3605,1754,1851,1397
533947594,1999,1013,986,720
533947614,1229,622,607,440
533947621,789,389,400,302
533947622,4185,2183,2002,1866
533947623,1786,891,895,817
533947624,5299,2758,2541,2522
533947631,4265,2205,2060,1836
533947632,5477,2779,2698,2547
533947633,4500,2360,2140,2197
533947634,4169,2143,2026,2160
533947641,6205,3155,3050,3447
533947642,2786,1433,1353,1463
533947643,3197,1490,1707,1630
533947644,2361,1158,1203,1037
533947651,3455,1706,1749,1641
533947652,2463,1212,1251,1121
533947653,3238,1590,1648,1336
533947654,2669,1383,1286,956
533947661,3037,1571,1466,1262
533947662,2138,1092,1046,803
533947663,2783,1407,1376,1135
533947664,239,119,120,96
533947671,1718,993,725,756
533947672,3727,1956,1771,1818
533947673,1012,529,483,394
533947674,1999,1041,958,806
533947681,1773,895,878,676
533947682,3924,1986,1938,1418
533947683,2677,1328,1349,999
533947684,2834,1415,1419,1174
533947691,3316,1599,1717,1304
533947692,1264,595,669,474
533947693,3056,1515,1541,1079
533947694,1094,532,562,401
533947712,499,260,239,225
533947714,1669,830,839,645
533947721,4928,2582,2346,2633
533947722,4962,2521,2441,2766
533947723,5751,2982,2769,2911
533947724,4180,2039,2141,2380
533947731,3131,1555,1576,1644
533947732,2610,1253,1357,1204
533947733,2376,1170,1206,1176
533947734,2282,1074,1208,945
533947741,2951,1440,1511,1316
533947742,2742,1291,1451,1097
533947743,3611,1739,1872,1445
533947744,3392,1648,1744,1377
533947751,2764,1420,1344,1119
533947752,2507,1253,1254,854
533947753,2816,1398,1418,1085
533947754,1563,759,804,578
533947761,2568,1308,1260,898
533947762,869,443,426,367
533947763,1842,924,918,647
533947764,2388,1188,1200,904
533947771,1130,599,531,479
533947772,1998,1080,918,824
533947773,2453,1252,1201,1023
533947774,1627,811,816,605
533947781,1723,897,826,593
533947782,1491,727,764,571
533947783,1639,827,812,568
533947784,1644,818,826,558
533947791,608,289,319,253
533947792,1136,566,570,433
533947793,653,324,329,266
533947794,96,49,47,32
533947812,1476,730,746,570
533947821,3057,1559,1498,1592
533947822,3461,1736,1725,1745
533947823,2251,1087,1164,1087
533947824,2180,1065,1115,1008
533947831,2595,1274,1321,1132
533947832,2531,1256,1275,1115
533947833,2586,1295,1291,1059
533947834,1821,893,928,679
533947841,2591,1286,1305,1090
533947842,2741,1344,1397,1141
533947843,2564,1294,1270,1017
533947844,1755,890,865,670
533947851,3006,1517,1489,1111
533947852,1310,632,678,484
533947853,2526,1249,1277,863
533947854,1263,622,641,431
533947861,270,128,142,94
533947862,1837,883,954,647
533947863,1660,821,839,544
533947864,1744,894,850,664
533947871,1571,776,795,602
533947872,1990,1060,930,775
533947873,1018,538,480,385
533947874,1032,493,539,338
533947881,1513,755,758,560
533947882,2161,1075,1086,762
533947883,1092,579,513,424
533947884,1222,581,641,440
533947891,1827,860,967,656
533947892,577,294,283,203
533947893,2081,1005,1076,807
533947894,1306,652,654,493
533947912,975,455,520,359
533947913,854,438,416,321
533947914,207,106,101,76
533947921,278,141,137,50
533947922,1310,691,619,557
533947923,1677,813,864,669
533947924,1634,801,833,675
533947931,1954,974,980,727
533947932,2166,1086,1080,807
533947933,588,300,288,227
533947934,862,431,431,301
533947941,2210,1118,1092,830
533947942,2551,1268,1283,964
533947943,3465,1735,1730,1255
533947944,2051,1013,1038,706
533947951,2335,1196,1139,905
533947952,2420,1231,1189,886
533947953,1891,1012,879,802
533947954,1795,866,929,656
533947961,5310,2592,2718,1806
533947962,1137,543,594,370
533947963,2428,1220,1208,941
533947964,905,465,440,337
533947971,614,290,324,200
533947972,26,11,15,7
533947973,417,216,201,131
533947974,86,43,43,29
533947981,2872,1418,1454,928
533947982,1471,705,766,566
533947983,178,99,79,62
533947984,1861,936,925,652
533947991,2672,1314,1358,1101
533947992,1860,899,961,700
533947993,3237,1595,1642,1243
533947994,2257,1109,1148,816
533967643,1720,853,867,338
533967644,868,449,419,308
533967651,195,101,94,76
533967652,100,57,43,62
533967653,1338,631,707,411
533967654,114,59,55,36
533967661,68,33,35,27
533967662,816,450,366,319
533967663,316,171,145,124
533967664,1018,531,487,407
533967671,2018,1003,1015,702
533967672,1587,789,798,532
533967673,3914,1897,2017,1376
533967674,3406,1660,1746,1132
533967681,1944,975,969,715
533967682,3361,1694,1667,1243
533967683,2859,1388,1471,972
533967684,1851,914,937,651
533967691,1999,977,1022,828
533967692,1212,610,602,409
533967693,905,452,453,295
533967694,817,409,408,258
533967704,11,6,5,3
533967711,36,18,18,9
533967712,284,114,170,69
533967713,8,4,4,2
533967714,426,209,217,151
533967721,2685,1287,1398,978
533967722,2312,1120,1192,907
533967723,1107,547,560,390
533967724,1745,862,883,755
533967731,2429,1186,1243,915
533967732,2617,1301,1316,921
533967733,2666,1345,1321,1101
533967734,1629,783,846,562
533967741,502,254,248,177
533967742,470,228,242,136
533967743,1193,597,596,427
533967744,47,25,22,16
533957002,2066,1035,1031,799
533957004,256,132,124,98
533957011,4,2,2,2
533957012,1102,571,531,485
533957013,128,77,51,58
533957014,1596,828,768,730
533957021,1623,805,818,642
533957022,2694,1321,1373,982
533957023,2224,1093,1131,746
533957024,2061,1011,1050,742
533957031,1537,746,791,556
533957032,646,319,327,224
533957033,183,95,88,77
533957034,307,156,151,113
533957041,2589,1294,1295,905
533957042,1376,699,677,475
533957043,1564,790,774,580
533957044,2132,1165,967,1061
533957051,1937,967,970,703
533957052,1048,520,528,386
533957053,2264,977,1287,807
533957054,778,427,351,339
533957061,1574,828,746,605
533957062,638,315,323,218
533957063,1983,1034,949,814
533957064,1992,1029,963,725
533957071,160,68,92,45
533957072,416,133,283,65
533957073,312,144,168,116
533957074,74,40,34,3
533957081,184,90,94,49
533957082,3653,1782,1871,1413
533957083,146,72,74,46
533957084,317,150,167,111
533957091,3067,1492,1575,1046
533957092,2255,1139,1116,804
533957093,637,318,319,212
533957094,1357,657,700,494
533957102,24,12,12,5
533957103,651,312,339,279
533957104,32,16,16,12
533957111,101,57,44,38
533957112,2273,1158,1115,927
533957113,14,6,8,6
533957114,1671,819,852,735
533957121,2055,1054,1001,839
533957122,1752,870,882,640
533957123,2168,1115,1053,836
533957124,2279,1147,1132,816
533957131,1638,827,811,617
533957132,219,109,110,78
533957133,1299,639,660,472
533957134,281,130,151,104
533957141,2241,1114,1127,749
533957142,444,216,228,152
533957143,1531,768,763,542
533957144,544,271,273,178
533957151,197,102,95,79
533957152,179,93,86,50
533957153,193,99,94,69
533957154,92,52,40,30
533957161,895,423,472,276
533957162,1039,518,521,387
533957163,383,155,228,86
533957164,127,50,77,21
533957171,154,79,75,51
533957172,1,1,0,1
533957173,19,11,8,5
533957174,0,0,0,0
533957181,112,67,45,47
533957182,203,105,98,55
533957183,25,13,12,6
533957184,21,8,13,8
533957191,1054,511,543,364
533957192,1639,790,849,644
533957193,2391,1188,1203,843
533957194,2529,1254,1275,1025
533957201,2070,1015,1055,986
533957202,668,352,316,279
533957203,3198,1516,1682,1330
533957204,419,208,211,156
533957211,365,177,188,131
533957212,1294,640,654,496
533957213,2775,1444,1331,1016
533957214,1791,926,865,725
533957221,2601,1369,1232,1021
533957222,2427,1205,1222,908
533957223,3371,1664,1707,1186
533957224,2786,1399,1387,1030
533957231,826,396,430,300
533957232,652,324,328,233
533957233,1770,884,886,667
533957234,205,96,109,61
533957241,965,477,488,359
533957242,458,234,224,150
533957243,282,142,140,86
533957244,184,96,88,67
533957251,623,342,281,262
533957252,348,191,157,133
533957253,597,300,297,233
533957254,839,469,370,398
533957261,80,41,39,32
533957262,821,411,410,283
533957263,90,46,44,29
533957264,1697,783,914,712
533957271,193,94,99,61
533957272,136,66,70,49
533957273,613,290,323,302
533957274,127,58,69,38
533957281,0,0,0,0
533957282,1207,590,617,419
533957283,23,10,13,8
533957284,1876,947,929,662
533957291,3428,1716,1712,1283
533957292,2183,1092,1091,840
533957293,2910,1470,1440,1115
533957294,1492,725,767,542
533957302,1353,691,662,425
533957311,351,180,171,145
533957312,2557,1324,1233,1186
533957313,129,58,71,44
533957314,2057,1028,1029,1082
533957321,2355,1203,1152,1031
533957322,2714,1445,1269,1220
533957323,3553,1750,1803,1627
533957324,3029,1492,1537,1310
533957331,1592,803,789,615
533957332,476,225,251,135
533957333,4150,2122,2028,1737
533957334,711,367,344,260
533957341,1750,894,856,604
533957342,472,230,242,156
533957343,844,430,414,320
533957344,3531,1741,1790,1252
533957351,1431,723,708,497
533957352,142,71,71,54
533957353,2099,1038,1061,711
533957354,82,43,39,23
533957361,267,138,129,111
533957362,1891,946,945,732
533957363,0,0,0,0
533957364,68,39,29,29
533957371,1905,994,911,732
533957372,1351,685,666,512
533957373,786,383,403,280
533957374,2805,1439,1366,1134
533957381,401,221,180,157
533957382,748,375,373,283
533957383,459,230,229,173
533957384,618,310,308,220
533957391,1506,720,786,623
533957392,1147,582,565,457
533957393,588,295,293,218
533957394,389,172,217,140
533957411,227,114,113,89
533957412,2775,1451,1324,1662
533957413,556,288,268,297
533957414,3676,1902,1774,1858
533957421,2718,1364,1354,1427
533957422,3252,1666,1586,1462
533957423,4494,2226,2268,2281
533957424,3310,1732,1578,1522
533957431,3294,1601,1693,1276
533957432,2251,1155,1096,951
533957433,3106,1573,1533,1519
533957434,2884,1415,1469,1368
533957441,3599,1768,1831,1520
533957442,3353,1682,1671,1360
533957443,2928,1467,1461,1374
533957444,3172,1611,1561,1413
533957451,1529,799,730,615
533957452,1015,516,499,371
533957453,2357,1135,1222,1063
533957454,3761,1821,1940,1398
533957461,196,80,116,54
533957462,736,219,517,174
533957463,2198,1087,1111,874
533957464,2569,1275,1294,970
533957471,2362,1195,1167,921
533957472,1997,1005,992,760
533957473,2538,1261,1277,958
533957474,2866,1599,1267,1035
533957481,1192,590,602,419
533957482,932,342,590,99
533957483,2804,1437,1367,1203
533957484,945,452,493,318
533957491,140,72,68,35
533957492,227,114,113,62
533957493,753,379,374,253
533957494,1204,580,624,462
533957511,930,486,444,404
533957512,2158,1079,1079,858
533957513,137,80,57,58
533957514,1799,892,907,709
533957521,2282,1161,1121,1106
533957522,2917,1501,1416,1253
533957523,1648,821,827,655
533957524,3110,1593,1517,1473
533957531,2411,1244,1167,988
533957532,2910,1449,1461,1074
533957533,3131,1615,1516,1424
533957534,2307,1170,1137,963
533957541,2559,1246,1313,1015
533957542,2913,1461,1452,1144
533957543,1840,965,875,715
533957544,547,279,268,226
533957551,3701,1887,1814,1628
533957552,3236,1633,1603,1279
533957553,1461,730,731,616
533957554,3331,1624,1707,1390
533957561,3234,1670,1564,1369
533957562,2935,1510,1425,1329
533957563,3703,1796,1907,1694
533957564,3463,1641,1822,1684
533957571,2619,1305,1314,1072
533957572,3133,1518,1615,1159
533957573,3058,1513,1545,1271
533957574,2512,1249,1263,978
533957581,2803,1352,1451,1029
533957582,1810,868,942,574
533957583,2517,1234,1283,884
533957584,4746,2355,2391,1535
533957591,2370,1207,1163,849
533957592,2590,1306,1284,1008
533957593,3009,1480,1529,1067
533957594,3209,1601,1608,1172
533957611,212,102,110,58
533957612,1913,971,942,707
533957613,373,187,186,126
533957614,2008,1009,999,756
533957621,3361,1754,1607,1461
533957622,899,492,407,563
533957623,2866,1480,1386,1147
533957624,1215,647,568,480
533957631,2656,1370,1286,1313
533957632,2788,1419,1369,1088
533957633,2465,1280,1185,1212
533957634,2780,1426,1354,1197
533957641,1131,575,556,473
533957642,446,231,215,161
533957643,2443,1230,1213,946
533957644,1245,602,643,435
533957651,108,57,51,41
533957652,2185,1102,1083,1007
533957653,476,228,248,156
533957654,901,405,496,310
533957661,3837,1942,1895,2212
533957662,3596,1824,1772,1491
533957663,1290,631,659,543
533957664,827,416,411,287
533957671,2184,1063,1121,787
533957672,3030,1516,1514,1079
533957673,1222,570,652,313
533957674,2400,1178,1222,817
533957681,2752,1376,1376,930
533957682,2526,1225,1301,854
533957683,2702,1342,1360,926
533957684,1616,836,780,505
533957691,2797,1395,1402,952
533957692,2118,1040,1078,700
533957693,2146,1066,1080,748
533957694,1911,956,955,650
533957711,412,212,200,147
533957712,917,474,443,343
533957713,71,41,30,41
533957714,823,411,412,265
533957721,2920,1486,1434,1143
533957722,3453,1790,1663,1389
533957723,2438,1202,1236,873
533957724,3996,2024,1972,1821
533957731,2105,1083,1022,1059
533957732,3080,1596,1484,1503
533957733,3099,1635,1464,1514
533957734,3027,1539,1488,1401
533957741,2534,1262,1272,904
533957742,2807,1392,1415,999
533957743,2329,1175,1154,948
533957744,3098,1526,1572,1011
533957751,2517,1231,1286,953
533957752,1685,845,840,623
533957753,2110,1033,1077,800
533957754,2420,1172,1248,964
533957761,1341,674,667,465
533957762,2577,1301,1276,844
533957763,2536,1231,1305,913
533957764,2679,1331,1348,953
533957771,2689,1327,1362,895
533957772,2106,1018,1088,754
533957773,1996,1017,979,677
533957774,1692,847,845,556
533957781,170,71,99,36
533957782,185,91,94,62
533957783,119,57,62,33
533957784,309,159,150,100
533957791,1091,554,537,397
533957792,1181,601,580,465
533957793,77,38,39,31
533957794,239,130,109,89
533957811,17,11,6,6
533957812,352,112,240,42
533957813,49,25,24,14
533957814,149,75,74,44
533957821,1254,610,644,421
533957822,4054,2065,1989,1544
533957823,631,315,316,221
533957824,2412,1236,1176,908
533957831,3771,1910,1861,1557
533957832,3576,1888,1688,1502
533957833,6208,3051,3157,2603
533957834,2127,1128,999,956
533957841,1661,842,819,623
533957842,1729,871,858,653
533957843,1891,943,948,686
533957844,2559,1283,1276,981
533957851,2590,1286,1304,982
533957852,2745,1309,1436,1126
533957853,1967,1017,950,784
533957854,3130,1558,1572,1302
533957861,2634,1281,1353,1074
533957862,975,484,491,277
533957863,2928,1444,1484,1130
533957864,1685,794,891,581
533957871,1854,899,955,679
533957872,1682,807,875,574
533957873,2153,1049,1104,718
533957874,2581,1247,1334,932
533957881,2235,1114,1121,803
533957882,871,423,448,293
533957883,2696,1292,1404,941
533957884,2702,1311,1391,1069
533957891,103,53,50,33
533957892,176,87,89,54
533957893,1351,652,699,518
533957894,432,191,241,103
533957911,77,36,41,16
533957912,185,88,97,59
533957913,112,66,46,36
533957914,384,204,180,153
533957921,2013,958,1055,725
533957922,5071,2524,2547,1949
533957923,4009,1952,2057,1477
533957924,2470,1214,1256,919
533957931,4185,2091,2094,1785
533957932,3304,1672,1632,1552
533957933,3507,1773,1734,1467
533957934,2886,1517,1369,1368
533957941,2695,1360,1335,1155
533957942,2674,1365,1309,1173
533957943,3097,1542,1555,1432
533957944,3187,1540,1647,1323
533957951,2395,1207,1188,957
533957952,1461,730,731,499
533957953,2221,1120,1101,877
533957954,1525,708,817,519
533957961,2147,1017,1130,792
533957962,2663,1274,1389,1132
533957963,330,164,166,91
533957964,3226,1586,1640,1208
533957971,2100,1029,1071,775
533957972,2476,1204,1272,923
533957973,2880,1425,1455,1016
533957974,2594,1240,1354,914
533957981,1686,862,824,687
533957982,2473,1197,1276,932
533957983,1760,871,889,662
533957984,1886,914,972,663
533957991,2333,1146,1187,806
533957992,211,101,110,69
533957993,358,159,199,131
533957994,657,314,343,200
533966994,56,23,33,14
533967011,75,35,40,23
533967012,1578,794,784,621
533967013,423,211,212,143
533967014,4421,2216,2205,1615
533967021,2667,1376,1291,1242
533967022,2626,1343,1283,1092
533967023,3360,1680,1680,1470
533967024,2820,1360,1460,1086
533967031,1852,975,877,791
533967032,2756,1399,1357,1111
533967033,3020,1483,1537,1156
533967034,2112,1038,1074,762
533967041,3407,1725,1682,1371
533967042,2290,1138,1152,1004
533967043,1805,891,914,652
533967044,1758,891,867,709
533967051,2991,1480,1511,1159
533967052,2379,1169,1210,886
533967053,1529,748,781,560
533967054,2735,1358,1377,1054
533967061,1615,810,805,551
533967062,2302,1170,1132,895
533967063,2972,1449,1523,1266
533967064,3381,1666,1715,1397
533967071,2911,1389,1522,1148
533967072,946,454,492,343
533967073,3166,1514,1652,1230
533967074,3564,1751,1813,1179
533967081,1088,541,547,404
533967082,916,455,461,298
533967083,368,191,177,115
533967084,147,68,79,45
533967091,69,31,38,15
533967092,1218,599,619,450
533967093,89,45,44,25
533967094,1549,794,755,514
533967111,298,142,156,114
533967112,2149,1069,1080,778
533967113,447,213,234,171
533967114,1148,570,578,417
533967121,2002,1013,989,818
533967122,1082,538,544,415
533967123,2131,1029,1102,768
533967124,275,132,143,92
533967131,1569,793,776,629
533967132,1576,792,784,539
533967133,1091,544,547,385
533967134,1042,524,518,369
533967141,1947,961,986,665
533967142,728,358,370,246
533967143,880,408,472,296
533967144,190,95,95,64
533967151,418,211,207,134
533967152,2996,1470,1526,1210
533967153,449,238,211,149
533967154,2482,1217,1265,997
533967161,2731,1370,1361,1386
533967162,1802,933,869,826
533967163,2419,1209,1210,1149
533967164,2558,1352,1206,1140
533967171,2943,1462,1481,1117
533967172,2962,1513,1449,1099
533967173,3392,1756,1636,1337
533967174,1645,835,810,658
533967181,784,413,371,265
533967182,257,127,130,72
533967183,2148,1077,1071,817
533967184,1628,785,843,582
533967191,132,66,66,35
533967192,2231,1117,1114,768
533967193,284,130,154,96
533967194,1575,773,802,591
533967211,1451,733,718,541
533967212,1008,470,538,356
533967214,629,300,329,230
533967221,1997,965,1032,758
533967222,1717,826,891,559
533967223,2221,1083,1138,806
533967224,1304,615,689,475
533967231,197,102,95,54
533967232,93,44,49,34
533967233,300,147,153,96
533967234,79,45,34,28
533967241,156,78,78,53
533967242,560,278,282,188
533967243,413,199,214,150
533967244,388,193,195,130
533967251,1093,549,544,356
533967252,2794,1423,1371,1015
533967253,1364,680,684,473
533967254,2110,1044,1066,724
533967261,2218,1187,1031,905
533967262,2878,1392,1486,1146
533967263,2597,1285,1312,926
533967264,2570,1307,1263,1019
533967271,2636,1356,1280,1052
533967272,2233,1127,1106,978
533967273,3070,1555,1515,1381
533967274,3168,1658,1510,1528
533967281,3281,1619,1662,1302
533967282,3174,1584,1590,1320
533967283,3812,1899,1913,1672
533967284,2769,1370,1399,1192
533967291,615,305,310,231
533967292,42,18,24,15
533967293,1196,593,603,393
533967294,167,84,83,52
533967312,118,58,60,45
533967314,133,52,81,7
533967321,2165,1095,1070,741
533967322,3217,1562,1655,1100
533967323,1848,915,933,646
533967324,1378,686,692,486
533967331,237,122,115,75
533967332,253,131,122,76
533967333,273,138,135,92
533967334,262,126,136,80
533967341,319,167,152,100
533967342,838,390,448,255
533967343,643,304,339,232
533967344,2131,1049,1082,779
533967351,2525,1208,1317,917
533967352,1942,965,977,666
533967353,2268,1191,1077,984
533967354,1671,848,823,665
533967361,1991,1018,973,831
533967362,3438,1725,1713,1563
533967363,2557,1269,1288,1065
533967364,4782,2376,2406,2396
533967371,3122,1573,1549,1426
533967372,2495,1339,1156,1445
533967373,2929,1519,1410,1555
533967374,1739,878,861,966
533967381,3007,1573,1434,1524
533967382,2084,1060,1024,916
533967383,2904,1453,1451,1370
533967384,2523,1232,1291,885
533967391,1444,737,707,506
533967392,1075,560,515,342
533967393,689,348,341,249
533967394,165,88,77,57
533967412,25,12,13,7
533967414,0,0,0,0
533967421,409,199,210,125
533967422,539,280,259,175
533967423,158,77,81,50
533967424,59,30,29,20
533967431,3,1,2,1
533967432,117,59,58,36
533967433,137,75,62,64
533967434,290,146,144,111
533967441,838,417,421,292
533967442,1396,708,688,581
533967443,199,106,93,83
533967444,558,281,277,212
533967451,2410,1221,1189,1117
533967452,2853,1371,1482,1108
533967453,395,194,201,135
533967454,1351,673,678,540
533967461,1734,871,863,679
533967462,3417,1621,1796,1392
533967463,1311,638,673,456
533967464,938,460,478,354
533967471,2265,1130,1135,994
533967472,3464,1751,1713,1561
533967473,822,447,375,332
533967474,514,271,243,217
533967481,2030,1000,1030,756
533967482,650,332,318,362
533967483,1897,968,929,735
533967484,1025,448,577,397
533967491,555,296,259,275
533967492,307,157,150,106
533967493,1682,836,846,824
533967494,2103,1012,1091,736
533967512,0,0,0,0
533967513,19,10,9,6
533967514,15,8,7,4
533967521,138,70,68,42
533967522,59,30,29,17
533967523,176,82,94,58
533967524,1554,753,801,551
533967531,921,476,445,349
533967532,915,455,460,335
533967533,2541,1245,1296,961
533967534,3324,1594,1730,1201
533967541,346,175,171,107
533967542,270,131,139,108
533967543,1194,593,601,427
533967544,509,254,255,192
533967551,1879,976,903,775
533967552,1460,709,751,546
533967553,756,375,381,322
533967554,306,168,138,118
533967561,1557,824,733,643
533967562,1408,698,710,467
533967563,382,221,161,163
533967564,1207,601,606,426
533967571,1831,898,933,646
533967572,1117,555,562,391
533967573,972,481,491,344
533967574,1786,887,899,585
533967581,852,376,476,243
533967582,699,358,341,333
533967583,2376,1176,1200,792
533967584,2624,1314,1310,1011
533967591,1426,754,672,645
533967592,2374,1204,1170,991
533967593,2814,1395,1419,1056
533967594,1814,913,901,663
533967611,11,5,6,2
533967612,34,18,16,9
533967613,11,6,5,4
533967614,279,139,140,89
533967621,252,122,130,70
533967622,783,375,408,277
533967623,962,452,510,318
533967624,1344,647,697,467
533967631,2458,1217,1241,982
533967632,2709,1391,1318,1105
533967633,2077,1026,1051,754
533967634,2414,1241,1173,865
533967641,3427,1694,1733,1254
533967642,547,270,277,188
533967751,425,199,226,151
533967752,6,3,3,2
533967753,242,107,135,240
533967754,404,240,164,181
533967761,134,69,65,49
533967762,660,337,323,252
533967763,108,56,52,35
533967764,1266,663,603,506
533967771,1861,941,920,680
533967772,1815,892,923,594
533967773,2034,1009,1025,697
533967774,586,293,293,183
533967781,1151,579,572,417
533967782,179,71,108,52
533967783,597,290,307,173
533967784,3,1,2,1
533967791,408,201,207,119
533967792,442,230,212,125
533967793,0,0,0,0
533967794,35,18,17,11
533967802,52,24,28,14
533967803,0,0,0,0
533967804,27,13,14,6
533967811,0,0,0,0
533967812,495,234,261,167
533967813,147,36,111,18
533967814,555,278,277,201
533967821,2121,1090,1031,833
533967822,2183,1095,1088,953
533967823,1130,582,548,470
533967824,2152,1046,1106,743
533967831,2440,1175,1265,890
533967832,2979,1459,1520,1031
533967833,2199,1014,1185,723
533967834,861,447,414,309
533967841,1244,655,589,443
533967842,36,20,16,9
533967843,329,175,154,115
533967844,62,24,38,18
533967851,128,71,57,57
533967852,0,0,0,0
533967853,8,2,6,3
533967854,0,0,0,0
533967861,85,44,41,30
533967862,1156,602,554,398
533967863,44,31,13,26
533967864,556,293,263,202
533967871,1786,896,890,569
533967872,1785,858,927,607
533967873,554,280,274,143
533967874,598,276,322,202
533967881,243,131,112,80
533967882,0,0,0,0
533967883,0,0,0,0
533967884,0,0,0,0
533967891,0,0,0,0
533967892,0,0,0,0
533967893,0,0,0,0
533967894,0,0,0,0
533967901,59,28,31,17
533967902,8,4,4,2
533967903,231,111,120,60
533967904,0,0,0,0
533967911,66,35,31,19
533967912,503,239,264,122
533967913,109,59,50,42
533967914,237,133,104,105
533967921,1625,850,775,685
533967922,2082,1104,978,854
533967923,1453,822,631,780
533967924,1748,938,810,868
533967931,2454,1220,1234,816
533967932,18,10,8,6
533967933,1394,688,706,509
533967934,735,340,395,255
533967941,118,59,59,36
533967942,181,82,99,42
533967943,137,72,65,35
533967944,152,76,76,42
533967951,69,37,32,20
533967952,77,41,36,25
533967953,137,78,59,55
533967954,285,144,141,100
533967961,189,108,81,81
533967962,130,57,73,32
533967963,158,95,63,63
533967964,84,35,49,20
533967971,163,85,78,48
533967972,55,28,27,17
533967973,0,0,0,0
533967974,0,0,0,0
533967981,0,0,0,0
533967982,0,0,0,0
533967983,0,0,0,0
533967984,0,0,0,0
533967991,0,0,0,0
533967992,0,0,0,0
533967993,0,0,0,0
533976092,173,85,88,42
533976093,29,19,10,9
533976094,96,47,49,31
533976184,39,19,20,11
533976191,27,14,13,7
533976192,54,26,28,15
533976193,135,73,62,34
533976194,120,61,59,40
533976274,86,44,42,29
533976281,15,8,7,5
533976282,313,156,157,107
533976283,275,124,151,96
533976284,1318,631,687,469
533976291,1499,745,754,501
533976292,1560,785,775,528
533976293,1568,753,815,591
533976294,1289,655,634,479
533976371,78,40,38,24
533976372,403,208,195,126
533976373,56,29,27,15
533976374,236,114,122,78
533976381,1431,692,739,509
533976382,2543,1206,1337,962
533976383,1737,851,886,621
533976384,1885,906,979,677
533976391,415,200,215,150
533976392,237,118,119,77
533976393,1461,734,727,546
533976394,1474,752,722,573
533976464,184,88,96,55
533976471,0,0,0,0
533976472,601,284,317,219
533976473,59,28,31,19
533976474,42,23,19,10
533976481,1363,673,690,458
533976482,1764,847,917,624
533976483,793,403,390,282
533976484,1371,694,677,523
533976491,1012,515,497,407
533976492,1374,659,715,515
533976493,958,437,521,307
533976494,962,488,474,364
533976562,55,29,26,21
533976564,40,20,20,10
533976571,210,115,95,64
533976572,48,26,22,15
533976573,175,91,84,55
533976574,69,33,36,19
533976581,303,149,154,108
533976582,553,271,282,213
533976583,49,24,25,12
533976584,212,108,104,67
533976591,521,256,265,175
533976592,1373,711,662,483
533976593,302,149,153,97
533976594,294,153,141,105
533976661,97,45,52,32
533976662,407,191,216,130
533976663,536,261,275,180
533976664,1975,977,998,690
533976671,353,174,179,118
533976672,553,284,269,159
533976673,1369,662,707,449
533976674,1012,500,512,384
533976681,268,130,138,85
533976682,275,144,131,93
533976683,151,81,70,54
533976684,207,102,105,61
533976691,92,44,48,25
533976692,13,7,6,5
533976693,5,2,3,2
533976694,20,11,9,5
533976761,1100,551,549,471
533976762,2027,980,1047,832
533976763,971,475,496,365
533976764,1195,594,601,464
533976771,1618,793,825,550
533976772,1673,835,838,590
533976773,1843,938,905,723
533976774,1369,711,658,486
533976781,563,271,292,177
533976782,368,188,180,114
533976783,285,143,142,95
533976784,377,187,190,122
533976791,19,9,10,4
533976792,143,71,72,34
533976793,47,23,24,12
533976794,94,49,45,28
533976852,728,354,374,227
533976854,102,51,51,32
533976861,764,396,368,246
533976862,1369,685,684,504
533976863,355,174,181,118
533976864,185,97,88,66
533976871,2344,1155,1189,873
533976872,1075,545,530,372
533976873,484,225,259,162
533976874,779,398,381,232
533976881,99,48,51,31
533976882,234,126,108,64
533976883,69,35,34,17
533976884,155,75,80,46
533976891,298,147,151,85
533976892,54,26,28,14
533976893,134,71,63,32
533976894,0,0,0,0
533976951,189,98,91,58
533976952,90,47,43,25
533976953,23,12,11,7
533976954,118,66,52,29
533976961,61,30,31,17
533976962,0,0,0,0
533976963,50,42,8,41
533976964,83,37,46,25
533976971,754,418,336,353
533976972,283,143,140,88
533976973,311,162,149,106
533976974,100,44,56,26
533976981,188,95,93,53
533976982,186,94,92,51
533976983,61,32,29,18
533976984,38,16,22,10
533976991,97,46,51,28
533976992,13,8,5,3
533976993,5,3,2,1
533976994,11,6,5,3
533977001,13,6,7,3
533977002,199,101,98,50
533977003,40,22,18,11
533977004,495,247,248,145
533977011,798,411,387,263
533977012,1264,746,518,648
533977013,1524,821,703,615
533977014,1606,826,780,634
533977021,2414,1460,954,1385
533977022,600,293,307,288
533977023,2493,1263,1230,932
533977024,138,83,55,88
533977031,88,45,43,33
533977032,191,88,103,66
533977033,161,90,71,59
533977034,115,68,47,38
533977041,23,10,13,6
533977042,11,4,7,3
533977043,122,60,62,36
533977044,38,22,16,11
533977051,153,83,70,48
533977052,222,110,112,65
533977053,135,66,69,41
533977054,267,144,123,85
533977061,151,73,78,42
533977062,8,4,4,4
533977063,57,30,27,14
533977064,0,0,0,0
533977071,0,0,0,0
533977072,0,0,0,0
533977073,0,0,0,0
533977074,0,0,0,0
533977081,0,0,0,0
533977082,0,0,0,0
533977083,0,0,0,0
533977101,76,38,38,21
533977102,779,377,402,244
533977103,1356,668,688,472
533977104,1536,775,761,533
533977111,1472,764,708,628
533977112,1393,736,657,525
533977113,1202,593,609,470
533977114,689,362,327,267
533977121,563,300,263,211
533977122,14,8,6,4
533977123,51,25,26,18
533977124,0,0,0,0
533977131,40,21,19,11
533977132,72,40,32,21
533977133,134,69,65,32
533977134,130,63,67,39
533977141,266,93,173,44
533977142,74,35,39,8
533977143,48,25,23,14
533977144,27,16,11,8
533977151,61,29,32,14
533977152,128,61,67,33
533977153,72,38,34,22
533977154,0,0,0,0
533977161,0,0,0,0
533977162,0,0,0,0
533977163,0,0,0,0
533977164,0,0,0,0
533977171,0,0,0,0
533977172,0,0,0,0
533977201,2172,1046,1126,767
533977202,1847,900,947,576
533977203,1420,697,723,534
533977204,1422,713,709,483
533977211,1418,743,675,549
533977212,232,86,146,48
533977213,197,112,85,69
533977214,0,0,0,0
533977221,33,18,15,10
533977222,60,31,29,15
533977223,233,115,118,69
533977224,663,327,336,205
533977231,64,33,31,19
533977232,1144,576,568,341
533977233,1176,594,582,365
533977234,979,485,494,317
533977241,19,12,7,5
533977242,174,81,93,55
533977243,131,65,66,35
533977244,184,90,94,52
533977251,0,0,0,0
533977252,0,0,0,0
533977253,0,0,0,0
533977254,0,0,0,0
533977261,0,0,0,0
533977301,2007,979,1028,715
533977302,819,400,419,291
533977303,861,433,428,312
533977304,501,247,254,186
533977311,268,118,150,70
533977312,337,179,158,112
533977313,113,56,57,36
533977314,189,87,102,67
533977321,1234,623,611,458
533977322,714,351,363,225
533977323,622,314,308,231
533977324,133,65,68,45
533977331,149,75,74,49
533977332,380,197,183,127
533977333,311,165,146,104
533977334,169,84,85,48
533977341,99,47,52,29
533977342,3,2,1,2
533977343,30,14,16,6
533977344,0,0,0,0
533977401,502,248,254,167
533977402,134,68,66,44
533977403,602,318,284,218
533977404,177,88,89,59
533977411,46,22,24,15
533977412,58,25,33,15
533977413,0,0,0,0
533977414,24,12,12,5
533977421,151,69,82,41
533977422,228,114,114,71
533977423,38,21,17,15
533977424,320,159,161,45
533977431,50,25,25,11
533977432,76,37,39,23
533977433,164,78,86,43
533977434,65,31,34,16
533977441,3,1,2,1
533977442,0,0,0,0
533977443,0,0,0,0
533977444,0,0,0,0
533977501,1076,561,515,370
533977502,529,215,314,130
533977503,655,318,337,116
533977504,397,187,210,108
533977511,264,131,133,78
533977512,45,21,24,15
533977513,355,181,174,107
533977514,122,64,58,33
533977521,27,14,13,9
533977522,39,20,19,11
533977523,160,78,82,45
533977524,119,65,54,30
533977531,227,109,118,52
533977532,113,57,56,30
533977533,82,46,36,19
533977534,0,0,0,0
533977541,0,0,0,0
533977542,0,0,0,0
533977543,0,0,0,0
533977544,0,0,0,0
533977551,0,0,0,0
533977553,0,0,0,0
533977601,147,68,79,44
533977602,224,109,115,62
533977603,222,102,120,61
533977604,26,15,11,6
533977611,128,56,72,40
533977612,66,36,30,16
533977613,0,0,0,0
533977614,6,2,4,1
533977621,88,40,48,22
533977622,132,67,65,32
533977623,0,0,0,0
533977624,0,0,0,0
533977631,0,0,0,0
533977632,0,0,0,0
533977633,0,0,0,0
533977641,0,0,0,0
533977642,0,0,0,0
533977701,45,21,24,9
533977702,29,15,14,8
533977703,29,10,19,10
533977704,110,57,53,32
533977711,14,7,7,4
533977712,15,9,6,5
533977713,20,9,11,5
533977714,31,18,13,9
533977721,0,0,0,0
533977801,0,0,0,0
533977802,6,3,3,3
533977803,4,2,2,1
533977804,0,0,0,0
533977811,32,20,12,8
533977901,96,46,50,24
533977902,10,3,7,4
533977903,36,21,15,8
534000151,0,0,0,0
534000152,0,0,0,0
534000153,24,12,12,8
534000154,2,1,1,1
534000161,0,0,0,0
534000162,10,3,7,4
534000163,23,12,11,8
534000164,68,34,34,20
534000171,33,19,14,12
534000172,0,0,0,0
534000173,0,0,0,0
534000174,9,4,5,3
534000181,4,2,2,1
534000182,0,0,0,0
534000183,0,0,0,0
534000184,0,0,0,0
534000191,0,0,0,0
534000192,0,0,0,0
534000193,0,0,0,0
534000194,2,1,1,1
534000201,0,0,0,0
534000202,10,6,4,5
534000203,21,11,10,5
534000204,46,26,20,14
534000211,5,3,2,1
534000212,8,5,3,3
534000213,100,55,45,28
534000214,39,20,19,11
534000221,176,120,56,3
534000222,48,25,23,16
534000223,0,0,0,0
534000224,0,0,0,0
534000231,99,53,46,28
534000232,109,53,56,31
534000233,215,99,116,64
534000234,76,35,41,20
534000241,50,23,27,9
534000242,93,45,48,27
534000243,32,13,19,9
534000244,183,97,86,51
534000251,28,15,13,10
534000252,0,0,0,0
534002041,8,5,3,3
534002042,5,3,2,1
534002043,0,0,0,0
534002044,0,0,0,0
534002051,0,0,0,0
534002052,49,24,25,12
534002053,0,0,0,0
534002054,65,33,32,18
534002061,37,18,19,8
534002062,38,19,19,13
534002063,14,9,5,4
534002064,0,0,0,0
534002071,0,0,0,0
534002072,0,0,0,0
534002073,0,0,0,0
534002074,0,0,0,0
534002081,24,10,14,7
534002082,26,14,12,9
534002083,18,9,9,5
534002084,59,25,34,19
534002091,36,18,18,9
534002092,14,6,8,6
534002093,45,18,27,16
534002094,80,42,38,23
534002101,0,0,0,0
534002102,17,7,10,3
534002103,11,6,5,3
534002104,34,16,18,8
534002111,52,23,29,11
534002112,3,1,2,1
534002113,43,21,22,12
534002114,4,2,2,2
534002121,30,13,17,9
534002122,80,43,37,22
534002123,0,0,0,0
534002124,20,11,9,7
534002131,125,61,64,41
534002132,66,35,31,21
534002133,29,17,12,11
534002134,59,31,28,20
534002141,44,20,24,11
534002142,9,3,6,3
534000001,40,19,21,13
534000002,26,13,13,7
534000003,20,11,9,7
534000004,0,0,0,0
534000011,0,0,0,0
534000012,0,0,0,0
534000013,7,3,4,4
534000014,0,0,0,0
534000021,42,18,24,12
534000022,39,19,20,10
534000023,27,13,14,8
534000024,101,49,52,26
534000031,47,22,25,15
534000032,194,94,100,49
534000033,41,20,21,10
534000034,111,54,57,29
534000041,16,8,8,6
534000042,84,43,41,23
534000043,0,0,0,0
534000044,52,24,28,14
534000051,40,21,19,10
534000052,36,19,17,10
534000053,0,0,0,0
534000054,0,0,0,0
534000061,0,0,0,0
534000062,0,0,0,0
534000063,17,7,10,8
534000064,0,0,0,0
534000071,0,0,0,0
534000072,0,0,0,0
534000073,8,3,5,2
534000074,0,0,0,0
534000081,16,3,13,11
534000082,0,0,0,0
534000083,9,5,4,4
534000084,0,0,0,0
534000091,0,0,0,0
534000092,7,4,3,2
534000093,0,0,0,0
534000094,0,0,0,0
534000101,9,4,5,2
534000102,0,0,0,0
534000103,0,0,0,0
534000104,0,0,0,0
534000111,0,0,0,0
534000112,0,0,0,0
534000113,0,0,0,0
534000114,69,34,35,17
534000121,0,0,0,0
534000122,25,12,13,7
534000123,1,1,0,1
534000124,23,12,11,8
534000131,86,44,42,31
534000132,23,13,10,9
534000133,82,35,47,24
534000134,17,7,10,4
534000141,24,12,12,7
534000142,88,40,48,27
534000143,6,2,4,1
534000144,184,93,91,49
534000253,42,25,17,12
534000254,0,0,0,0
534000261,0,0,0,0
534000262,0,0,0,0
534000263,43,20,23,13
534000264,0,0,0,0
534000271,0,0,0,0
534000272,17,6,11,6
534000273,0,0,0,0
534000274,16,8,8,4
534000281,10,4,6,3
534000282,0,0,0,0
534000283,0,0,0,0
534000284,69,37,32,20
534000291,16,11,5,4
534000292,0,0,0,0
534000293,9,4,5,4
534000294,0,0,0,0
534000301,20,8,12,5
534000302,46,25,21,11
534000303,54,25,29,14
534000304,46,24,22,13
534000311,18,9,9,5
534000312,7,5,2,2
534000313,94,46,48,25
534000314,0,0,0,0
534000321,0,0,0,0
534000322,27,14,13,6
534000323,0,0,0,0
534000324,65,31,34,15
534000331,134,63,71,39
534000332,80,41,39,20
534000333,73,40,33,22
534000334,97,46,51,25
534000341,6,3,3,3
534000342,288,135,153,98
534000343,143,65,78,41
534000344,581,278,303,189
534000351,138,69,69,44
534000352,0,0,0,0
534000353,481,229,252,163
534000354,87,46,41,24
534000361,29,16,13,8
534000362,10,3,7,4
534000363,24,11,13,10
534000364,6,4,2,2
534000371,15,8,7,5
534000372,0,0,0,0
534000373,52,27,25,13
534000374,33,14,19,7
534000381,0,0,0,0
534000382,59,33,26,21
534000383,9,4,5,3
534000384,0,0,0,0
534000391,0,0,0,0
534000392,0,0,0,0
534000393,0,0,0,0
534000394,0,0,0,0
534000401,44,25,19,10
534000402,0,0,0,0
534000403,0,0,0,0
534000404,116,54,62,29
534000411,36,19,17,10
534000412,0,0,0,0
534000413,6,3,3,2
534000414,25,11,14,5
534000421,4,2,2,1
534000422,62,32,30,16
534000423,0,0,0,0
534000424,197,90,107,54
534000431,37,15,22,10
534000432,55,24,31,16
534000433,59,33,26,14
534000434,0,0,0,0
534000441,33,18,15,12
534000442,461,237,224,150
534000443,159,82,77,59
534000444,366,177,189,123
534000451,348,167,181,113
534000452,327,161,166,110
534000453,112,56,56,37
534000454,0,0,0,0
534000461,289,138,151,85
534000462,92,39,53,27
534000463,17,7,10,9
534000464,23,9,14,8
534000471,27,10,17,7
534000472,24,13,11,7
534000473,2,2,0,2
534000474,4,1,3,2
534000481,20,8,12,8
534000482,4,3,1,2
534000483,5,4,1,3
534000484,48,23,25,16
534000491,0,0,0,0
534000492,0,0,0,0
534000493,0,0,0,0
534000494,0,0,0,0
534000501,25,13,12,6
534000502,60,31,29,14
534000503,9,5,4,3
534000504,40,24,16,12
534000511,429,212,217,117
534000512,130,70,60,45
534000513,354,175,179,101
534000514,247,114,133,86
534000521,209,101,108,61
534000522,55,27,28,13
534000523,184,91,93,46
534000524,127,65,62,38
534000531,58,26,32,16
534000532,3,1,2,1
534000533,57,30,27,13
534000534,3,1,2,1
534000541,0,0,0,0
534000542,162,86,76,55
534000543,0,0,0,0
534000544,15,5,10,6
534000551,162,75,87,53
534000552,0,0,0,0
534000553,100,49,51,34
534000554,21,11,10,8
534000561,0,0,0,0
534000562,0,0,0,0
534000563,0,0,0,0
534000564,0,0,0,0
534000571,0,0,0,0
534000572,0,0,0,0
534000573,2,1,1,1
534000574,2,1,1,1
534000581,2,1,1,1
534000582,0,0,0,0
534000583,0,0,0,0
534000584,0,0,0,0
534000591,32,18,14,11
534000592,2,2,0,2
534000593,0,0,0,0
534000594,0,0,0,0
534000601,11,5,6,3
534000602,336,174,162,96
534000603,154,75,79,44
534000604,63,33,30,17
534000611,471,247,224,143
534000612,538,253,285,171
534000613,0,0,0,0
534000614,141,71,70,56
534000621,151,70,81,48
534000622,255,128,127,86
534000623,0,0,0,0
534000624,211,100,111,83
534000631,430,209,221,157
534000632,150,74,76,55
534000633,118,61,57,41
534000634,228,106,122,88
534000641,196,97,99,51
534000642,101,53,48,34
534000643,239,116,123,77
534000644,170,86,84,46
534000651,56,25,31,20
534000652,0,0,0,0
534000653,77,36,41,24
534000654,1,0,1,1
534000661,0,0,0,0
534000662,0,0,0,0
534000663,48,27,21,14
534000664,3,1,2,1
534000671,0,0,0,0
534000672,26,15,11,7
534000673,4,2,2,1
534000674,46,26,20,11
534000681,0,0,0,0
534000682,0,0,0,0
534000683,369,201,168,112
534000684,3,2,1,2
534000691,0,0,0,0
534000692,0,0,0,0
534000693,0,0,0,0
534000694,0,0,0,0
534000701,54,27,27,13
534000702,6,4,2,1
534000703,129,62,67,35
534000704,13,8,5,5
534000711,37,17,20,10
534000712,127,63,64,36
534000713,79,38,41,18
534000714,99,46,53,24
534000721,16,8,8,4
534000722,0,0,0,0
534000723,41,18,23,10
534000724,0,0,0,0
534000731,111,56,55,37
534000732,59,32,27,22
534000733,273,133,140,75
534000734,399,199,200,133
534000741,46,28,18,12
534000742,18,12,6,7
534000743,157,80,77,48
534000744,13,4,9,4
534000751,0,0,0,0
534000752,2,1,1,1
534000753,6,3,3,2
534000754,0,0,0,0
534000761,24,15,9,7
534000762,29,17,12,10
534000763,29,14,15,8
534000764,0,0,0,0
534000771,0,0,0,0
534000772,68,35,33,23
534000773,7,2,5,1
534000774,11,4,7,3
534000781,63,30,33,20
534000782,0,0,0,0
534000783,38,17,21,10
534000784,9,4,5,3
534000791,0,0,0,0
534000792,110,53,57,31
534000793,82,48,34,22
534000794,106,54,52,31
534000801,91,44,47,25
534000802,25,14,11,8
534000803,1,0,1,1
534000804,0,0,0,0
534000811,40,19,21,10
534000812,156,80,76,36
534000813,0,0,0,0
534000814,7,3,4,1
534000821,0,0,0,0
534000822,21,12,9,6
534000823,0,0,0,0
534000824,319,148,171,81
534000831,135,61,74,35
534000832,204,91,113,66
534000833,142,74,68,38
534000834,200,99,101,61
534000841,256,123,133,91
534000842,9,8,1,9
534000843,33,17,16,12
534000844,0,0,0,0
534000851,0,0,0,0
534000852,101,51,50,26
534000853,0,0,0,0
534000854,65,29,36,19
534000861,17,6,11,4
534000862,0,0,0,0
534000863,40,19,21,13
534000864,27,14,13,9
534000871,9,4,5,2
534000872,0,0,0,0
534000873,0,0,0,0
534000874,0,0,0,0
534000881,0,0,0,0
534000882,29,13,16,8
534000883,89,49,40,36
534000884,114,55,59,45
534000891,272,142,130,96
534000892,21,10,11,5
534000893,910,472,438,306
534000894,23,13,10,6
534000901,0,0,0,0
534000902,0,0,0,0
534000903,206,110,96,48
534000904,50,25,25,18
534000911,0,0,0,0
534000912,133,63,70,34
534000913,383,181,202,94
534000914,303,148,155,88
534000921,46,23,23,17
534000922,89,41,48,25
534000923,312,152,160,94
534000924,136,71,65,32
534000931,119,58,61,32
534000932,34,17,17,7
534000933,71,31,40,27
534000934,84,43,41,30
534000941,38,15,23,11
534000942,27,13,14,12
534000943,27,11,16,7
534000944,48,20,28,14
534000951,9,4,5,6
534000952,100,48,52,26
534000953,35,16,19,9
534000954,66,35,31,22
534000961,38,18,20,10
534000962,0,0,0,0
534000963,52,24,28,13
534000964,0,0,0,0
534000971,0,0,0,0
534000972,0,0,0,0
534000973,0,0,0,0
534000974,3,2,1,1
534000981,0,0,0,0
534000982,91,44,47,29
534000983,116,56,60,42
534000984,502,259,243,184
534000991,522,263,259,181
534000992,15,6,9,5
534000993,187,94,93,54
534000994,77,36,41,28
534001001,0,0,0,0
534001002,0,0,0,0
534001003,0,0,0,0
534001004,0,0,0,0
534001011,9,5,4,3
534001012,115,58,57,32
534001013,41,21,20,12
534001014,120,64,56,38
534001021,5,3,2,1
534001022,0,0,0,0
534001023,25,15,10,8
534001024,35,22,13,10
534001031,0,0,0,0
534001032,84,37,47,34
534001033,10,6,4,3
534001034,55,27,28,16
534001041,0,0,0,0
534001042,15,6,9,5
534001043,10,5,5,4
534001044,6,4,2,2
534001051,79,34,45,26
534001052,0,0,0,0
534001053,110,78,32,19
534001054,0,0,0,0
534001061,29,17,12,8
534001062,83,35,48,24
534001063,47,23,24,15
534001064,0,0,0,0
534001071,0,0,0,0
534001072,0,0,0,0
534001073,0,0,0,0
534001074,0,0,0,0
534001081,7,3,4,2
534001082,26,11,15,7
534001083,6,3,3,2
534001084,6,3,3,1
534001091,0,0,0,0
534001092,36,16,20,11
534001093,19,9,10,5
534001094,111,53,58,33
534001101,0,0,0,0
534001102,0,0,0,0
534001103,0,0,0,0
534001104,0,0,0,0
534001111,0,0,0,0
534001112,74,40,34,19
534001113,0,0,0,0
534001114,108,58,50,30
534001121,37,20,17,13
534001122,128,61,67,35
534001123,23,11,12,9
534001124,23,12,11,9
534001131,28,12,16,9
534001132,15,8,7,6
534001133,69,32,37,18
534001134,9,5,4,3
534001141,4,2,2,3
534001142,23,12,11,7
534001143,0,0,0,0
534001144,62,33,29,19
534001151,0,0,0,0
534001152,32,12,20,7
534001153,13,5,8,3
534001154,149,78,71,48
534001161,42,24,18,13
534001162,0,0,0,0
534001163,35,17,18,9
534001164,0,0,0,0
534001171,0,0,0,0
534001172,2,1,1,1
534001173,0,0,0,0
534001174,99,53,46,23
534001181,46,23,23,15
534001182,6,3,3,1
534001183,30,16,14,10
534001184,0,0,0,0
534001191,70,37,33,19
534001192,60,24,36,15
534001193,24,9,15,6
534001194,37,18,19,13
534001201,0,0,0,0
534001202,0,0,0,0
534001203,0,0,0,0
534001204,0,0,0,0
534001211,0,0,0,0
534001212,93,45,48,31
534001213,6,2,4,2
534001214,50,25,25,15
534001221,146,71,75,40
534001222,15,8,7,3
534001223,85,43,42,33
534001224,25,16,9,8
534001231,172,79,93,49
534001232,26,14,12,7
534001233,83,43,40,24
534001234,5,3,2,1
534001241,0,0,0,0
534001242,27,13,14,6
534001243,18,9,9,4
534001244,55,29,26,15
534001251,6,3,3,2
534001252,49,26,23,15
534001253,109,55,54,30
534001254,45,25,20,12
534001261,0,0,0,0
534001262,0,0,0,0
534001263,0,0,0,0
534001264,0,0,0,0
534001271,6,3,3,2
534001272,93,47,46,28
534001273,54,25,29,13
534001274,63,31,32,18
534001281,18,8,10,7
534001282,0,0,0,0
534001283,9,5,4,3
534001284,30,14,16,7
534001291,0,0,0,0
534001292,0,0,0,0
534001293,0,0,0,0
534001294,0,0,0,0
534001301,0,0,0,0
534001302,0,0,0,0
534001303,0,0,0,0
534001304,0,0,0,0
534001311,12,7,5,5
534001312,61,27,34,15
534001313,50,25,25,15
534001314,164,69,95,30
534001321,42,19,23,11
534001322,13,7,6,5
534001323,76,38,38,21
534001324,118,60,58,29
534001331,20,10,10,7
534001332,28,15,13,7
534001333,23,11,12,7
534001334,6,4,2,3
534001341,7,5,2,4
534001342,19,10,9,6
534001343,0,0,0,0
534001344,69,35,34,18
534001351,43,19,24,12
534001352,0,0,0,0
534001353,0,0,0,0
534001354,0,0,0,0
534001361,0,0,0,0
534001362,0,0,0,0
534001363,0,0,0,0
534001364,0,0,0,0
534001371,24,16,8,6
534001372,119,64,55,28
534001373,8,5,3,2
534001374,48,26,22,13
534001381,9,6,3,2
534001382,78,37,41,21
534001383,52,26,26,18
534001384,80,40,40,19
534001391,15,6,9,3
534001392,0,0,0,0
534001393,14,7,7,4
534001394,0,0,0,0
534001401,0,0,0,0
534001402,0,0,0,0
534001403,0,0,0,0
534001404,0,0,0,0
534001411,0,0,0,0
534001412,31,17,14,10
534001413,0,0,0,0
534001414,16,11,5,5
534001421,118,56,62,33
534001422,12,6,6,5
534001423,87,41,46,26
534001424,92,46,46,32
534001431,0,0,0,0
534001432,0,0,0,0
534001433,7,5,2,3
534001434,10,3,7,3
534001441,0,0,0,0
534001442,150,72,78,44
534001443,42,21,21,14
534001444,61,31,30,19
534001451,32,15,17,9
534001452,18,8,10,5
534001453,22,8,14,5
534001454,0,0,0,0
534001461,0,0,0,0
534001462,3,1,2,1
534001463,10,4,6,3
534001464,0,0,0,0
534001471,11,7,4,5
534001472,68,33,35,21
534001473,0,0,0,0
534001474,34,16,18,9
534001481,48,21,27,15
534001482,84,43,41,25
534001483,59,25,34,19
534001484,64,33,31,18
534001491,74,37,37,23
534001492,0,0,0,0
534001493,37,20,17,10
534001494,202,100,102,58
534001501,0,0,0,0
534001502,2,2,0,1
534001503,39,18,21,10
534001504,76,43,33,20
534001511,27,14,13,8
534001512,78,38,40,24
534001513,33,16,17,8
534001514,89,44,45,30
534001521,64,31,33,18
534001522,26,11,15,10
534001523,59,31,28,17
534001524,132,65,67,38
534001531,60,35,25,18
534001532,73,32,41,23
534001533,67,37,30,21
534001534,49,23,26,14
534001541,37,19,18,11
534001542,171,83,88,65
534001543,87,51,36,33
534001544,341,155,186,115
534001551,152,78,74,53
534001552,0,0,0,0
534001553,150,76,74,56
534001554,0,0,0,0
534001561,10,4,6,3
534001562,0,0,0,0
534001563,0,0,0,0
534001564,0,0,0,0
534001571,0,0,0,0
534001572,0,0,0,0
534001573,23,8,15,7
534001574,39,20,19,9
534001581,7,3,4,2
534001582,56,26,30,14
534001583,12,4,8,4
534001584,29,13,16,11
534001591,71,40,31,20
534001592,160,73,87,45
534001593,9,5,4,2
534001594,33,20,13,11
534001601,2,1,1,1
534001602,80,42,38,24
534001603,0,0,0,0
534001604,263,145,118,72
534001611,0,0,0,0
534001612,32,16,16,10
534001613,29,15,14,11
534001614,129,62,67,43
534001621,130,64,66,41
534001622,113,57,56,31
534001623,110,59,51,37
534001624,94,45,49,31
534001631,28,12,16,10
534001632,48,20,28,13
534001633,264,132,132,92
534001634,421,215,206,130
534001641,240,121,119,85
534001642,254,80,174,86
534001643,24,12,12,9
534001644,0,0,0,0
534001651,11,5,6,4
534001652,20,8,12,6
534001653,0,0,0,0
534001654,31,13,18,8
534001661,0,0,0,0
534001662,0,0,0,0
534001663,3,1,2,1
534001664,3,2,1,1
534001671,93,36,57,27
534001672,26,12,14,11
534001673,28,15,13,10
534001674,11,6,5,4
534001681,3,1,2,1
534001682,1,0,1,1
534001683,57,29,28,24
534001684,178,82,96,60
534001691,1,0,1,1
534001692,33,14,19,8
534001693,0,0,0,0
534001694,3,2,1,1
534001701,424,209,215,146
534001702,345,156,189,158
534001703,91,48,43,32
534001704,759,364,395,279
534001711,174,88,86,62
534001712,485,252,233,157
534001713,740,374,366,280
534001714,746,366,380,266
534001721,201,102,99,72
534001722,109,51,58,35
534001723,332,156,176,103
534001724,68,31,37,20
534001731,312,149,163,105
534001732,340,171,169,114
534001733,32,18,14,11
534001734,33,14,19,9
534001741,19,11,8,5
534001742,4,1,3,1
534001743,0,0,0,0
534001744,12,6,6,2
534001751,58,30,28,18
534001752,0,0,0,0
534001753,27,16,11,9
534001754,0,0,0,0
534001761,0,0,0,0
534001762,20,11,9,5
534001763,68,35,33,20
534001764,33,17,16,9
534001771,47,21,26,14
534001772,31,18,13,8
534001773,29,14,15,7
534001774,42,19,23,15
534001781,7,3,4,3
534001782,303,153,150,101
534001783,206,98,108,63
534001784,325,153,172,79
534001791,6,5,1,3
534001792,40,17,23,10
534001793,29,14,15,9
534001794,59,30,29,19
534001801,94,39,55,27
534001802,300,152,148,140
534001803,191,105,86,61
534001804,330,152,178,106
534001811,426,214,212,161
534001812,261,129,132,97
534001813,475,235,240,158
534001814,142,66,76,46
534001821,24,12,12,7
534001822,101,56,45,32
534001823,0,0,0,0
534001824,0,0,0,0
534001831,94,46,48,24
534001832,106,48,58,35
534001833,39,17,22,10
534001834,123,52,71,29
534001841,39,20,19,11
534001842,40,18,22,8
534001843,89,47,42,26
534001844,35,19,16,9
534001851,46,18,28,12
534001852,2,1,1,1
534001853,36,16,20,8
534001854,48,22,26,17
534001861,31,17,14,9
534001862,22,12,10,5
534001863,4,2,2,1
534001864,27,12,15,10
534001871,0,0,0,0
534001872,3,0,3,1
534001873,0,0,0,0
534001874,22,12,10,6
534001881,54,29,25,21
534001882,184,93,91,56
534001883,42,22,20,13
534001884,102,48,54,33
534001891,28,13,15,12
534001892,15,10,5,3
534001893,55,27,28,18
534001894,42,20,22,12
534001901,0,0,0,0
534001902,17,9,8,4
534001903,59,27,32,14
534001904,78,38,40,25
534001911,189,104,85,58
534001912,191,97,94,58
534001913,44,23,21,12
534001914,12,5,7,4
534001921,0,0,0,0
534001922,0,0,0,0
534001923,0,0,0,0
534001924,0,0,0,0
534001931,0,0,0,0
534001932,0,0,0,0
534001933,0,0,0,0
534001934,0,0,0,0
534001941,19,11,8,6
534001942,0,0,0,0
534001943,0,0,0,0
534001944,0,0,0,0
534001951,0,0,0,0
534001952,15,7,8,8
534001953,0,0,0,0
534001954,40,18,22,11
534001961,44,23,21,10
534001962,5,3,2,2
534001963,38,21,17,12
534001964,19,8,11,5
534001971,0,0,0,0
534001972,36,17,19,11
534001973,0,0,0,0
534001974,38,19,19,9
534001981,62,29,33,20
534001982,60,28,32,19
534001983,77,41,36,23
534001984,27,13,14,9
534001991,182,98,84,57
534001992,173,80,93,61
534001993,12,4,8,3
534001994,46,21,25,14
534002001,35,18,17,12
534002002,15,9,6,5
534002003,0,0,0,0
534002004,22,10,12,8
534002011,0,0,0,0
534002012,28,13,15,10
534002013,0,0,0,0
534002014,2,1,1,1
534002021,34,16,18,10
534002022,0,0,0,0
534002023,62,32,30,18
534002024,39,18,21,11
534002031,55,26,29,17
534002032,94,19,75,1
534002033,73,35,38,23
534002034,10,5,5,5
534002143,128,65,63,37
534002144,65,36,29,18
534002151,0,0,0,0
534002152,18,9,9,4
534002153,44,21,23,14
534002154,4,2,2,1
534002161,0,0,0,0
534002162,0,0,0,0
534002163,0,0,0,0
534002164,9,6,3,4
534002171,0,0,0,0
534002172,0,0,0,0
534002173,17,9,8,4
534002174,0,0,0,0
534002181,10,5,5,2
534002182,5,2,3,1
534002183,0,0,0,0
534002184,0,0,0,0
534002191,3,1,2,2
534002192,0,0,0,0
534002193,0,0,0,0
534002194,15,6,9,4
534002201,0,0,0,0
534002202,78,38,40,21
534002203,22,12,10,9
534002204,44,21,23,12
534002211,0,0,0,0
534002212,39,20,19,12
534002213,17,7,10,4
534002214,29,14,15,11
534002221,0,0,0,0
534002222,16,8,8,4
534002223,65,34,31,19
534002224,58,28,30,16
534002231,14,7,7,5
534002232,39,22,17,12
534002233,76,39,37,23
534002234,34,16,18,8
534002241,36,17,19,12
534002242,50,20,30,14
534002243,242,115,127,80
534002244,37,19,18,12
534002251,69,32,37,22
534002252,3,1,2,2
534002253,31,15,16,8
534002254,20,9,11,6
534002261,0,0,0,0
534002262,47,23,24,18
534002263,35,18,17,10
534002264,71,37,34,23
534002271,40,22,18,11
534002272,0,0,0,0
534002273,38,22,16,13
534002274,0,0,0,0
534002281,0,0,0,0
534002282,7,3,4,2
534002283,0,0,0,0
534002284,20,9,11,8
534002291,3,1,2,2
534002292,75,38,37,18
534002293,0,0,0,0
534002294,71,38,33,24
534002301,34,15,19,11
534002302,0,0,0,0
534002303,6,3,3,1
534002304,26,14,12,9
534002311,82,38,44,21
534002312,0,0,0,0
534002313,35,17,18,8
534002314,42,19,23,15
534002321,0,0,0,0
534002322,0,0,0,0
534002323,0,0,0,0
534002324,50,23,27,12
534002331,33,17,16,9
534002332,69,36,33,23
534002333,43,21,22,17
534002334,92,43,49,23
534002341,42,21,21,11
534002342,78,41,37,20
534002343,114,46,68,15
534002344,48,22,26,15
534002351,147,63,84,45
534002352,137,66,71,45
534002353,80,36,44,21
534002354,181,94,87,51
534002361,78,34,44,20
534002362,56,30,26,17
534002363,116,56,60,34
534002364,149,73,76,42
534002371,11,4,7,3
534002372,12,4,8,4
534002373,110,48,62,32
534002374,35,14,21,10
534002381,76,39,37,20
534002382,6,3,3,2
534002383,37,20,17,10
534002384,22,12,10,8
534002391,26,13,13,6
534002392,146,74,72,41
534002393,281,137,144,101
534002394,371,174,197,114
534002401,17,10,7,6
534002402,66,33,33,20
534002403,25,12,13,9
534002404,32,13,19,9
534002411,10,5,5,3
534002412,29,14,15,7
534002413,17,9,8,4
534002414,88,42,46,27
534002421,68,34,34,15
534002422,72,33,39,19
534002423,101,43,58,26
534002424,62,31,31,20
534002431,117,55,62,35
534002432,77,36,41,24
534002433,122,61,61,39
534002434,25,13,12,6
534002441,88,41,47,25
534002442,127,65,62,34
534002443,38,17,21,10
534002444,14,8,6,3
534002451,44,21,23,11
534002452,81,34,47,20
534002453,19,9,10,6
534002454,98,44,54,31
534002461,26,13,13,10
534002462,315,148,167,95
534002463,1,0,1,1
534002464,345,154,191,99
534002471,336,166,170,109
534002472,142,71,71,53
534002473,465,227,238,168
534002474,317,148,169,118
534002481,99,52,47,31
534002482,135,65,70,45
534002483,191,93,98,71
534002484,292,136,156,107
534002491,493,242,251,177
534002492,386,199,187,127
534002493,701,352,349,282
534002494,219,118,101,92
534002501,16,8,8,5
534002502,81,37,44,24
534002503,23,11,12,6
534002504,69,40,29,19
534002511,108,45,63,29
534002512,74,34,40,20
534002513,34,15,19,12
534002514,35,17,18,9
534002521,187,90,97,75
534002522,24,10,14,12
534002523,7,5,2,3
534002524,0,0,0,0
534002531,40,18,22,13
534002532,41,19,22,11
534002533,0,0,0,0
534002534,16,8,8,4
534002541,22,10,12,6
534002542,41,19,22,11
534002543,12,6,6,3
534002544,34,14,20,9
534002551,34,16,18,10
534002552,19,9,10,6
534002553,0,0,0,0
534002554,25,13,12,8
534002561,19,7,12,9
534002562,80,37,43,23
534002563,151,72,79,46
534002564,177,92,85,52
534002571,311,144,167,99
534002572,355,173,182,127
534002573,220,113,107,66
534002574,47,25,22,18
534002581,207,97,110,73
534002582,642,278,364,248
534002583,53,21,32,12
534002584,318,160,158,114
534002591,647,304,343,226
534002592,220,105,115,80
534002593,341,163,178,119
534002594,147,72,75,48
534002601,15,7,8,4
534002602,39,19,20,9
534002603,89,40,49,25
534002604,3,1,2,1
534002611,10,6,4,3
534002612,0,0,0,0
534002613,0,0,0,0
534002614,24,11,13,8
534002621,24,12,12,10
534002622,33,17,16,10
534002623,30,13,17,7
534002624,19,11,8,4
534002631,102,43,59,25
534002632,32,18,14,11
534002633,58,29,29,18
534002634,70,38,32,23
534002641,40,23,17,13
534002642,21,12,9,5
534002643,69,34,35,7
534002644,15,8,7,5
534002651,0,0,0,0
534002652,2,1,1,1
534002653,0,0,0,0
534002654,13,7,6,5
534002661,205,106,99,53
534002662,80,25,55,5
534002663,32,14,18,12
534002664,53,24,29,11
534002671,3,0,3,1
534002672,28,14,14,9
534002673,96,25,71,15
534002674,205,101,104,64
534002681,71,34,37,22
534002682,134,66,68,44
534002683,82,43,39,22
534002684,38,18,20,13
534002691,364,153,211,117
534002692,240,117,123,66
534002693,49,25,24,18
534002694,83,38,45,23
534002701,17,9,8,5
534002702,58,26,32,14
534002703,57,26,31,13
534002704,25,13,12,8
534002711,132,59,73,32
534002712,31,15,16,9
534002713,7,4,3,3
534002714,0,0,0,0
534002721,53,26,27,16
534002722,52,27,25,19
534002723,40,18,22,12
534002724,167,78,89,52
534002731,91,41,50,18
534002732,145,69,76,50
534002733,100,50,50,33
534002734,472,230,242,200
534002741,94,45,49,33
534002742,178,86,92,57
534002743,704,340,364,235
534002744,522,257,265,176
534002751,68,38,30,22
534002752,97,49,48,31
534002753,210,104,106,63
534002754,146,72,74,56
534002761,230,111,119,86
534002762,196,91,105,58
534002763,153,74,79,55
534002764,120,65,55,37
534002771,303,143,160,94
534002772,307,144,163,86
534002773,171,83,88,59
534002774,467,240,227,142
534002781,307,167,140,74
534002782,150,78,72,49
534002783,329,158,171,105
534002784,270,133,137,90
534002791,63,26,37,20
534002792,69,33,36,21
534002793,73,38,35,25
534002794,63,30,33,22
534002801,32,17,15,8
534002802,31,13,18,7
534002803,0,0,0,0
534002804,39,16,23,10
534002811,24,12,12,10
534002812,13,4,9,4
534002813,128,65,63,34
534002814,145,68,77,43
534002821,8,4,4,3
534002822,137,63,74,39
534002823,120,60,60,36
534002824,668,332,336,245
534002831,0,0,0,0
534002832,412,200,212,141
534002833,7,3,4,2
534002834,283,143,140,94
534002841,780,341,439,209
534002842,348,174,174,126
534002843,601,296,305,198
534002844,945,473,472,350
534002851,59,30,29,21
534002852,548,271,277,209
534002853,342,170,172,122
534002854,341,164,177,136
534002861,182,85,97,59
534002862,148,77,71,46
534002863,53,25,28,18
534002864,0,0,0,0
534002871,208,104,104,57
534002872,250,120,130,92
534002873,101,49,52,37
534002874,173,81,92,59
534002881,143,75,68,34
534002882,139,68,71,43
534002883,176,86,90,56
534002884,114,58,56,38
534002891,1,1,0,1
534002892,208,105,103,67
534002893,75,38,37,23
534002894,105,51,54,33
534002901,67,30,37,21
534002902,113,53,60,28
534002903,48,24,24,14
534002904,42,19,23,11
534002911,34,16,18,11
534002912,55,29,26,17
534002913,44,23,21,13
534002914,145,65,80,50
534002921,361,178,183,108
534002922,251,125,126,87
534002923,473,242,231,163
534002924,223,107,116,79
534002931,75,41,34,26
534002932,586,299,287,247
534002933,600,294,306,213
534002934,597,304,293,245
534002941,1081,518,563,398
534002942,1165,547,618,397
534002943,771,372,399,325
534002944,711,413,298,371
534002951,331,167,164,123
534002952,485,247,238,170
534002953,671,325,346,258
534002954,434,222,212,167
534002961,29,17,12,14
534002962,30,11,19,11
534002963,187,119,68,106
534002964,83,41,42,30
534002971,157,75,82,50
534002972,217,100,117,72
534002973,237,105,132,69
534002974,127,66,61,39
534002981,132,64,68,39
534002982,139,69,70,40
534002983,215,104,111,67
534002984,51,25,26,16
534002991,13,7,6,6
534002992,163,82,81,48
534002993,11,4,7,3
534002994,201,93,108,57
534003001,72,35,37,22
534003002,62,33,29,24
534003003,44,22,22,14
534003004,103,49,54,30
534003011,69,37,32,23
534003012,0,0,0,0
534003013,89,40,49,34
534003014,0,0,0,0
534003101,155,73,82,44
534003102,31,16,15,9
534003103,179,93,86,54
534003104,0,0,0,0
534003111,57,33,24,33
534003113,116,62,54,61
534003201,80,39,41,26
534003202,92,48,44,25
534003203,137,69,68,54
534003204,85,46,39,34
534003211,81,42,39,30
534003213,85,43,42,37
534003301,196,90,106,49
534003302,55,30,25,22
534003303,294,147,147,70
534003304,18,9,9,7
534003311,22,11,11,9
534003313,0,0,0,0
534003401,92,46,46,24
534003402,43,23,20,19
534003403,0,0,0,0
534003404,127,63,64,45
534003411,38,22,16,20
534003413,66,40,26,34
534003501,250,129,121,99
534003502,207,104,103,81
534003503,144,70,74,47
534003504,336,179,157,51
534003511,7,3,4,3
534003513,62,33,29,19
534003601,80,36,44,24
534003602,216,92,124,82
534003603,32,17,15,9
534003604,151,72,79,64
534003611,20,10,10,8
534003613,1,0,1,1
534003701,45,26,19,11
534003702,145,76,69,47
534003703,204,107,97,52
534003704,245,120,125,76
534003711,16,5,11,7
534003713,6,2,4,3
534003801,10,6,4,5
534003802,229,115,114,79
534003803,16,5,11,2
534003804,300,158,142,96
534003811,0,0,0,0
534003812,0,0,0,0
534003813,18,9,9,10
534003814,0,0,0,0
534003901,36,20,16,12
534003902,197,83,114,66
534003903,125,61,64,37
534003904,157,76,81,56
534003911,66,34,32,30
534003912,0,0,0,0
534003913,244,112,132,84
534003914,0,0,0,0
534010001,95,47,48,22
534010002,0,0,0,0
534010003,7,3,4,1
534010004,107,78,29,23
534010011,157,82,75,42
534010012,986,486,500,336
534010013,93,47,46,25
534010014,48,22,26,15
534010021,1310,658,652,415
534010022,4,3,1,3
534010023,366,183,183,116
534010024,10,3,7,4
534010031,5,3,2,2
534010032,40,17,23,13
534010033,49,26,23,16
534010034,347,171,176,110
534010041,95,51,44,27
534010042,29,13,16,9
534010043,57,42,15,3
534010044,4,2,2,2
534010051,26,16,10,10
534010052,7,3,4,2
534010053,84,42,42,25
534010054,20,12,8,9
534010061,28,12,16,5
534010062,16,8,8,4
534010063,6,2,4,2
534010064,47,25,22,12
534010071,0,0,0,0
534010072,0,0,0,0
534010073,28,11,17,9
534010074,104,55,49,38
534010081,352,169,183,121
534010082,772,398,374,280
534010083,198,100,98,67
534010084,37,17,20,11
534010091,161,83,78,61
534010092,219,109,110,70
534010093,443,219,224,160
534010094,254,127,127,81
534010101,28,19,9,8
534010102,0,0,0,0
534010103,110,56,54,30
534010104,38,20,18,10
534010111,123,56,67,35
534010112,8,6,2,5
534010113,10,10,0,1
534010114,252,149,103,23
534010121,68,33,35,17
534010122,11,5,6,3
534010123,46,26,20,11
534010124,37,20,17,12
534010131,45,22,23,12
534010132,105,52,53,41
534010133,46,23,23,15
534010134,38,21,17,13
534010141,55,35,20,17
534010142,82,46,36,21
534010143,40,19,21,11
534010144,112,48,64,5
534010151,69,38,31,22
534010152,99,46,53,30
534010153,4,3,1,1
534010154,32,17,15,7
534010161,26,11,15,8
534010162,114,62,52,37
534010163,55,32,23,23
534010164,30,17,13,9
534010171,500,259,241,171
534010172,168,89,79,64
534010173,520,270,250,171
534010174,100,53,47,35
534010181,147,73,74,44
534010182,171,88,83,44
534010183,192,94,98,67
534010184,145,76,69,43
534010191,460,221,239,158
534010192,34,18,16,7
534010193,802,394,408,281
534010194,0,0,0,0
534010201,444,221,223,144
534010202,80,41,39,18
534010203,1608,813,795,547
534010204,123,58,65,26
534010211,45,20,25,11
534010212,26,16,10,8
534010213,0,0,0,0
534010214,7,3,4,2
534010221,103,58,45,10
534010222,69,37,32,20
534010223,11,5,6,3
534010224,2,1,1,1
534010231,23,14,9,10
534010232,121,54,67,41
534010233,169,83,86,58
534010234,1721,847,874,590
534010241,11,6,5,3
534010242,0,0,0,0
534010243,886,451,435,313
534010244,46,19,27,12
534010251,12,7,5,3
534010252,123,55,68,39
534010253,66,33,33,18
534010254,5,3,2,3
534010261,39,21,18,10
534010262,246,129,117,84
534010263,0,0,0,0
534010264,0,0,0,0
534010271,229,125,104,85
534010272,77,24,53,2
534010273,15,9,6,4
534010274,0,0,0,0
534010281,119,64,55,34
534010282,36,20,16,12
534010283,187,96,91,52
534010284,20,8,12,6
534010291,1075,526,549,371
534010292,68,36,32,23
534010293,443,233,210,171
534010294,75,34,41,25
534010301,1477,747,730,517
534010302,648,296,352,171
534010303,2004,985,1019,733
534010304,1876,927,949,642
534010311,90,47,43,24
534010312,0,0,0,0
534010313,46,21,25,14
534010314,0,0,0,0
534010321,0,0,0,0
534010322,0,0,0,0
534010323,0,0,0,0
534010324,19,11,8,5
534010331,1440,815,625,377
534010332,1233,614,619,408
534010333,321,160,161,124
534010334,438,181,257,84
534010341,888,441,447,292
534010342,108,68,40,46
534010343,1473,812,661,628
534010344,285,157,128,116
534010351,0,0,0,0
534010352,0,0,0,0
534010353,0,0,0,0
534010354,98,46,52,26
534010361,99,49,50,28
534010362,48,24,24,19
534010363,43,22,21,11
534010364,37,17,20,13
534010371,101,53,48,25
534010372,257,129,128,74
534010373,58,30,28,16
534010374,210,109,101,72
534010381,789,382,407,253
534010382,938,454,484,320
534010383,2520,1271,1249,880
534010384,1249,633,616,444
534010391,339,155,184,96
534010392,200,102,98,59
534010393,136,60,76,44
534010394,115,51,64,35
534010401,1151,638,513,482
534010402,643,309,334,199
534010403,124,74,50,54
534010404,87,45,42,27
534010411,776,396,380,273
534010412,0,0,0,0
534010413,229,111,118,71
534010414,382,188,194,116
534010421,0,0,0,0
534010422,6,2,4,2
534010423,74,35,39,25
534010424,23,10,13,7
534010431,0,0,0,0
534010432,198,100,98,62
534010433,0,0,0,0
534010434,56,33,23,18
534010441,1319,752,567,540
534010442,127,57,70,40
534010443,664,564,100,539
534010444,101,77,24,76
534010451,201,96,105,57
534010452,1258,629,629,394
534010453,804,409,395,244
534010454,779,386,393,253
534010461,403,201,202,124
534010462,0,0,0,0
534010463,11,6,5,3
534010464,10,5,5,2
534010471,12,6,6,2
534010472,0,0,0,0
534010473,0,0,0,0
534010474,0,0,0,0
534010481,938,476,462,320
534010482,106,54,52,40
534010483,0,0,0,0
534010484,0,0,0,0
534010491,108,54,54,29
534010492,238,108,130,64
534010493,93,39,54,27
534010494,62,35,27,18
534010501,0,0,0,0
534010502,48,26,22,20
534010503,0,0,0,0
534010504,0,0,0,0
534010511,189,99,90,63
534010512,466,235,231,169
534010513,12,7,5,3
534010514,10,5,5,5
534010521,322,187,135,157
534010522,127,57,70,48
534010523,31,20,11,11
534010524,413,206,207,156
534010531,4,2,2,1
534010532,109,55,54,40
534010533,150,66,84,60
534010534,954,474,480,366
534010541,32,17,15,9
534010542,20,11,9,6
534010543,1961,952,1009,697
534010544,364,176,188,125
534010551,30,15,15,11
534010552,24,12,12,6
534010553,122,33,89,85
534010554,2,1,1,1
534010561,29,14,15,9
534010562,0,0,0,0
534010563,4,1,3,2
534010564,85,57,28,1
534010571,0,0,0,0
534010572,6,4,2,2
534010573,4,2,2,1
534010574,88,38,50,26
534010581,0,0,0,0
534010582,0,0,0,0
534010583,0,0,0,0
534010584,5,2,3,1
534010591,23,13,10,8
534010592,22,11,11,6
534010593,144,68,76,36
534010594,112,54,58,45
534010601,0,0,0,0
534010602,0,0,0,0
534010603,0,0,0,0
534010604,0,0,0,0
534010611,0,0,0,0
534010612,0,0,0,0
534010613,0,0,0,0
534010614,0,0,0,0
534010621,162,58,104,38
534010622,1251,670,581,487
534010623,19,11,8,10
534010624,771,396,375,283
534010631,629,312,317,246
534010632,1270,644,626,448
534010633,1153,598,555,493
534010634,712,375,337,309
534010641,1791,845,946,667
534010642,2256,1133,1123,859
534010643,1095,561,534,391
534010644,1279,705,574,593
534010651,167,89,78,70
534010652,0,0,0,0
534010653,123,73,50,26
534010654,90,43,47,24
534010661,68,34,34,20
534010662,7,4,3,3
534010663,272,140,132,80
534010664,148,77,71,44
534010671,14,6,8,6
534010672,205,100,105,63
534010673,300,146,154,97
534010674,71,39,32,31
534010681,219,109,110,62
534010682,16,10,6,3
534010683,6,3,3,2
534010684,239,117,122,68
534010691,164,81,83,48
534010692,106,52,54,34
534010693,7,2,5,1
534010694,12,8,4,6
534010701,0,0,0,0
534010702,0,0,0,0
534010704,0,0,0,0
534010711,0,0,0,0
534010712,0,0,0,0
534010713,0,0,0,0
534010714,0,0,0,0
534010721,0,0,0,0
534010722,340,177,163,141
534010723,0,0,0,0
534010724,3,3,0,3
534010731,888,456,432,367
534010732,1173,572,601,470
534010733,313,181,132,158
534010734,1200,636,564,530
534010741,724,379,345,317
534010742,256,132,124,104
534010743,725,377,348,293
534010744,425,207,218,158
534010751,117,60,57,32
534010752,32,15,17,11
534010753,146,78,68,49
534010754,152,79,73,61
534010761,12,4,8,3
534010762,42,21,21,11
534010763,105,55,50,33
534010764,49,25,24,11
534010771,113,53,60,32
534010772,23,13,10,9
534010773,177,90,87,79
534010774,273,132,141,82
534010781,2,1,1,1
534010782,156,83,73,53
534010783,161,79,82,49
534010784,202,100,102,60
534010791,222,116,106,65
534010792,228,115,113,85
534010793,0,0,0,0
534010794,433,214,219,149
534010802,0,0,0,0
534010811,0,0,0,0
534010812,0,0,0,0
534010813,0,0,0,0
534010814,0,0,0,0
534010821,0,0,0,0
534010822,0,0,0,0
534010823,0,0,0,0
534010824,0,0,0,0
534010831,21,11,10,12
534010832,1368,808,560,690
534010833,0,0,0,0
534010834,603,361,242,289
534010841,865,477,388,353
534010842,554,285,269,201
534010843,873,474,399,385
534010844,928,445,483,360
534010851,305,137,168,82
534010852,51,21,30,16
534010853,57,31,26,18
534010854,248,124,124,78
534010861,252,132,120,79
534010862,111,55,56,28
534010863,268,137,131,83
534010864,64,30,34,21
534010871,37,27,10,20
534010872,25,13,12,9
534010873,131,70,61,45
534010874,154,87,67,48
534010881,79,34,45,24
534010882,45,20,25,11
534010883,130,68,62,36
534010884,1539,747,792,499
534010891,2,1,1,1
534010892,566,301,265,210
534010893,1827,869,958,645
534010894,1850,891,959,631
534010911,0,0,0,0
534010912,0,0,0,0
534010914,0,0,0,0
534010921,0,0,0,0
534010922,0,0,0,0
534010923,0,0,0,0
534010924,0,0,0,0
534010931,0,0,0,0
534010932,193,116,77,92
534010933,0,0,0,0
534010934,4,1,3,2
534010941,909,469,440,330
534010942,937,480,457,343
534010943,584,314,270,239
534010944,658,352,306,258
534010951,378,202,176,144
534010952,251,134,117,81
534010953,517,278,239,194
534010954,709,372,337,252
534010961,364,175,189,119
534010962,35,19,16,15
534010963,164,85,79,62
534010964,122,61,61,53
534010971,137,74,63,44
534010972,232,119,113,75
534010973,74,38,36,21
534010974,315,153,162,91
534010981,521,265,256,193
534010982,1295,653,642,433
534010983,394,199,195,151
534010984,929,463,466,341
534010991,1764,878,886,703
534010992,1767,919,848,712
534010993,918,466,452,367
534010994,1669,869,800,654
534011001,10,6,4,3
534011002,0,0,0,0
534011003,65,34,31,23
534011004,0,0,0,0
534011011,0,0,0,0
534011012,0,0,0,0
534011013,0,0,0,0
534011014,0,0,0,0
534011021,0,0,0,0
534011022,0,0,0,0
534011023,0,0,0,0
534011024,0,0,0,0
534011031,0,0,0,0
534011032,0,0,0,0
534011033,0,0,0,0
534011034,0,0,0,0
534011041,0,0,0,0
534011042,0,0,0,0
534011043,0,0,0,0
534011044,3,2,1,1
534011051,43,20,23,13
534011052,75,38,37,23
534011053,37,19,18,11
534011054,65,32,33,19
534011061,0,0,0,0
534011062,14,6,8,3
534011063,33,17,16,9
534011064,35,19,16,12
534011071,10,6,4,4
534011072,50,28,22,15
534011073,40,21,19,15
534011074,32,16,16,9
534011081,42,19,23,11
534011082,82,41,41,22
534011083,47,25,22,13
534011084,139,61,78,39
534011091,55,30,25,17
534011092,92,38,54,23
534011093,28,11,17,6
534011094,21,9,12,6
534011101,0,0,0,0
534011102,0,0,0,0
534011103,22,10,12,7
534011104,2,1,1,1
534011111,0,0,0,0
534011112,0,0,0,0
534011113,57,31,26,18
534011114,0,0,0,0
534011121,0,0,0,0
534011122,9,5,4,3
534011123,0,0,0,0
534011124,81,40,41,22
534011131,0,0,0,0
534011132,0,0,0,0
534011133,179,78,101,48
534011134,22,11,11,8
534011141,0,0,0,0
534011142,94,42,52,25
534011143,0,0,0,0
534011144,165,81,84,41
534011151,250,119,131,73
534011152,184,86,98,59
534011153,88,44,44,26
534011154,71,31,40,20
534011161,66,34,32,19
534011162,80,34,46,25
534011163,46,18,28,14
534011164,167,83,84,45
534011171,201,103,98,61
534011172,144,75,69,36
534011173,304,136,168,98
534011174,227,65,162,6
534011181,50,26,24,19
534011182,33,18,15,11
534011183,39,17,22,11
534011184,147,73,74,45
534011191,157,85,72,48
534011192,49,24,25,14
534011193,16,9,7,7
534011194,43,21,22,10
534011201,14,6,8,5
534011202,32,16,16,7
534011203,287,150,137,74
534011204,12,5,7,4
534011211,4,3,1,2
534011212,0,0,0,0
534011213,0,0,0,0
534011214,0,0,0,0
534011221,23,10,13,7
534011222,92,47,45,27
534011223,18,7,11,6
534011224,24,12,12,7
534011231,8,4,4,2
534011232,14,8,6,3
534011233,0,0,0,0
534011234,0,0,0,0
534011241,0,0,0,0
534011242,8,3,5,2
534011243,0,0,0,0
534011244,0,0,0,0
534011251,73,39,34,21
534011252,3,0,3,3
534011253,0,0,0,0
534011254,0,0,0,0
534011261,118,58,60,35
534011262,99,39,60,24
534011263,11,6,5,4
534011264,15,9,6,4
534011271,144,47,97,21
534011272,16,6,10,4
534011273,0,0,0,0
534011274,17,10,7,3
534011281,55,24,31,14
534011282,14,6,8,5
534011283,49,24,25,14
534011284,23,12,11,7
534011291,1,0,1,1
534011292,5,3,2,1
534011293,0,0,0,0
534011294,22,12,10,6
534011301,83,42,41,19
534011302,27,12,15,7
534011303,5,3,2,1
534011304,63,28,35,20
534011311,96,48,48,26
534011312,63,31,32,17
534011313,141,66,75,43
534011314,71,41,30,21
534011321,0,0,0,0
534011322,29,13,16,7
534011323,0,0,0,0
534011324,0,0,0,0
534011331,26,12,14,6
534011332,0,0,0,0
534011333,109,49,60,27
534011334,0,0,0,0
534011341,0,0,0,0
534011342,0,0,0,0
534011343,0,0,0,0
534011344,12,10,2,2
534011351,0,0,0,0
534011352,0,0,0,0
534011353,0,0,0,0
534011354,46,23,23,11
534011361,4,1,3,1
534011362,0,0,0,0
534011363,6,3,3,1
534011364,0,0,0,0
534011371,0,0,0,0
534011372,0,0,0,0
534011373,7,4,3,4
534011374,22,13,9,7
534011381,0,0,0,0
534011382,92,47,45,22
534011383,16,10,6,3
534011384,24,14,10,10
534011391,37,18,19,12
534011392,119,67,52,29
534011393,91,46,45,22
534011394,29,15,14,9
534011401,87,43,44,37
534011402,19,7,12,6
534011403,135,70,65,43
534011404,374,183,191,130
534011411,240,121,119,71
534011412,602,561,41,70
534011413,194,92,102,54
534011414,56,54,2,4
534011421,140,85,55,14
534011422,50,30,20,15
534011423,0,0,0,0
534011424,0,0,0,0
534011431,59,28,31,16
534011432,0,0,0,0
534011433,0,0,0,0
534011434,0,0,0,0
534011441,0,0,0,0
534011442,0,0,0,0
534011443,5,1,4,1
534011444,23,13,10,6
534011451,0,0,0,0
534011452,122,54,68,44
534011453,0,0,0,0
534011454,54,25,29,17
534011461,0,0,0,0
534011462,49,25,24,14
534011463,9,5,4,3
534011464,129,67,62,51
534011471,42,32,10,13
534011472,14,7,7,4
534011473,95,54,41,29
534011474,202,107,95,71
534011481,1,1,0,1
534011482,41,21,20,12
534011483,32,20,12,10
534011484,47,25,22,11
534011491,106,50,56,29
534011492,28,14,14,10
534011493,197,96,101,61
534011494,146,73,73,50
534011501,154,83,71,49
534011502,25,10,15,9
534011503,105,50,55,42
534011504,39,17,22,12
534011511,93,45,48,26
534011512,77,33,44,27
534011513,298,139,159,88
534011514,106,52,54,34
534011521,0,0,0,0
534011522,0,0,0,0
534011523,0,0,0,0
534011524,0,0,0,0
534011531,0,0,0,0
534011532,0,0,0,0
534011533,18,4,14,1
534011534,0,0,0,0
534011541,2,1,1,1
534011542,33,18,15,11
534011543,0,0,0,0
534011544,0,0,0,0
534011551,23,13,10,7
534011552,106,55,51,30
534011553,53,29,24,16
534011554,264,144,120,68
534011561,0,0,0,0
534011562,3,2,1,1
534011563,0,0,0,0
534011564,7,4,3,1
534011571,18,7,11,4
534011572,123,63,60,32
534011573,74,41,33,22
534011574,11,6,5,4
534011581,97,47,50,25
534011582,55,24,31,15
534011583,52,25,27,16
534011584,32,17,15,10
534011591,155,79,76,59
534011592,224,92,132,67
534011593,93,52,41,28
534011594,71,33,38,19
534011601,62,30,32,24
534011602,514,258,256,123
534011603,108,52,56,31
534011604,134,66,68,49
534011611,106,38,68,19
534011612,8,4,4,3
534011613,0,0,0,0
534011614,0,0,0,0
534011621,0,0,0,0
534011622,0,0,0,0
534011623,0,0,0,0
534011624,0,0,0,0
534011631,72,15,57,3
534011632,0,0,0,0
534011633,65,33,32,20
534011634,2,1,1,1
534011641,0,0,0,0
534011642,9,4,5,6
534011643,29,12,17,8
534011644,14,7,7,2
534011651,16,8,8,6
534011652,170,92,78,67
534011653,12,5,7,3
534011654,0,0,0,0
534011661,5,2,3,3
534011662,1,1,0,1
534011663,0,0,0,0
534011664,1,1,0,1
534011671,9,4,5,4
534011672,15,9,6,5
534011673,0,0,0,0
534011674,14,6,8,4
534011681,85,40,45,26
534011682,109,49,60,32
534011683,66,33,33,19
534011684,103,59,44,32
534011691,40,18,22,13
534011692,95,51,44,29
534011693,37,18,19,10
534011694,5,2,3,2
534011701,495,237,258,160
534011702,170,87,83,57
534011703,163,89,74,62
534011704,60,27,33,18
534011711,0,0,0,0
534011712,6,4,2,2
534011713,5,1,4,2
534011714,10,7,3,4
534011721,1,1,0,1
534011722,0,0,0,0
534011723,0,0,0,0
534011724,14,5,9,3
534011731,176,85,91,47
534011732,9,5,4,3
534011733,50,27,23,14
534011734,0,0,0,0
534011741,40,21,19,11
534011742,39,17,22,14
534011743,20,8,12,4
534011744,55,26,29,19
534011751,28,14,14,11
534011752,2,0,2,1
534011753,78,41,37,28
534011754,29,15,14,9
534011761,0,0,0,0
534011762,15,14,1,14
534011763,0,0,0,0
534011764,4,2,2,1
534011771,8,5,3,2
534011772,20,9,11,6
534011773,2,1,1,1
534011774,54,28,26,18
534011781,54,23,31,18
534011782,22,14,8,11
534011783,19,8,11,7
534011784,65,32,33,23
534011791,25,14,11,10
534011792,0,0,0,0
534011793,20,8,12,8
534011794,73,36,37,39
534011801,249,130,119,87
534011802,28,14,14,8
534011803,210,106,104,79
534011804,26,12,14,11
534011811,204,106,98,72
534011812,154,86,68,37
534011813,161,83,78,51
534011814,87,47,40,28
534011821,21,8,13,8
534011822,7,2,5,2
534011823,71,36,35,20
534011824,32,17,15,12
534011831,27,10,17,8
534011832,121,55,66,26
534011833,10,3,7,3
534011834,9,4,5,4
534011841,18,9,9,5
534011842,35,18,17,10
534011843,8,3,5,4
534011844,187,100,87,61
534011851,73,40,33,27
534011852,12,6,6,5
534011853,91,54,37,14
534011854,29,11,18,7
534011861,0,0,0,0
534011862,0,0,0,0
534011863,49,23,26,12
534011864,15,8,7,4
534011871,0,0,0,0
534011872,3,2,1,1
534011873,75,36,39,20
534011874,10,6,4,2
534011881,34,18,16,10
534011882,72,32,40,23
534011883,0,0,0,0
534011884,59,31,28,16
534011891,3,1,2,1
534011892,0,0,0,0
534011893,15,6,9,5
534011894,8,3,5,3
534011901,84,42,42,30
534011902,44,23,21,17
534011903,74,39,35,36
534011904,38,16,22,14
534011911,137,71,66,45
534011912,37,20,17,17
534011913,73,34,39,21
534011914,359,162,197,110
534011921,60,32,28,19
534011922,36,19,17,13
534011923,76,36,40,23
534011924,103,49,54,35
534011931,7,4,3,2
534011932,3,1,2,1
534011933,2,1,1,1
534011934,39,18,21,12
534011941,150,80,70,53
534011942,212,99,113,83
534011943,68,35,33,21
534011944,426,213,213,158
534011951,27,13,14,5
534011952,10,5,5,2
534011953,10,4,6,2
534011954,0,0,0,0
534011961,20,11,9,7
534011962,13,5,8,4
534011963,2,1,1,1
534011964,11,7,4,2
534011971,16,9,7,6
534011972,18,8,10,5
534011973,0,0,0,0
534011974,21,7,14,5
534011981,0,0,0,0
534011982,53,30,23,14
534011983,0,0,0,0
534011984,6,3,3,2
534011991,21,13,8,7
534011992,61,26,35,16
534011993,23,11,12,9
534011994,80,44,36,22
534012001,73,34,39,20
534012002,212,106,106,64
534012003,0,0,0,0
534012004,95,47,48,30
534012011,123,55,68,39
534012012,289,138,151,95
534012013,328,150,178,115
534012014,439,214,225,144
534012021,1234,584,650,505
534012022,872,420,452,324
534012023,658,339,319,243
534012024,1347,672,675,553
534012031,550,280,270,188
534012032,1026,495,531,413
534012033,900,447,453,358
534012034,915,485,430,455
534012041,406,242,164,227
534012042,182,94,88,71
534012043,446,211,235,216
534012044,336,170,166,152
534012051,972,448,524,350
534012052,958,444,514,357
534012053,813,418,395,320
534012054,1132,551,581,417
534012061,384,190,194,125
534012062,162,82,80,57
534012063,582,289,293,198
534012064,256,138,118,83
534012071,303,150,153,104
534012072,34,17,17,14
534012073,388,190,198,123
534012074,176,89,87,55
534012081,72,32,40,26
534012082,131,67,64,35
534012083,131,63,68,42
534012084,161,76,85,52
534012091,67,32,35,24
534012092,142,73,69,47
534012093,44,25,19,13
534012094,165,83,82,50
534012101,104,51,53,27
534012102,39,23,16,19
534012103,90,44,46,26
534012104,290,143,147,105
534012111,97,45,52,36
534012112,249,119,130,79
534012113,115,59,56,38
534012114,234,114,120,76
534012121,176,87,89,66
534012122,453,219,234,182
534012123,448,212,236,147
534012124,347,171,176,124
534012131,1015,483,532,389
534012132,1241,581,660,500
534012133,752,376,376,288
534012134,921,453,468,342
534012141,785,357,428,320
534012142,896,432,464,396
534012143,1216,603,613,431
534012144,697,347,350,252
534012151,539,282,257,204
534012152,286,137,149,95
534012153,793,405,388,341
534012154,398,192,206,141
534012161,213,99,114,72
534012162,308,155,153,110
534012163,115,60,55,37
534012164,52,30,22,16
534012171,17,9,8,8
534012172,77,36,41,29
534012173,169,82,87,64
534012174,145,62,83,40
534012181,213,103,110,72
534012182,202,108,94,63
534012183,61,29,32,18
534012184,96,46,50,32
534012191,8,5,3,3
534012192,159,76,83,51
534012193,8,3,5,3
534012194,106,53,53,31
534012201,136,69,67,45
534012202,1214,586,628,404
534012203,333,157,176,115
534012204,517,242,275,169
534012211,195,94,101,58
534012212,47,23,24,13
534012213,255,132,123,87
534012214,97,40,57,32
534012221,151,78,73,49
534012222,165,82,83,63
534012223,237,120,117,91
534012224,156,86,70,55
534012231,698,336,362,268
534012232,1340,653,687,498
534012233,535,242,293,180
534012234,929,454,475,346
534012241,1312,633,679,505
534012242,133,56,77,59
534012243,841,375,466,301
534012244,16,8,8,7
534012251,881,437,444,330
534012252,278,128,150,94
534012253,926,458,468,337
534012254,496,210,286,138
534012261,93,46,47,32
534012262,93,42,51,28
534012263,118,55,63,38
534012264,151,77,74,48
534012271,217,99,118,74
534012272,90,48,42,35
534012273,196,96,100,74
534012274,72,40,32,31
534012281,58,31,27,25
534012282,89,46,43,23
534012283,60,23,37,19
534012284,104,55,49,37
534012291,112,55,57,31
534012292,175,82,93,51
534012293,155,76,79,43
534012294,94,49,45,30
534012301,232,115,117,68
534012302,235,127,108,67
534012303,84,37,47,27
534012304,270,134,136,85
534012311,69,35,34,25
534012312,262,132,130,95
534012313,255,132,123,96
534012314,280,131,149,93
534012321,31,12,19,11
534012322,66,28,38,18
534012323,180,89,91,58
534012324,190,81,109,55
534012331,236,128,108,84
534012332,1220,621,599,480
534012333,475,233,242,166
534012334,918,448,470,330
534012341,570,278,292,192
534012342,326,169,157,122
534012343,658,313,345,249
534012344,1144,574,570,468
534012351,785,402,383,284
534012352,806,384,422,268
534012353,614,304,310,224
534012354,460,237,223,150
534012361,137,63,74,45
534012362,239,111,128,81
534012363,137,57,80,45
534012364,143,72,71,44
534012371,64,34,30,23
534012372,37,18,19,14
534012373,110,62,48,32
534012374,5,3,2,1
534012381,73,40,33,25
534012382,40,21,19,14
534012383,136,65,71,41
534012384,136,65,71,41
534012391,65,33,32,24
534012392,58,29,29,20
534012393,109,53,56,31
534012394,104,50,54,28
534012401,171,71,100,54
534012402,242,113,129,82
534012403,110,51,59,36
534012404,113,50,63,50
534012411,352,170,182,122
534012412,105,47,58,39
534012413,3,1,2,1
534012414,1,0,1,1
534012421,0,0,0,0
534012422,114,57,57,37
534012423,0,0,0,0
534012424,29,13,16,9
534012431,255,135,120,87
534012432,607,299,308,236
534012433,187,94,93,66
534012434,259,128,131,88
534012441,527,274,253,236
534012442,692,351,341,278
534012443,84,47,37,36
534012444,181,95,86,82
534012451,242,120,122,81
534012452,38,17,21,14
534012453,133,66,67,48
534012454,96,49,47,29
534012461,148,76,72,39
534012462,47,23,24,15
534012463,102,55,47,32
534012464,232,118,114,74
534012471,97,50,47,28
534012472,20,12,8,5
534012473,80,39,41,27
534012474,62,32,30,25
534012481,37,16,21,14
534012482,248,126,122,85
534012483,53,23,30,20
534012484,247,121,126,77
534012491,109,49,60,32
534012492,59,26,33,16
534012493,124,64,60,41
534012494,46,23,23,18
534012501,132,45,87,26
534012502,72,36,36,18
534012503,44,22,22,11
534012504,9,3,6,4
534012511,0,0,0,0
534012512,0,0,0,0
534012513,14,8,6,3
534012514,26,13,13,7
534012521,4,2,2,2
534012522,87,42,45,25
534012523,38,18,20,10
534012524,48,23,25,13
534012531,202,95,107,58
534012532,248,125,123,95
534012533,15,6,9,5
534012534,374,187,187,133
534012541,260,120,140,90
534012542,131,59,72,39
534012543,235,109,126,76
534012544,96,46,50,29
534012551,190,90,100,61
534012552,213,107,106,69
534012553,84,44,40,28
534012554,113,59,54,31
534012561,110,53,57,28
534012562,187,97,90,62
534012563,175,87,88,63
534012564,98,50,48,37
534012571,99,49,50,30
534012572,75,39,36,29
534012573,96,44,52,32
534012574,165,90,75,66
534012581,74,38,36,25
534012582,248,120,128,89
534012583,195,100,95,59
534012584,226,113,113,86
534012591,172,82,90,51
534012592,76,37,39,22
534012593,97,44,53,27
534012594,6,3,3,1
534012601,0,0,0,0
534012602,0,0,0,0
534012603,0,0,0,0
534012604,14,8,6,3
534012611,0,0,0,0
534012612,78,36,42,18
534012613,0,0,0,0
534012614,0,0,0,0
534012621,53,25,28,19
534012622,107,61,46,31
534012623,137,70,67,42
534012624,17,10,7,5
534012631,29,12,17,7
534012632,118,53,65,36
534012633,0,0,0,0
534012634,0,0,0,0
534012641,50,20,30,18
534012642,161,73,88,46
534012643,97,49,48,43
534012644,49,20,29,18
534012651,137,66,71,45
534012652,184,96,88,65
534012653,140,71,69,43
534012654,175,80,95,63
534012661,191,95,96,68
534012662,330,137,193,90
534012663,236,118,118,81
534012664,178,87,91,55
534012671,129,55,74,44
534012672,208,101,107,79
534012673,17,12,5,8
534012674,132,75,57,45
534012681,179,84,95,54
534012682,135,67,68,53
534012683,167,81,86,57
534012684,103,55,48,41
534012691,158,89,69,66
534012692,105,51,54,38
534012693,139,45,94,29
534012694,73,36,37,25
534012701,0,0,0,0
534012702,0,0,0,0
534012703,0,0,0,0
534012704,0,0,0,0
534012711,8,3,5,2
534012712,30,19,11,8
534012713,127,64,63,36
534012714,196,99,97,55
534012721,84,38,46,22
534012722,82,41,41,24
534012723,95,54,41,27
534012724,20,8,12,9
534012731,0,0,0,0
534012732,0,0,0,0
534012733,238,111,127,85
534012734,330,147,183,89
534012741,244,117,127,95
534012742,189,88,101,78
534012743,657,308,349,258
534012744,369,173,196,172
534012751,271,146,125,91
534012752,230,112,118,85
534012753,278,136,142,89
534012754,66,30,36,19
534012761,115,57,58,39
534012762,93,44,49,26
534012763,127,66,61,47
534012764,178,91,87,44
534012771,34,17,17,13
534012772,186,92,94,65
534012773,50,23,27,18
534012774,83,45,38,34
534012781,286,148,138,106
534012782,173,87,86,66
534012783,102,52,50,41
534012784,104,53,51,39
534012791,93,43,50,27
534012792,20,9,11,8
534012793,38,22,16,13
534012794,22,11,11,10
534012801,0,0,0,0
534012802,14,8,6,5
534012803,0,0,0,0
534012804,100,50,50,26
534012811,38,22,16,11
534012812,3,2,1,2
534012813,24,12,12,10
534012814,0,0,0,0
534012821,66,31,35,22
534012822,25,13,12,6
534012823,22,11,11,8
534012824,35,17,18,11
534012831,121,60,61,35
534012832,45,22,23,14
534012833,119,60,59,32
534012834,143,71,72,45
534012841,453,222,231,156
534012842,255,131,124,104
534012843,341,157,184,110
534012844,321,163,158,116
534012851,283,150,133,88
534012852,130,74,56,55
534012853,68,37,31,19
534012854,137,79,58,40
534012861,25,12,13,8
534012862,35,17,18,17
534012863,107,47,60,37
534012864,28,12,16,7
534012871,53,23,30,20
534012872,188,87,101,57
534012873,180,83,97,58
534012874,435,217,218,162
534012881,122,57,65,43
534012882,96,39,57,31
534012883,137,69,68,50
534012884,163,82,81,55
534012891,49,24,25,16
534012892,86,39,47,28
534012893,67,34,33,23
534012894,17,8,9,7
534012901,0,0,0,0
534012902,30,15,15,6
534012903,30,13,17,8
534012904,0,0,0,0
534012911,43,24,19,11
534012912,0,0,0,0
534012913,0,0,0,0
534012914,0,0,0,0
534012921,24,10,14,6
534012922,32,14,18,10
534012923,20,11,9,6
534012924,126,65,61,34
534012931,0,0,0,0
534012932,31,15,16,8
534012933,0,0,0,0
534012934,49,28,21,11
534012941,67,35,32,26
534012942,27,9,18,9
534012943,65,34,31,17
534012944,61,30,31,21
534012951,44,23,21,11
534012952,115,60,55,28
534012953,116,50,66,33
534012954,163,75,88,49
534012961,153,60,93,37
534012962,50,27,23,11
534012963,213,105,108,76
534012964,76,38,38,21
534012971,175,90,85,56
534012972,897,446,451,312
534012973,138,61,77,45
534012974,569,269,300,192
534012981,378,198,180,133
534012982,50,25,25,20
534012983,365,191,174,132
534012984,164,79,85,58
534012991,125,56,69,43
534012992,64,30,34,22
534012993,59,26,33,23
534012994,80,42,38,23
534013001,156,75,81,59
534013002,48,22,26,18
534013003,55,26,29,14
534013004,53,25,28,13
534013011,242,128,114,73
534013012,0,0,0,0
534013013,205,93,112,60
534013014,0,0,0,0
534013101,133,63,70,43
534013102,109,52,57,37
534013103,123,58,65,43
534013104,92,49,43,31
534013111,228,104,124,71
534013112,54,25,29,19
534013113,137,68,69,43
534013114,137,70,67,45
534013121,0,0,0,0
534013123,0,0,0,0
534013201,59,32,27,21
534013202,214,104,110,66
534013203,84,45,39,34
534013204,136,70,66,43
534013211,38,16,22,14
534013212,409,188,221,132
534013213,122,58,64,40
534013214,630,303,327,216
534013221,0,0,0,0
534013223,70,34,36,38
534013301,113,54,59,43
534013302,105,53,52,29
534013303,89,42,47,28
534013304,184,80,104,51
534013311,62,28,34,24
534013312,447,209,238,145
534013313,140,66,74,43
534013314,271,129,142,90
534013321,46,24,22,16
534013323,76,34,42,27
534013324,0,0,0,0
534013401,92,44,48,33
534013402,227,118,109,64
534013403,86,40,46,33
534013404,98,52,46,38
534013411,35,20,15,14
534013412,173,79,94,76
534013413,108,54,54,39
534013414,70,35,35,25
534013421,79,45,34,38
534013422,0,0,0,0
534013423,325,160,165,86
534013424,0,0,0,0
534013501,116,53,63,35
534013502,35,14,21,15
534013503,222,106,116,82
534013504,29,12,17,8
534013511,57,29,28,18
534013512,35,18,17,11
534013513,150,75,75,51
534013514,145,71,74,43
534013521,380,178,202,109
534013522,43,23,20,18
534013523,54,27,27,17
534013524,252,129,123,85
534013533,0,0,0,0
534013601,189,91,98,63
534013602,88,45,43,24
534013603,161,82,79,51
534013604,77,35,42,18
534013611,147,72,75,49
534013612,53,24,29,13
534013613,63,26,37,23
534013614,38,20,18,12
534013621,51,25,26,21
534013622,241,123,118,75
534013623,28,15,13,10
534013624,292,147,145,97
534013631,0,0,0,0
534013633,187,83,104,66
534013701,75,39,36,22
534013702,55,30,25,21
534013703,119,62,57,32
534013704,79,34,45,24
534013711,7,5,2,2
534013712,79,45,34,20
534013713,5,3,2,1
534013714,170,83,87,47
534013721,28,15,13,11
534013722,222,107,115,65
534013723,65,33,32,17
534013724,123,59,64,37
534013731,345,161,184,95
534013732,2,1,1,1
534013733,678,316,362,212
534013734,47,21,26,15
534013801,264,133,131,90
534013802,130,62,68,48
534013803,71,34,37,28
534013804,216,107,109,73
534013811,27,16,11,9
534013812,119,61,58,37
534022543,202,101,101,71
534022544,20,10,10,6
534022551,526,275,251,157
534022552,261,123,138,86
534022553,104,49,55,34
534022554,37,15,22,10
534022561,105,50,55,39
534022562,757,384,373,224
534022563,68,35,33,21
534022564,148,80,68,49
534022571,549,282,267,235
534022572,492,234,258,146
534022573,576,293,283,200
534022574,416,193,223,143
534022581,55,25,30,16
534022582,75,37,38,22
534022583,274,129,145,100
534022584,156,79,77,49
534022591,136,67,69,37
534022592,112,55,57,30
534022593,65,33,32,28
534022594,226,105,121,77
534022601,5,2,3,2
534022602,2,1,1,1
534022603,2,2,0,2
534022604,20,9,11,7
534022611,13,6,7,5
534022612,39,19,20,10
534022613,0,0,0,0
534022614,61,30,31,19
534022621,98,44,54,30
534022622,51,28,23,14
534022623,46,24,22,13
534022624,0,0,0,0
534022631,28,12,16,8
534022632,315,161,154,101
534022633,17,9,8,6
534022634,426,203,223,140
534022641,696,343,353,239
534022642,162,77,85,49
534022643,791,397,394,260
534022644,35,19,16,16
534023401,107,51,56,30
534023402,0,0,0,0
534023403,97,48,49,28
534023404,124,54,70,36
534023411,159,77,82,53
534023412,292,141,151,102
534023413,60,32,28,17
534023414,404,173,231,141
534023421,478,228,250,155
534023422,140,70,70,39
534023423,587,288,299,185
534023424,217,118,99,56
534023431,45,23,22,13
534023432,0,0,0,0
534023433,107,52,55,26
534023434,204,100,104,71
534023441,270,130,140,84
534023442,232,105,127,64
534023443,151,76,75,53
534023444,220,95,125,67
534023451,237,113,124,54
534023452,547,273,274,193
534023453,350,183,167,115
534023454,139,68,71,48
534023461,442,206,236,160
534023462,0,0,0,0
534023463,607,305,302,211
534023464,26,13,13,6
534023473,0,0,0,0
534030381,5577,2770,2807,2040
534030382,2531,1254,1277,1390
534030383,3167,1573,1594,1360
534030384,2047,1052,995,1131
534030391,586,276,310,346
534030392,1121,501,620,619
534030393,1997,1007,990,1086
534030394,2348,1096,1252,1199
534030442,11,11,0,11
534030443,0,0,0,0
534030444,723,374,349,241
534030451,310,155,155,108
534030452,3194,1465,1729,1249
534030453,3831,1857,1974,1383
534030454,5132,2496,2636,2004
534030461,2140,999,1141,943
534030462,9,4,5,7
534030463,4182,2082,2100,1719
534030464,2298,1139,1159,1039
534030471,2368,1215,1153,1115
534030472,3520,1704,1816,1438
534030473,4611,2327,2284,2169
534030474,2247,1171,1076,1152
534030481,3183,1599,1584,1676
534030482,3096,1607,1489,1677
534032373,40,22,18,8
534032374,31,17,14,10
534032381,94,53,41,29
534032382,0,0,0,0
534032383,0,0,0,0
534032384,19,8,11,4
534032391,23,7,16,7
534032392,241,117,124,89
534032393,70,37,33,24
534032394,101,54,47,34
534032401,45,22,23,17
534032402,58,28,30,20
534032403,24,13,11,7
534032404,17,8,9,4
534032411,10,5,5,2
534032412,1,0,1,1
534032413,37,20,17,17
534032414,22,11,11,6
534032421,8,2,6,3
534032422,50,29,21,16
534032423,28,15,13,7
534032424,161,79,82,55
534032431,56,25,31,15
534032432,198,110,88,55
534032433,295,146,149,90
534032434,207,107,100,78
534032441,70,37,33,21
534032442,86,47,39,29
534032443,82,35,47,26
534032444,276,152,124,116
534032451,12,12,0,12
534032452,64,32,32,17
534032453,38,19,19,14
534032454,95,46,49,27
534032461,45,21,24,17
534032462,51,27,24,16
534032463,26,14,12,8
534032464,13,7,6,5
534032471,59,28,31,20
534032472,0,0,0,0
534032473,59,31,28,18
534032474,49,24,25,13
534040261,505,256,249,201
534040262,2882,1424,1458,1019
534040263,2264,1121,1143,853
534040264,1842,928,914,671
534040271,4414,2160,2254,1727
534040272,3605,1763,1842,1663
534040273,4203,2032,2171,1703
534040274,4770,2284,2486,2000
534040281,227,120,107,86
534040282,247,129,118,103
534040283,569,265,304,191
534040284,72,36,36,25
534040291,1860,951,909,709
534040292,2425,1178,1247,867
534040293,201,85,116,55
534040294,458,231,227,178
534040301,1815,934,881,715
534040302,2754,1435,1319,1195
534040303,2452,1276,1176,1264
534040304,3218,1735,1483,1633
534040311,4051,2102,1949,1972
534040312,2793,1428,1365,1619
534040313,4743,2512,2231,2047
534040314,3228,1725,1503,1554
534040321,2928,1509,1419,1455
534040322,2694,1361,1333,1087
534040323,4097,2100,1997,1817
534040324,2619,1342,1277,1063
534040331,2969,1509,1460,1209
534040332,2180,1003,1177,873
534040333,2961,1496,1465,1091
534040334,2697,1408,1289,1045
534040341,1587,775,812,773
534040342,3882,2029,1853,1466
534040343,2714,1448,1266,1188
534040344,3588,1824,1764,1401
534040351,2424,1204,1220,1034
534040352,1793,880,913,785
534040353,2594,1371,1223,1036
534040354,852,436,416,322
534040361,3130,1617,1513,1190
534040362,2590,1305,1285,996
534044983,45,22,23,12
534044984,119,62,57,27
534044991,35,16,19,10
534044992,22,12,10,6
534044993,16,9,7,5
534044994,159,76,83,34
534045003,0,0,0,0
534013813,69,36,33,28
534013814,85,35,50,31
534013821,127,66,61,39
534013822,102,53,49,31
534013823,363,172,191,113
534013824,156,84,72,45
534013831,532,272,260,163
534013832,255,116,139,89
534013833,186,88,98,60
534013834,498,234,264,156
534013843,6,2,4,2
534013901,121,53,68,44
534013902,267,133,134,106
534013903,142,70,72,48
534013904,205,93,112,77
534013911,115,56,59,35
534013912,117,58,59,37
534013913,179,82,97,55
534013914,36,19,17,13
534013921,188,104,84,68
534013922,82,37,45,29
534013923,110,56,54,31
534013924,37,19,18,11
534013931,127,65,62,41
534013932,760,360,400,222
534013933,119,59,60,30
534013934,425,191,234,124
534013941,91,46,45,37
534013943,118,57,61,36
534013944,0,0,0,0
534020021,0,0,0,0
534020022,0,0,0,0
534020023,0,0,0,0
534020024,0,0,0,0
534020031,0,0,0,0
534020032,0,0,0,0
534020033,0,0,0,0
534020034,1,1,0,1
534020041,230,113,117,75
534020042,723,408,315,319
534020043,62,35,27,29
534020044,338,174,164,141
534020051,709,370,339,285
534020052,852,463,389,354
534020053,1317,665,652,473
534020054,1001,510,491,398
534020061,1190,616,574,446
534020062,386,201,185,145
534020063,625,350,275,248
534020064,897,462,435,337
534020071,39,16,23,14
534020072,427,233,194,169
534020073,879,417,462,361
534020074,217,102,115,76
534020081,637,343,294,256
534020082,1639,831,808,646
534020083,87,49,38,27
534020084,1283,650,633,456
534020091,1820,922,898,692
534020092,1918,993,925,732
534020093,2077,1023,1054,777
534020094,1675,821,854,591
534020121,0,0,0,0
534020122,0,0,0,0
534020131,0,0,0,0
534020132,0,0,0,0
534020133,0,0,0,0
534020134,0,0,0,0
534020141,0,0,0,0
534020142,0,0,0,0
534020143,0,0,0,0
534020144,0,0,0,0
534020151,1440,756,684,480
534020152,1362,709,653,566
534020153,488,269,219,212
534020154,2342,1208,1134,963
534020161,801,401,400,334
534020162,1412,747,665,653
534020163,960,491,469,412
534020164,1895,976,919,791
534020171,1108,584,524,581
534020172,551,299,252,276
534020173,1145,575,570,609
534020174,1852,954,898,862
534020181,280,151,129,96
534020182,129,60,69,49
534020183,268,143,125,124
534020184,0,0,0,0
534020191,1503,773,730,569
534020192,1007,515,492,386
534020193,112,56,56,31
534020194,763,372,391,249
534020231,0,0,0,0
534020232,0,0,0,0
534020233,0,0,0,0
534020234,0,0,0,0
534020241,0,0,0,0
534020242,0,0,0,0
534020243,0,0,0,0
534020244,0,0,0,0
534020251,12,6,6,4
534020252,1625,858,767,629
534020253,14,8,6,5
534020254,559,289,270,214
534020261,855,449,406,383
534020262,1920,1003,917,821
534020263,619,336,283,284
534020264,2220,1181,1039,982
534020271,1133,570,563,462
534020272,1397,700,697,582
534020273,1277,612,665,509
534020274,1314,710,604,565
534020281,1359,703,656,567
534020282,210,104,106,101
534020283,1689,883,806,732
534020284,1368,718,650,607
534020291,0,0,0,0
534020292,413,201,212,149
534020293,208,107,101,93
534020294,25,12,13,10
534020332,0,0,0,0
534020334,0,0,0,0
534020341,0,0,0,0
534020342,0,0,0,0
534020343,0,0,0,0
534020344,0,0,0,0
534020351,0,0,0,0
534020352,281,145,136,88
534020353,0,0,0,0
534020354,0,0,0,0
534020361,261,125,136,78
534020362,1375,729,646,525
534020363,36,29,7,26
534020364,236,140,96,120
534020371,804,402,402,316
534020372,276,145,131,131
534020373,19,17,2,16
534020374,0,0,0,0
534020381,1759,973,786,797
534020382,2222,1139,1083,1005
534020383,369,255,114,226
534020384,1313,754,559,632
534020391,1500,806,694,713
534020392,498,249,249,178
534020393,1629,836,793,698
534020394,933,484,449,396
534020441,0,0,0,0
534020442,0,0,0,0
534020443,0,0,0,0
534020444,0,0,0,0
534020451,0,0,0,0
534020452,0,0,0,0
534020453,0,0,0,0
534020454,0,0,0,0
534020461,0,0,0,0
534020462,0,0,0,0
534020463,0,0,0,0
534020464,0,0,0,0
534020471,0,0,0,0
534020472,0,0,0,0
534020473,0,0,0,0
534020474,0,0,0,0
534020481,0,0,0,0
534020482,190,109,81,111
534020483,0,0,0,0
534020484,2,2,0,2
534020491,1331,688,643,589
534020492,1142,588,554,574
534020493,410,202,208,170
534020494,1947,1025,922,899
534020542,0,0,0,0
534020551,0,0,0,0
534020552,0,0,0,0
534020553,0,0,0,0
534020554,0,0,0,0
534020561,0,0,0,0
534020562,0,0,0,0
534020563,0,0,0,0
534020564,0,0,0,0
534020571,0,0,0,0
534020572,0,0,0,0
534020573,0,0,0,0
534020574,0,0,0,0
534020581,0,0,0,0
534020582,0,0,0,0
534020583,0,0,0,0
534020584,0,0,0,0
534020591,12,8,4,8
534020592,1179,679,500,694
534020593,0,0,0,0
534020594,279,170,109,160
534020652,0,0,0,0
534020671,0,0,0,0
534020672,0,0,0,0
534020673,0,0,0,0
534020674,0,0,0,0
534020681,0,0,0,0
534020682,0,0,0,0
534020683,0,0,0,0
534020684,0,0,0,0
534020691,0,0,0,0
534020692,31,12,19,14
534020693,0,0,0,0
534020694,0,0,0,0
534020771,0,0,0,0
534020772,0,0,0,0
534020773,0,0,0,0
534020774,0,0,0,0
534020781,0,0,0,0
534020782,0,0,0,0
534020783,0,0,0,0
534020784,0,0,0,0
534020791,0,0,0,0
534020792,0,0,0,0
534020793,0,0,0,0
534020794,0,0,0,0
534020862,0,0,0,0
534020864,0,0,0,0
534020871,0,0,0,0
534020872,0,0,0,0
534020873,0,0,0,0
534020874,0,0,0,0
534020881,0,0,0,0
534020882,0,0,0,0
534020883,0,0,0,0
534020884,0,0,0,0
534020891,0,0,0,0
534020892,0,0,0,0
534020893,0,0,0,0
534020894,0,0,0,0
534020962,0,0,0,0
534020964,0,0,0,0
534020971,0,0,0,0
534020972,0,0,0,0
534020973,0,0,0,0
534020974,0,0,0,0
534020981,0,0,0,0
534020982,0,0,0,0
534020983,0,0,0,0
534020984,0,0,0,0
534020991,0,0,0,0
534020992,0,0,0,0
534020993,0,0,0,0
534020994,0,0,0,0
534021001,187,91,96,67
534021002,37,23,14,19
534021003,157,79,78,55
534021004,134,69,65,49
534021011,5,3,2,1
534021012,539,276,263,180
534021013,34,16,18,13
534021014,331,164,167,117
534021021,179,86,93,60
534021022,68,38,30,21
534021023,866,433,433,304
534021024,184,93,91,57
534021031,8,4,4,3
534021032,0,0,0,0
534021033,0,0,0,0
534021034,0,0,0,0
534021041,85,56,29,42
534021042,644,340,304,225
534021043,46,25,21,13
534021044,571,306,265,221
534021051,30,11,19,8
534021052,0,0,0,0
534021053,41,19,22,10
534021054,0,0,0,0
534021061,0,0,0,0
534021062,0,0,0,0
534021063,0,0,0,0
534021064,18,8,10,7
534021071,51,25,26,17
534021072,15,8,7,6
534021073,189,99,90,60
534021074,28,11,17,10
534021081,48,24,24,14
534021082,29,16,13,7
534021083,12,3,9,4
534021084,30,12,18,8
534021091,6,4,2,3
534021092,10,4,6,3
534021093,25,11,14,10
534021094,8,4,4,4
534021101,506,247,259,178
534021102,373,198,175,136
534021103,812,435,377,320
534021104,336,163,173,118
534021111,382,176,206,111
534021112,436,259,177,193
534021113,437,210,227,189
534021114,383,282,101,245
534021121,1180,696,484,419
534021122,8,6,2,4
534021123,2549,1350,1199,988
534021124,859,448,411,339
534021131,6,5,1,6
534021132,24,11,13,7
534021133,89,46,43,33
534021134,147,69,78,52
534021141,437,240,197,174
534021142,558,288,270,205
534021143,439,216,223,148
534021144,161,85,76,50
534021151,0,0,0,0
534021152,0,0,0,0
534021153,173,84,89,48
534021154,0,0,0,0
534021161,0,0,0,0
534021162,10,6,4,4
534021163,0,0,0,0
534021164,0,0,0,0
534021171,50,21,29,17
534021172,33,16,17,13
534021173,5,4,1,2
534021174,69,37,32,23
534021181,6,4,2,2
534021182,167,72,95,13
534021183,5,1,4,1
534021184,0,0,0,0
534021191,7,4,3,2
534021192,29,13,16,8
534021193,3,1,2,1
534021194,11,5,6,5
534021201,1062,548,514,400
534021202,284,135,149,110
534021203,1184,628,556,493
534021204,1528,843,685,573
534021211,383,192,191,146
534021212,1295,684,611,469
534021213,517,263,254,191
534021214,2661,1511,1150,1131
534021221,1969,1016,953,739
534021222,904,489,415,461
534021223,1330,669,661,469
534021224,498,228,270,153
534021231,355,170,185,114
534021232,319,146,173,102
534021233,440,224,216,144
534021234,112,58,54,31
534021241,30,14,16,11
534021242,28,12,16,9
534021243,135,62,73,43
534021244,177,78,99,50
534021251,165,81,84,51
534021252,0,0,0,0
534021253,152,72,80,37
534021254,14,6,8,5
534021261,0,0,0,0
534021262,24,11,13,8
534021263,27,14,13,8
534021264,92,45,47,31
534021271,16,8,8,5
534021272,0,0,0,0
534021273,70,37,33,21
534021274,36,21,15,10
534021281,0,0,0,0
534021282,17,7,10,5
534021283,0,0,0,0
534021284,55,27,28,18
534021291,5,1,4,2
534021292,35,18,17,10
534021293,8,3,5,3
534021294,89,41,48,24
534021301,592,304,288,225
534021302,2090,1012,1078,802
534021303,95,44,51,34
534021304,1176,583,593,425
534021311,871,427,444,319
534021312,1796,897,899,684
534021313,430,216,214,153
534021314,1126,555,571,401
534021321,1398,752,646,541
534021322,111,57,54,39
534021323,256,136,120,83
534021324,73,35,38,26
534021331,320,154,166,107
534021332,202,105,97,62
534021333,245,126,119,93
534021334,614,308,306,222
534021341,1587,749,838,578
534021342,2249,1076,1173,757
534021343,1102,509,593,408
534021344,2372,1149,1223,733
534021351,912,429,483,301
534021352,138,66,72,45
534021353,1684,824,860,523
534021354,161,79,82,56
534021361,123,63,60,33
534021362,38,20,18,12
534021363,63,32,31,17
534021364,80,42,38,26
534021371,30,14,16,10
534021372,0,0,0,0
534021373,28,14,14,11
534021374,0,0,0,0
534021381,61,33,28,16
534021382,21,10,11,4
534021383,5,3,2,3
534021384,699,342,357,249
534021391,49,25,24,17
534021392,159,81,78,50
534021393,88,42,46,29
534021394,35,20,15,14
534021401,800,419,381,322
534021402,402,207,195,173
534021403,1449,765,684,646
534021404,4,3,1,3
534021411,401,190,211,135
534021412,1073,517,556,383
534021413,154,84,70,62
534021414,1175,564,611,435
534021421,183,87,96,61
534021422,234,113,121,69
534021423,1242,589,653,469
534021424,184,91,93,56
534021431,600,283,317,209
534021432,165,86,79,63
534021433,159,78,81,57
534021434,62,30,32,18
534021441,0,0,0,0
534021442,302,146,156,86
534021443,228,107,121,61
534021444,546,279,267,167
534021451,1959,928,1031,636
534021452,922,447,475,329
534021453,468,243,225,152
534021454,1082,563,519,340
534021461,227,115,112,77
534021462,61,28,33,26
534021463,199,99,100,75
534021464,1436,704,732,551
534021471,58,27,31,20
534021472,6,3,3,1
534021473,679,340,339,248
534021474,149,79,70,52
534021481,13,6,7,5
534021482,1515,732,783,510
534021483,117,56,61,39
534021484,232,116,116,77
534021491,465,225,240,153
534021492,165,77,88,59
534021493,654,312,342,219
534021494,178,90,88,56
534021501,2108,1099,1009,927
534021502,1466,766,700,588
534021503,1743,910,833,701
534021504,1398,650,748,537
534021511,777,403,374,327
534021512,1093,548,545,471
534021513,976,505,471,371
534021514,1624,838,786,612
534021521,262,147,115,95
534021522,164,84,80,58
534021523,233,154,79,126
534021524,290,151,139,96
534021531,876,434,442,303
534021532,300,151,149,98
534021533,1066,547,519,377
534021534,1567,826,741,564
534021541,1152,571,581,344
534021542,569,278,291,176
534021543,1983,969,1014,658
534021544,1094,566,528,391
534021551,194,94,100,73
534021552,1426,709,717,520
534021553,1101,568,533,366
534021554,2399,1196,1203,835
534021561,1123,555,568,383
534021562,2010,994,1016,744
534021563,2044,1001,1043,735
534021564,1699,877,822,676
534021571,1321,644,677,506
534021572,432,227,205,126
534021573,1485,782,703,631
534021574,674,345,329,236
534021581,275,130,145,98
534021582,126,71,55,50
534021583,141,80,61,61
534021584,103,50,53,35
534021591,100,43,57,28
534021592,23,11,12,5
534021593,24,10,14,8
534021594,18,8,10,6
534021601,1736,907,829,707
534021602,974,503,471,430
534021603,1454,744,710,618
534021604,1683,898,785,648
534021611,349,189,160,150
534021612,247,114,133,74
534021613,1370,721,649,541
534021614,382,162,220,104
534021621,435,213,222,123
534021622,896,472,424,312
534021623,305,157,148,103
534021624,297,151,146,107
534021631,1617,820,797,602
534021632,1895,931,964,675
534021633,1954,985,969,625
534021634,1417,704,713,442
534021641,1333,677,656,447
534021642,1851,934,917,692
534021643,1604,784,820,567
534021644,1084,555,529,445
534021651,1919,940,979,664
534021652,1035,515,520,390
534021653,1085,531,554,342
534021654,253,126,127,94
534021661,328,163,165,126
534021662,647,328,319,222
534021663,172,89,83,75
534021664,103,53,50,43
534021671,701,308,393,184
534021672,531,215,316,132
534021673,41,19,22,13
534021674,0,0,0,0
534021681,397,168,229,87
534021682,61,28,33,20
534021683,115,60,55,36
534021684,0,0,0,0
534021691,66,34,32,22
534021692,154,83,71,44
534021693,141,52,89,17
534021694,135,74,61,42
534021701,441,238,203,174
534021702,774,396,378,280
534021703,145,93,52,72
534021704,1053,572,481,411
534021711,279,138,141,108
534021712,1632,836,796,614
534021713,424,223,201,171
534021714,1306,646,660,467
534021721,1514,745,769,523
534021722,1153,576,577,416
534021723,791,413,378,284
534021724,660,331,329,245
534021731,2609,1296,1313,866
534021732,2384,1208,1176,853
534021733,1250,619,631,459
534021734,2302,1145,1157,875
534021741,2975,1494,1481,1257
534021742,180,109,71,97
534021743,1137,502,635,361
534021744,10,2,8,4
534021751,628,334,294,117
534021752,87,45,42,34
534021753,3,1,2,2
534021754,3,1,2,1
534021761,294,142,152,112
534021762,69,34,35,19
534021763,45,25,20,15
534021764,150,77,73,44
534021771,73,37,36,20
534021772,33,18,15,7
534021773,107,62,45,34
534021774,39,19,20,12
534021781,72,36,36,23
534021782,4,2,2,1
534021783,116,52,64,18
534021784,138,64,74,24
534021791,31,14,17,9
534021792,67,32,35,22
534021793,45,18,27,13
534021794,38,14,24,11
534021801,457,229,228,184
534021802,1494,766,728,584
534021803,854,432,422,402
534021804,2882,1580,1302,1253
534021811,557,291,266,209
534021812,790,381,409,301
534021813,2146,1118,1028,914
534021814,1182,623,559,571
534021821,222,87,135,45
534021822,15,7,8,4
534021823,400,203,197,122
534021824,103,57,46,43
534021831,0,0,0,0
534021832,442,214,228,171
534021833,415,214,201,146
534021834,447,247,200,197
534021841,488,247,241,191
534021842,115,59,56,37
534021843,58,29,29,19
534021844,84,39,45,35
534021851,0,0,0,0
534021852,0,0,0,0
534021853,37,15,22,10
534021854,28,13,15,9
534021861,37,17,20,12
534021862,10,3,7,3
534021863,12,5,7,5
534021864,209,83,126,10
534021871,84,42,42,27
534021872,6,2,4,2
534021873,40,20,20,10
534021874,0,0,0,0
534021881,95,26,69,7
534021882,54,25,29,20
534021883,0,0,0,0
534021884,9,4,5,2
534021891,48,21,27,16
534021892,39,18,21,11
534021893,0,0,0,0
534021894,13,6,7,5
534021901,1115,552,563,513
534021902,3375,1766,1609,1645
534021903,1623,807,816,774
534021904,2181,1202,979,1178
534021911,3133,1583,1550,1395
534021912,1464,756,708,617
534021913,3326,1656,1670,1361
534021914,1940,984,956,821
534021921,454,255,199,196
534021922,680,338,342,214
534021923,996,511,485,404
534021924,237,46,191,134
534021931,1323,697,626,477
534021932,767,380,387,296
534021933,1417,679,738,525
534021934,529,259,270,182
534021941,24,14,10,7
534021942,116,57,59,34
534021943,94,52,42,39
534021944,117,61,56,37
534021951,172,83,89,52
534021952,66,35,31,25
534021953,81,42,39,29
534021954,82,45,37,30
534021961,11,5,6,3
534021962,69,33,36,17
534021963,112,33,79,16
534021964,26,13,13,7
534021971,26,15,11,8
534021972,0,0,0,0
534021973,14,6,8,4
534021974,13,6,7,7
534021981,5,3,2,2
534021982,47,24,23,16
534021983,84,43,41,30
534021984,257,126,131,88
534021991,92,43,49,33
534021992,34,15,19,12
534021993,121,62,59,40
534021994,72,33,39,19
534022001,7,4,3,1
534022002,0,0,0,0
534022003,9,5,4,3
534022004,72,33,39,18
534022011,0,0,0,0
534022012,0,0,0,0
534022013,0,0,0,0
534022014,0,0,0,0
534022021,0,0,0,0
534022022,12,5,7,4
534022023,0,0,0,0
534022024,62,26,36,16
534022031,19,10,9,4
534022032,108,47,61,27
534022033,129,66,63,38
534022034,25,13,12,6
534022041,35,17,18,10
534022042,447,225,222,171
534022043,87,46,41,28
534022044,859,420,439,332
534022051,90,49,41,27
534022052,124,65,59,37
534022053,460,231,229,147
534022054,70,31,39,20
534022061,204,106,98,51
534022062,239,118,121,80
534022063,279,139,140,90
534022064,431,213,218,154
534022071,135,66,69,41
534022072,616,303,313,202
534022073,218,102,116,76
534022074,441,189,252,130
534022081,494,242,252,158
534022082,116,52,64,37
534022083,208,103,105,69
534022084,162,80,82,48
534022091,56,21,35,19
534022092,69,33,36,18
534022093,297,148,149,103
534022094,121,58,63,36
534022101,87,39,48,25
534022102,1388,688,700,402
534022103,14,7,7,4
534022104,964,455,509,296
534022111,1402,689,713,401
534022112,4,3,1,1
534022113,1582,773,809,482
534022114,940,454,486,272
534022121,0,0,0,0
534022122,0,0,0,0
534022123,0,0,0,0
534022124,7,3,4,2
534022131,27,13,14,6
534022132,159,77,82,51
534022133,36,16,20,12
534022134,368,182,186,120
534022141,984,487,497,298
534022142,335,157,178,121
534022143,1535,772,763,495
534022144,899,438,461,330
534022151,40,23,17,17
534022152,81,40,41,29
534022153,103,53,50,47
534022154,222,103,119,67
534022161,4,2,2,2
534022162,241,111,130,81
534022163,152,75,77,47
534022164,78,38,40,25
534022171,20,10,10,7
534022172,1093,534,559,369
534022173,74,38,36,20
534022174,757,372,385,246
534022181,214,102,112,67
534022182,132,64,68,34
534022183,710,329,381,232
534022184,350,175,175,141
534022191,358,171,187,115
534022192,220,112,108,88
534022193,493,242,251,181
534022194,76,38,38,32
534022201,59,26,33,23
534022202,124,57,67,37
534022203,735,358,377,271
534022204,1997,940,1057,657
534022211,1770,871,899,530
534022212,1414,704,710,465
534022213,1640,808,832,581
534022214,1494,742,752,581
534022221,0,0,0,0
534022222,7,4,3,2
534022223,128,61,67,41
534022224,7,3,4,1
534022231,95,46,49,31
534022232,91,48,43,32
534022233,31,16,15,10
534022234,142,65,77,39
534022241,1033,501,532,363
534022242,770,380,390,324
534022243,222,110,112,78
534022244,432,205,227,213
534022251,939,455,484,358
534022252,1017,493,524,409
534022253,888,461,427,375
534022254,1157,560,597,461
534022261,274,134,140,86
534022262,204,106,98,49
534022263,327,163,164,121
534022264,140,68,72,46
534022271,305,157,148,101
534022272,162,67,95,47
534022273,207,110,97,66
534022274,373,182,191,120
534022281,643,319,324,215
534022282,236,118,118,86
534022283,532,276,256,181
534022284,105,51,54,31
534022291,322,168,154,113
534022292,325,165,160,106
534022293,145,74,71,44
534022294,173,96,77,68
534022301,890,454,436,312
534022302,2179,1050,1129,736
534022303,411,201,210,152
534022304,2421,1183,1238,853
534022311,2344,1155,1189,855
534022312,1680,829,851,628
534022313,1710,806,904,608
534022314,929,454,475,344
534022321,1019,507,512,351
534022322,148,67,81,46
534022323,757,378,379,265
534022324,263,124,139,85
534022331,73,40,33,19
534022332,78,39,39,21
534022333,42,21,21,13
534022334,45,26,19,15
534022341,39,17,22,16
534022342,232,113,119,79
534022343,28,13,15,7
534022344,78,40,38,24
534022351,250,115,135,106
534022352,665,314,351,228
534022353,304,137,167,98
534022354,233,117,116,82
534022361,494,246,248,203
534022362,46,23,23,12
534022363,139,64,75,48
534022364,126,64,62,41
534022371,50,21,29,14
534022372,111,54,57,30
534022373,80,41,39,21
534022374,101,49,52,27
534022381,143,73,70,47
534022382,123,57,66,34
534022383,20,8,12,4
534022384,1,1,0,1
534022391,79,34,45,22
534022392,187,101,86,50
534022393,100,48,52,23
534022394,173,84,89,43
534022401,96,49,47,32
534022402,734,345,389,267
534022403,152,66,86,47
534022404,75,39,36,27
534022411,1334,653,681,507
534022412,798,389,409,288
534022413,406,201,205,155
534022414,195,91,104,67
534022421,617,310,307,212
534022422,26,12,14,11
534022423,263,125,138,101
534022424,7,4,3,4
534022431,33,18,15,12
534022432,84,37,47,22
534022433,26,14,12,7
534022434,30,15,15,6
534022441,133,63,70,40
534022442,90,46,44,30
534022443,93,45,48,28
534022444,175,87,88,56
534022451,106,56,50,43
534022452,282,143,139,92
534022453,611,294,317,199
534022454,96,45,51,29
534022461,12,4,8,4
534022462,63,35,28,25
534022463,33,17,16,9
534022464,64,31,33,13
534022471,49,23,26,13
534022472,0,0,0,0
534022473,278,136,142,85
534022474,82,41,41,24
534022481,0,0,0,0
534022482,0,0,0,0
534022483,2,1,1,1
534022484,40,21,19,12
534022491,0,0,0,0
534022492,73,38,35,17
534022493,65,31,34,20
534022494,84,41,43,22
534022501,37,18,19,12
534022502,101,50,51,37
534022503,0,0,0,0
534022504,120,62,58,41
534022511,489,251,238,171
534022512,298,150,148,102
534022513,40,22,18,14
534022514,128,60,68,41
534022521,291,145,146,99
534022522,0,0,0,0
534022523,37,17,20,14
534022524,39,21,18,16
534022531,4,2,2,1
534022532,185,77,108,56
534022533,25,12,13,8
534022534,317,168,149,101
534022541,21,13,8,8
534022542,151,78,73,46
534022651,61,29,32,22
534022652,60,31,29,21
534022653,182,87,95,63
534022654,61,34,27,18
534022661,163,84,79,52
534022662,75,36,39,22
534022663,54,22,32,15
534022664,180,91,89,53
534022671,9,6,3,2
534022672,196,99,97,75
534022673,139,66,73,50
534022674,408,207,201,130
534022681,626,299,327,214
534022682,1009,546,463,520
534022683,882,436,446,333
534022684,1387,693,694,650
534022691,1067,538,529,468
534022692,463,250,213,192
534022693,1090,557,533,560
534022694,779,411,368,363
534022701,33,16,17,11
534022702,82,51,31,9
534022703,6,3,3,3
534022704,1,0,1,1
534022711,0,0,0,0
534022712,164,86,78,41
534022713,0,0,0,0
534022714,5,1,4,2
534022721,0,0,0,0
534022722,4,3,1,1
534022723,0,0,0,0
534022724,20,10,10,6
534022731,36,17,19,14
534022732,33,12,21,11
534022733,56,28,28,19
534022734,74,36,38,24
534022741,0,0,0,0
534022742,0,0,0,0
534022743,12,5,7,4
534022744,50,25,25,14
534022751,0,0,0,0
534022752,27,17,10,7
534022753,13,5,8,3
534022754,80,42,38,17
534022761,4,3,1,1
534022762,139,68,71,45
534022763,24,11,13,8
534022764,205,106,99,64
534022771,268,131,137,96
534022772,443,211,232,155
534022773,133,62,71,45
534022774,302,147,155,92
534022781,360,172,188,136
534022782,658,328,330,290
534022783,316,161,155,131
534022784,195,91,104,82
534022791,747,356,391,329
534022792,1053,565,488,539
534022793,950,482,468,394
534022794,1471,768,703,655
534022801,0,0,0,0
534022802,37,17,20,12
534022803,0,0,0,0
534022804,0,0,0,0
534022811,34,15,19,13
534022812,0,0,0,0
534022813,104,55,49,34
534022814,91,43,48,32
534022821,16,5,11,7
534022822,54,31,23,22
534022823,70,38,32,27
534022824,117,66,51,45
534022831,35,16,19,14
534022832,18,9,9,8
534022833,364,180,184,117
534022834,187,108,79,84
534022841,16,9,7,4
534022842,56,23,33,19
534022843,18,9,9,6
534022844,67,31,36,22
534022851,8,5,3,3
534022852,40,20,20,10
534022853,0,0,0,0
534022854,59,30,29,18
534022861,58,30,28,22
534022862,212,97,115,66
534022863,89,41,48,33
534022864,65,32,33,24
534022871,17,10,7,5
534022872,1195,566,629,372
534022873,58,26,32,18
534022874,554,278,276,182
534022881,219,109,110,75
534022882,47,23,24,15
534022883,772,390,382,275
534022884,10,6,4,4
534022891,295,158,137,129
534022892,1304,653,651,559
534022893,69,36,33,20
534022894,921,456,465,311
534022901,0,0,0,0
534022902,0,0,0,0
534022903,81,39,42,29
534022904,33,20,13,12
534022911,164,76,88,59
534022912,94,48,46,35
534022913,115,54,61,39
534022914,11,6,5,4
534022921,13,9,4,4
534022922,239,121,118,80
534022923,72,32,40,21
534022924,270,139,131,95
534022931,158,77,81,53
534022932,333,165,168,108
534022933,86,47,39,31
534022934,52,26,26,16
534022941,208,107,101,93
534022942,24,10,14,8
534022943,175,92,83,58
534022944,60,35,25,25
534022951,96,52,44,30
534022952,40,18,22,11
534022953,0,0,0,0
534022954,48,23,25,17
534022961,283,144,139,89
534022962,169,86,83,68
534022963,40,23,17,18
534022964,0,0,0,0
534022971,63,30,33,18
534022972,75,37,38,22
534022973,0,0,0,0
534022974,67,32,35,23
534022981,108,54,54,39
534022982,17,8,9,7
534022983,151,81,70,45
534022984,70,39,31,20
534022991,61,32,29,21
534022992,219,104,115,70
534022993,105,57,48,35
534022994,100,44,56,31
534023001,49,27,22,13
534023002,256,127,129,87
534023003,54,26,28,21
534023004,10,5,5,3
534023011,105,51,54,37
534023012,116,59,57,34
534023013,100,56,44,26
534023014,85,42,43,27
534023021,41,19,22,12
534023022,231,112,119,67
534023023,9,4,5,4
534023024,88,40,48,22
534023031,113,52,61,35
534023032,231,116,115,97
534023033,91,44,47,29
534023034,62,27,35,23
534023041,372,173,199,137
534023042,12,6,6,5
534023043,588,279,309,198
534023044,220,100,120,70
534023101,114,55,59,30
534023102,82,40,42,21
534023103,331,166,165,95
534023104,8,2,6,2
534023111,320,179,141,78
534023112,101,55,46,38
534023113,217,110,107,66
534023114,102,54,48,30
534023121,42,21,21,12
534023122,78,36,42,21
534023123,49,27,22,13
534023124,150,72,78,39
534023131,187,96,91,54
534023132,144,67,77,43
534023133,122,63,59,48
534023134,104,45,59,34
534023141,495,257,238,170
534023142,397,194,203,132
534023143,247,122,125,82
534023144,534,258,276,177
534023151,5,2,3,2
534023153,157,74,83,53
534023201,87,48,39,32
534023202,32,18,14,7
534023203,36,20,16,10
534023204,18,8,10,5
534023211,30,15,15,7
534023212,117,59,58,39
534023213,7,4,3,4
534023214,217,109,108,70
534023221,153,80,73,43
534023222,43,22,21,14
534023223,405,200,205,137
534023224,257,127,130,83
534023231,159,82,77,47
534023232,106,48,58,36
534023233,90,40,50,33
534023234,196,99,97,71
534023241,23,12,11,10
534023242,458,226,232,156
534023243,98,50,48,31
534023244,138,67,71,45
534023251,283,145,138,108
534023252,0,0,0,0
534023253,538,265,273,176
534023254,132,62,70,50
534023301,88,46,42,24
534023302,20,11,9,7
534023303,79,34,45,23
534023304,0,0,0,0
534023311,58,27,31,22
534023312,413,200,213,140
534023313,203,104,99,75
534023314,260,137,123,98
534023321,366,180,186,131
534023322,81,39,42,26
534023323,246,121,125,79
534023324,129,65,64,38
534023331,7,3,4,4
534023332,124,66,58,42
534023333,40,25,15,10
534023334,18,9,9,6
534023341,158,76,82,50
534023342,136,50,86,29
534023343,148,71,77,44
534023344,390,180,210,118
534023351,448,206,242,163
534023352,660,305,355,247
534023353,453,225,228,161
534023354,1021,484,537,334
534023361,27,11,16,17
534023363,102,47,55,44
534023364,0,0,0,0
534023501,96,47,49,25
534023502,62,34,28,23
534023503,195,97,98,67
534023504,11,6,5,5
534023511,121,58,63,43
534023512,675,340,335,247
534023513,137,66,71,52
534023514,682,301,381,187
534023521,831,422,409,178
534023522,266,143,123,76
534023523,244,116,128,81
534023524,107,50,57,32
534023531,193,95,98,65
534023532,206,101,105,69
534023533,97,48,49,27
534023534,131,58,73,42
534023541,303,148,155,102
534023542,142,66,76,45
534023543,15,7,8,7
534023544,233,109,124,78
534023551,97,44,53,26
534023552,31,14,17,13
534023553,69,33,36,20
534023554,70,41,29,21
534023561,180,89,91,57
534023562,123,64,59,40
534023563,24,12,12,8
534023564,452,229,223,149
534023571,1,1,0,1
534023572,0,0,0,0
534023573,185,89,96,72
534023574,0,0,0,0
534023601,304,146,158,95
534023602,125,65,60,45
534023603,552,277,275,191
534023604,153,74,79,48
534023611,329,176,153,121
534023612,389,175,214,147
534023613,5,3,2,3
534023614,30,13,17,12
534023621,463,192,271,123
534023622,50,24,26,18
534023623,118,58,60,37
534023624,50,24,26,15
534023631,87,45,42,36
534023632,76,45,31,24
534023633,26,14,12,11
534023634,67,38,29,23
534023641,60,30,30,19
534023642,163,84,79,65
534023643,83,39,44,24
534023644,38,15,23,13
534023651,85,44,41,29
534023652,119,52,67,34
534023653,183,93,90,57
534023654,71,39,32,27
534023661,19,8,11,7
534023662,230,114,116,80
534023663,18,8,10,6
534023664,57,30,27,16
534023671,322,153,169,93
534023672,14,7,7,5
534023673,251,125,126,77
534023674,194,96,98,70
534023681,0,0,0,0
534023683,0,0,0,0
534023701,816,451,365,346
534023702,249,124,125,94
534023703,409,218,191,181
534023704,73,41,32,36
534023711,41,22,19,12
534023712,0,0,0,0
534023713,8,3,5,3
534023714,12,7,5,3
534023721,6,4,2,1
534023722,86,44,42,26
534023723,0,0,0,0
534023724,113,53,60,34
534023731,177,89,88,58
534023732,76,35,41,25
534023733,88,48,40,32
534023734,73,32,41,22
534023741,61,31,30,16
534023742,73,33,40,27
534023743,154,75,79,50
534023744,86,40,46,32
534023751,27,10,17,13
534023752,149,76,73,44
534023753,26,15,11,14
534023754,88,40,48,21
534023761,84,40,44,23
534023762,35,14,21,13
534023763,234,112,122,68
534023764,21,10,11,6
534023771,10,3,7,3
534023772,252,121,131,100
534023773,264,130,134,87
534023774,92,46,46,30
534023781,23,8,15,8
534023782,0,0,0,0
534023783,240,123,117,75
534023784,0,0,0,0
534023801,464,242,222,218
534023802,0,0,0,0
534023803,597,283,314,225
534023804,297,143,154,105
534023811,104,47,57,30
534023812,530,256,274,158
534023813,146,69,77,59
534023814,521,277,244,185
534023821,93,48,45,22
534023822,19,11,8,7
534023823,0,0,0,0
534023824,210,101,109,63
534023831,481,244,237,144
534023832,249,124,125,84
534023833,279,143,136,122
534023834,14,9,5,5
534023841,85,49,36,28
534023842,147,69,78,58
534023843,29,11,18,7
534023844,259,127,132,93
534023851,323,155,168,113
534023852,104,51,53,31
534023853,389,189,200,123
534023854,44,19,25,14
534023861,219,95,124,74
534023862,34,17,17,11
534023863,112,58,54,31
534023864,19,9,10,5
534023871,66,33,33,21
534023872,111,56,55,41
534023873,171,77,94,51
534023874,178,87,91,61
534023881,193,96,97,64
534023882,189,103,86,59
534023883,138,64,74,43
534023884,297,142,155,96
534023891,0,0,0,0
534023893,33,19,14,7
534023894,0,0,0,0
534023901,380,195,185,142
534023902,384,225,159,188
534023903,404,195,209,158
534023904,34,14,20,22
534023911,443,220,223,178
534023912,1084,564,520,442
534023913,260,127,133,88
534023914,454,235,219,233
534023921,295,142,153,123
534023922,11,7,4,5
534023923,262,156,106,156
534023924,0,0,0,0
534023931,577,411,166,349
534023932,266,126,140,77
534023933,54,29,25,20
534023934,326,163,163,102
534023941,170,87,83,45
534023942,140,75,65,62
534023943,153,67,86,49
534023944,280,142,138,121
534023951,235,127,108,82
534023952,43,22,21,10
534023953,110,53,57,43
534023954,124,55,69,32
534023961,73,36,37,20
534023962,82,38,44,22
534023963,0,0,0,0
534023964,38,20,18,12
534023971,65,29,36,20
534023972,125,62,63,31
534023973,41,24,17,12
534023974,169,83,86,48
534023981,171,86,85,55
534023982,53,27,26,16
534023983,17,9,8,6
534023984,13,5,8,5
534023991,94,46,48,26
534023992,0,0,0,0
534023993,358,173,185,60
534023994,111,58,53,34
534024903,0,0,0,0
534030062,0,0,0,0
534030064,0,0,0,0
534030071,0,0,0,0
534030072,0,0,0,0
534030073,0,0,0,0
534030074,0,0,0,0
534030081,0,0,0,0
534030082,0,0,0,0
534030083,0,0,0,0
534030084,0,0,0,0
534030091,0,0,0,0
534030092,48,22,26,23
534030093,0,0,0,0
534030094,536,297,239,249
534030162,0,0,0,0
534030163,0,0,0,0
534030164,0,0,0,0
534030171,0,0,0,0
534030172,0,0,0,0
534030173,0,0,0,0
534030174,0,0,0,0
534030181,0,0,0,0
534030182,20,9,11,6
534030183,6,6,0,6
534030184,35,15,20,13
534030191,1,1,0,1
534030192,1575,797,778,703
534030193,1757,967,790,862
534030194,1844,957,887,924
534030254,0,0,0,0
534030261,2,1,1,1
534030262,0,0,0,0
534030263,0,0,0,0
534030264,0,0,0,0
534030271,0,0,0,0
534030272,0,0,0,0
534030273,0,0,0,0
534030274,0,0,0,0
534030281,1,1,0,1
534030282,728,387,341,357
534030283,610,285,325,234
534030284,1225,582,643,586
534030291,2678,1342,1336,1300
534030292,2038,991,1047,1083
534030293,3198,1549,1649,1694
534030294,1047,474,573,492
534030344,0,0,0,0
534030351,0,0,0,0
534030352,1,1,0,1
534030353,5,5,0,5
534030354,95,47,48,29
534030361,1,0,1,1
534030362,0,0,0,0
534030363,52,24,28,22
534030364,0,0,0,0
534030371,1,1,0,1
534030372,1082,500,582,459
534030373,82,39,43,35
534030374,4374,2301,2073,1952
534030483,2371,1163,1208,1465
534030484,2850,1490,1360,1593
534030491,1440,765,675,803
534030492,2759,1407,1352,1432
534030493,2003,1076,927,977
534030494,1941,989,952,889
534030532,0,0,0,0
534030533,0,0,0,0
534030534,9,4,5,4
534030541,640,319,321,231
534030542,1607,761,846,481
534030543,1344,638,706,473
534030544,2947,1410,1537,1027
534030551,3011,1459,1552,1014
534030552,7551,3719,3832,2895
534030553,2422,1215,1207,879
534030554,2572,1345,1227,1420
534030561,5738,2882,2856,2609
534030562,3386,1772,1614,1835
534030563,3367,1662,1705,1628
534030564,1204,604,600,490
534030571,2904,1460,1444,1241
534030572,3061,1615,1446,1794
534030573,3188,1655,1533,1434
534030574,2232,1155,1077,1078
534030581,416,218,198,323
534030582,2777,1372,1405,1238
534030583,1644,825,819,805
534030584,3836,1880,1956,1542
534030591,2618,1432,1186,1321
534030592,1384,707,677,622
534030593,2997,1489,1508,1254
534030594,2453,1247,1206,1087
534030622,0,0,0,0
534030624,0,0,0,0
534030631,151,81,70,59
534030632,1315,654,661,508
534030633,3773,1891,1882,1379
534030634,5266,2617,2649,1827
534030641,2556,1268,1288,982
534030642,8253,3944,4309,2928
534030643,2248,1100,1148,763
534030644,4751,2317,2434,2391
534030651,3561,1790,1771,1593
534030652,1003,536,467,487
534030653,4594,2257,2337,1880
534030654,2250,1110,1140,900
534030661,2400,1155,1245,1036
534030662,2241,1159,1082,1014
534030663,1580,779,801,618
534030664,2837,1460,1377,1255
534030671,3272,1621,1651,1617
534030672,3873,1943,1930,1709
534030673,3416,1728,1688,1561
534030674,2777,1406,1371,1086
534030681,1207,615,592,532
534030682,2533,1325,1208,1340
534030683,2236,1132,1104,979
534030684,2108,1064,1044,878
534030691,3498,1787,1711,1652
534030692,2712,1321,1391,1344
534030693,1592,792,800,656
534030694,296,160,136,127
534030714,0,0,0,0
534030721,0,0,0,0
534030722,0,0,0,0
534030723,1,1,0,1
534030724,0,0,0,0
534030731,1336,663,673,467
534030732,5440,2722,2718,1920
534030733,0,0,0,0
534030734,23,16,7,23
534030741,485,235,250,163
534030742,2405,1168,1237,1019
534030743,0,0,0,0
534030744,1128,533,595,409
534030751,3289,1589,1700,1288
534030752,1910,935,975,786
534030753,2471,1221,1250,981
534030754,2762,1381,1381,1142
534030761,1011,517,494,364
534030762,3201,1629,1572,1153
534030763,1679,888,791,788
534030764,2194,1118,1076,838
534030771,4353,2137,2216,1802
534030772,3594,1815,1779,1566
534030773,4278,2137,2141,1632
534030774,1945,989,956,775
534030781,2592,1252,1340,970
534030782,1370,666,704,495
534030783,2106,1048,1058,810
534030784,2863,1411,1452,1195
534030791,1585,752,833,633
534030792,573,278,295,213
534030793,1929,981,948,859
534030794,440,206,234,163
534030803,0,0,0,0
534030804,0,0,0,0
534030811,0,0,0,0
534030812,19,19,0,19
534030813,0,0,0,0
534030814,61,61,0,61
534030821,8,6,2,6
534030822,0,0,0,0
534030823,29,22,7,19
534030824,186,99,87,68
534030831,0,0,0,0
534030832,0,0,0,0
534030833,3,1,2,1
534030834,1307,600,707,552
534030841,2677,1268,1409,977
534030842,1586,775,811,626
534030843,3999,1935,2064,1515
534030844,3217,1578,1639,1304
534030851,2481,1232,1249,1119
534030852,2959,1441,1518,1493
534030853,2130,1046,1084,879
534030854,2405,1120,1285,960
534030861,2846,1395,1451,1243
534030862,3298,1640,1658,1339
534030863,2742,1350,1392,1087
534030864,4471,2237,2234,1687
534030871,3366,1656,1710,1216
534030872,2058,1037,1021,772
534030873,3349,1652,1697,1186
534030874,1446,731,715,540
534030881,2009,1007,1002,796
534030882,4431,2168,2263,1741
534030883,1796,879,917,632
534030884,2870,1399,1471,1158
534030891,2121,1041,1080,895
534030892,822,419,403,315
534030893,1689,861,828,593
534030894,2390,1208,1182,865
534030901,0,0,0,0
534030902,0,0,0,0
534030903,0,0,0,0
534030904,0,0,0,0
534030911,0,0,0,0
534030912,0,0,0,0
534030913,25,9,16,9
534030914,1322,658,664,405
534030921,237,128,109,84
534030922,1392,730,662,501
534030923,2178,1093,1085,697
534030924,2085,1007,1078,796
534030931,1217,576,641,446
534030932,2708,1370,1338,1138
534030933,3081,1529,1552,1287
534030934,2431,1195,1236,1036
534030941,2082,996,1086,871
534030942,1990,980,1010,1059
534030943,2351,1176,1175,930
534030944,1645,832,813,717
534030951,2058,1042,1016,796
534030952,2334,1170,1164,767
534030953,428,232,196,168
534030954,3163,1558,1605,1020
534030961,1304,635,669,507
534030962,2495,1200,1295,887
534030963,1289,650,639,496
534030964,372,179,193,147
534030971,1766,885,881,640
534030972,1391,675,716,510
534030973,3626,1810,1816,1480
534030974,3394,1652,1742,1360
534030981,651,334,317,253
534030982,1136,553,583,400
534030983,361,179,182,123
534030984,125,54,71,36
534030991,1888,962,926,666
534030992,932,453,479,326
534030993,374,193,181,142
534030994,633,346,287,256
534031001,1438,738,700,687
534031002,2384,1383,1001,1218
534031003,1267,656,611,621
534031004,3468,1789,1679,1408
534031011,1466,758,708,582
534031012,1677,877,800,712
534031013,3147,1526,1621,1175
534031014,1231,619,612,488
534031021,1964,1010,954,839
534031022,1660,838,822,596
534031023,1930,899,1031,775
534031024,2185,1089,1096,893
534031031,1614,769,845,584
534031032,92,48,44,34
534031033,690,344,346,256
534031034,371,180,191,143
534031041,210,123,87,80
534031042,411,176,235,136
534031043,844,419,425,326
534031044,1117,546,571,418
534031051,107,53,54,37
534031052,45,20,25,15
534031053,0,0,0,0
534031054,5,3,2,2
534031061,87,43,44,31
534031062,25,13,12,9
534031063,2,1,1,1
534031064,36,22,14,11
534031071,1,1,0,1
534031072,143,67,76,54
534031073,84,40,44,25
534031074,270,132,138,88
534031081,548,278,270,193
534031082,174,69,105,34
534031083,47,21,26,16
534031084,35,21,14,9
534031091,12,6,6,4
534031092,135,62,73,46
534031093,0,0,0,0
534031094,0,0,0,0
534031101,1917,979,938,758
534031102,1645,824,821,639
534031103,2009,1011,998,913
534031104,2322,1205,1117,1065
534031111,1265,635,630,484
534031112,495,255,240,190
534031113,423,218,205,169
534031114,1005,497,508,413
534031121,1483,736,747,619
534031122,1216,630,586,441
534031123,860,472,388,393
534031124,174,91,83,79
534031131,398,189,209,133
534031132,200,93,107,65
534031133,334,149,185,130
534031134,350,176,174,162
534031141,1260,606,654,459
534031142,1275,626,649,476
534031143,1182,571,611,421
534031144,457,221,236,186
534031151,226,108,118,82
534031152,188,94,94,79
534031153,384,199,185,139
534031154,431,221,210,154
534031161,38,16,22,11
534031162,116,54,62,36
534031163,142,46,96,12
534031164,228,114,114,72
534031171,307,153,154,119
534031172,492,236,256,157
534031173,496,248,248,190
534031174,1088,533,555,377
534031181,127,66,61,40
534031182,23,23,0,23
534031183,0,0,0,0
534031184,52,27,25,13
534031191,23,8,15,8
534031192,15,6,9,5
534031193,90,46,44,26
534031194,9,5,4,3
534031201,1481,738,743,721
534031202,1555,755,800,679
534031203,1531,745,786,806
534031204,1665,792,873,746
534031211,2030,989,1041,833
534031212,1357,732,625,623
534031213,1477,716,761,708
534031214,1004,525,479,444
534031221,67,37,30,20
534031222,374,185,189,131
534031223,125,70,55,55
534031224,103,52,51,41
534031231,469,228,241,189
534031232,103,56,47,36
534031233,220,111,109,82
534031234,98,43,55,38
534031241,808,407,401,292
534031242,255,123,132,94
534031243,322,165,157,118
534031244,106,53,53,33
534031251,136,75,61,51
534031252,175,89,86,49
534031253,182,92,90,56
534031254,61,30,31,27
534031261,59,38,21,29
534031262,30,18,12,7
534031263,5,5,0,5
534031264,14,7,7,3
534031271,9,5,4,3
534031272,353,171,182,129
534031273,8,4,4,3
534031274,0,0,0,0
534031281,81,35,46,22
534031282,136,61,75,35
534031283,44,22,22,13
534031284,66,29,37,23
534031291,155,70,85,46
534031292,26,12,14,9
534031293,14,7,7,4
534031294,4,2,2,1
534031301,2807,1351,1456,1265
534031302,1902,952,950,948
534031303,3190,1630,1560,1513
534031304,1885,1001,884,876
534031311,1004,530,474,544
534031312,1396,710,686,550
534031313,1627,829,798,727
534031314,2233,1081,1152,874
534031321,1026,503,523,430
534031322,843,422,421,340
534031323,1647,813,834,634
534031324,1227,596,631,488
534031331,184,89,95,68
534031332,142,84,58,64
534031333,297,156,141,117
534031334,560,272,288,199
534031341,269,125,144,92
534031342,162,84,78,58
534031343,65,30,35,24
534031344,294,144,150,139
534031351,421,216,205,176
534031352,51,27,24,19
534031353,1943,930,1013,743
534031354,1647,797,850,699
534031361,65,30,35,24
534031362,37,17,20,12
534031363,124,61,63,44
534031364,65,29,36,20
534031371,101,42,59,27
534031372,25,13,12,7
534031373,34,16,18,11
534031374,9,5,4,5
534031381,0,0,0,0
534031382,32,13,19,8
534031383,12,6,6,3
534031384,86,42,44,24
534031391,13,5,8,2
534031392,26,12,14,7
534031393,0,0,0,0
534031394,0,0,0,0
534031401,2942,1507,1435,1476
534031402,3231,2270,961,959
534031403,3590,1704,1886,1440
534031404,1787,882,905,721
534031411,1166,575,591,507
534031412,716,371,345,287
534031413,260,144,116,113
534031414,92,55,37,33
534031421,1097,531,566,429
534031422,1131,530,601,458
534031423,1766,872,894,640
534031424,2715,1360,1355,1006
534031431,986,474,512,387
534031432,468,205,263,145
534031433,528,233,295,182
534031434,337,166,171,126
534031441,155,96,59,42
534031442,2620,1169,1451,1135
534031443,619,320,299,214
534031444,1201,578,623,473
534031451,1630,779,851,709
534031452,2379,1154,1225,970
534031453,2225,1091,1134,948
534031454,2075,1063,1012,764
534031461,319,168,151,119
534031462,72,37,35,22
534031463,38,19,19,12
534031464,2,1,1,1
534031471,110,36,74,5
534031472,7,4,3,2
534031473,0,0,0,0
534031474,145,40,105,24
534031481,87,45,42,24
534031482,55,26,29,17
534031483,85,42,43,25
534031484,87,43,44,27
534031491,3,1,2,1
534031492,0,0,0,0
534031493,64,29,35,21
534031494,28,13,15,8
534031501,1975,938,1037,763
534031502,824,381,443,318
534031503,1698,866,832,622
534031504,680,342,338,242
534031511,346,171,175,134
534031512,314,165,149,127
534031513,757,383,374,267
534031514,2409,1242,1167,1048
534031521,1103,549,554,440
534031522,2067,1019,1048,778
534031523,2321,1194,1127,1013
534031524,2069,1172,897,807
534031531,846,421,425,303
534031532,1677,800,877,705
534031533,2453,1317,1136,979
534031534,2717,1329,1388,1085
534031541,1769,880,889,713
534031542,2042,997,1045,881
534031543,1558,739,819,615
534031544,209,104,105,102
534031551,887,458,429,369
534031552,709,329,380,241
534031553,1237,603,634,387
534031554,1367,679,688,420
534031561,0,0,0,0
534031562,0,0,0,0
534031563,201,108,93,79
534031564,4,4,0,3
534031571,46,25,21,13
534031572,118,63,55,38
534031573,95,51,44,29
534031574,32,16,16,9
534031581,117,57,60,36
534031582,12,5,7,4
534031583,0,0,0,0
534031584,0,0,0,0
534031591,33,18,15,8
534031592,14,7,7,6
534031593,0,0,0,0
534031594,0,0,0,0
534031601,1313,649,664,499
534031602,1614,791,823,602
534031603,1150,574,576,422
534031604,2509,1230,1279,991
534031611,2186,1076,1110,732
534031612,3044,1540,1504,1321
534031613,1842,907,935,708
534031614,2795,1397,1398,1245
534031621,2546,1284,1262,1260
534031622,2429,1255,1174,983
534031623,2513,1253,1260,1162
534031624,2551,1269,1282,1012
534031631,950,484,466,362
534031632,840,432,408,319
534031633,1450,737,713,561
534031634,112,58,54,58
534031641,377,195,182,130
534031642,23,11,12,9
534031643,236,156,80,123
534031644,12,7,5,2
534031651,78,40,38,22
534031652,748,372,376,228
534031653,27,15,12,10
534031654,17,15,2,17
534031661,1094,546,548,345
534031662,92,89,3,4
534031663,9,4,5,3
534031664,0,0,0,0
534031671,78,37,41,23
534031672,0,0,0,0
534031673,30,16,14,9
534031674,60,33,27,22
534031681,0,0,0,0
534031682,0,0,0,0
534031683,0,0,0,0
534031684,0,0,0,0
534031691,0,0,0,0
534031692,0,0,0,0
534031693,22,12,10,5
534031694,53,27,26,15
534031701,629,323,306,209
534031702,2643,1336,1307,1047
534031703,34,15,19,12
534031704,2372,1168,1204,887
534031711,2179,1068,1111,791
534031712,1692,849,843,660
534031713,1394,692,702,519
534031714,311,153,158,137
534031721,2056,1055,1001,802
534031722,431,221,210,158
534031723,1365,705,660,465
534031724,580,294,286,176
534031731,249,129,120,91
534031732,35,18,17,14
534031733,983,472,511,293
534031734,1363,679,684,493
534031741,255,126,129,90
534031742,77,41,36,21
534031743,533,284,249,187
534031744,57,31,26,15
534031751,32,16,16,9
534031752,126,67,59,33
534031753,26,12,14,8
534031754,57,25,32,17
534031761,11,4,7,3
534031762,15,7,8,4
534031763,30,15,15,9
534031764,60,23,37,20
534031771,8,4,4,2
534031772,74,38,36,23
534031773,0,0,0,0
534031774,6,3,3,3
534031781,94,46,48,27
534031782,34,18,16,9
534031783,111,57,54,28
534031784,41,22,19,10
534031791,110,48,62,34
534031792,10,5,5,3
534031793,25,11,14,8
534031794,24,10,14,5
534031801,1861,904,957,649
534031802,1118,569,549,478
534031803,2900,1422,1478,984
534031804,26,12,14,11
534031811,102,56,46,42
534031812,100,20,80,2
534031813,49,40,9,49
534031814,1143,596,547,446
534031821,1613,1006,607,433
534031822,1746,885,861,599
534031823,1864,956,908,713
534031824,2829,1421,1408,1010
534031831,845,426,419,275
534031832,847,401,446,296
534031833,1562,776,786,553
534031834,1279,633,646,431
534031841,1147,559,588,408
534031842,0,0,0,0
534031843,558,273,285,172
534031844,94,47,47,28
534031851,104,62,42,43
534031852,46,23,23,17
534031853,30,15,15,11
534031854,37,19,18,8
534031861,15,8,7,7
534031862,18,10,8,7
534031863,85,43,42,30
534031864,8,5,3,4
534031871,8,5,3,5
534031872,2,1,1,1
534031873,57,26,31,15
534031874,0,0,0,0
534031881,28,13,15,9
534031882,75,35,40,22
534031883,227,122,105,69
534031884,54,24,30,15
534031891,147,69,78,42
534031892,17,8,9,6
534031893,45,23,22,11
534031894,0,0,0,0
534031901,732,383,349,283
534031902,746,399,347,283
534031903,267,182,85,175
534031904,415,229,186,182
534031911,682,358,324,293
534031912,1800,937,863,733
534031913,946,424,522,323
534031914,3402,1797,1605,1297
534031921,1795,938,857,709
534031922,2046,1007,1039,818
534031923,2425,1225,1200,862
534031924,1998,1017,981,704
534031931,2499,1208,1291,942
534031932,2046,1038,1008,800
534031933,1702,880,822,619
534031934,1918,966,952,821
534031941,661,354,307,260
534031942,1886,914,972,691
534031943,596,294,302,218
534031944,903,436,467,328
534031951,269,169,100,63
534031952,26,15,11,10
534031953,1398,682,716,494
534031954,573,281,292,185
534031961,14,8,6,7
534031962,112,104,8,12
534031963,96,45,51,27
534031964,32,15,17,9
534031971,0,0,0,0
534031972,0,0,0,0
534031973,2,1,1,1
534031974,72,35,37,18
534031981,86,38,48,24
534031982,17,8,9,7
534031983,0,0,0,0
534031984,0,0,0,0
534031991,57,30,27,16
534031992,25,11,14,6
534031993,98,47,51,30
534031994,217,106,111,62
534032001,53,33,20,25
534032002,108,50,58,35
534032003,95,32,63,18
534032004,0,0,0,0
534032011,0,0,0,0
534032012,7,4,3,5
534032013,0,0,0,0
534032014,46,26,20,13
534032021,70,35,35,19
534032022,99,47,52,40
534032023,85,50,35,29
534032024,142,63,79,52
534032031,122,62,60,39
534032032,34,16,18,11
534032033,29,21,8,15
534032034,8,4,4,4
534032041,35,20,15,11
534032042,148,117,31,41
534032043,54,29,25,15
534032044,34,19,15,11
534032051,28,15,13,10
534032052,63,33,30,18
534032053,40,21,19,12
534032054,166,71,95,57
534032061,0,0,0,0
534032062,0,0,0,0
534032063,3,2,1,2
534032064,7,2,5,3
534032071,0,0,0,0
534032072,0,0,0,0
534032073,0,0,0,0
534032074,0,0,0,0
534032081,53,26,27,14
534032082,87,44,43,28
534032083,12,7,5,5
534032084,57,30,27,13
534032091,129,61,68,37
534032092,107,55,52,36
534032093,43,22,21,15
534032094,19,9,10,7
534032101,0,0,0,0
534032102,2,1,1,1
534032103,0,0,0,0
534032104,7,3,4,2
534032111,30,14,16,10
534032112,35,20,15,14
534032113,103,57,46,34
534032114,132,67,65,41
534032121,95,47,48,29
534032122,69,38,31,27
534032123,169,88,81,55
534032124,11,6,5,4
534032131,95,46,49,30
534032132,29,14,15,9
534032133,196,97,99,63
534032134,35,17,18,12
534032141,126,59,67,37
534032142,7,4,3,3
534032143,77,38,39,18
534032144,20,11,9,7
534032151,37,17,20,12
534032152,59,32,27,19
534032153,176,77,99,14
534032154,32,18,14,13
534032161,11,5,6,4
534032162,31,15,16,9
534032163,0,0,0,0
534032164,0,0,0,0
534032171,0,0,0,0
534032172,0,0,0,0
534032173,14,8,6,5
534032174,0,0,0,0
534032181,5,3,2,1
534032182,121,62,59,31
534032183,34,17,17,14
534032184,79,39,40,23
534032191,5,1,4,2
534032192,0,0,0,0
534032193,0,0,0,0
534032194,0,0,0,0
534032201,6,3,3,3
534032202,116,60,56,43
534032203,26,13,13,7
534032204,18,9,9,4
534032211,161,87,74,50
534032212,191,103,88,69
534032213,53,30,23,18
534032214,10,7,3,8
534032221,65,39,26,26
534032222,47,24,23,15
534032223,87,43,44,23
534032224,35,18,17,18
534032231,168,82,86,49
534032232,21,12,9,10
534032233,159,85,74,63
534032234,175,94,81,52
534032241,46,25,21,11
534032242,30,17,13,11
534032243,86,48,38,25
534032244,49,24,25,21
534032251,11,7,4,9
534032252,165,77,88,53
534032253,9,4,5,3
534032254,75,36,39,23
534032261,25,16,9,9
534032262,95,48,47,30
534032263,5,3,2,4
534032264,0,0,0,0
534032271,110,57,53,31
534032272,34,17,17,7
534032273,0,0,0,0
534032274,43,24,19,13
534032281,43,22,21,14
534032282,0,0,0,0
534032283,0,0,0,0
534032284,0,0,0,0
534032291,0,0,0,0
534032292,0,0,0,0
534032293,27,12,15,8
534032294,17,7,10,5
534032301,0,0,0,0
534032302,44,27,17,17
534032303,46,41,5,1
534032304,63,46,17,41
534032311,48,31,17,27
534032312,47,26,21,15
534032313,43,26,17,17
534032314,24,14,10,8
534032321,19,14,5,14
534032322,12,8,4,7
534032323,11,6,5,4
534032324,46,20,26,16
534032331,48,23,25,15
534032332,97,51,46,30
534032333,86,46,40,33
534032334,113,61,52,37
534032341,274,139,135,35
534032342,48,22,26,16
534032343,83,39,44,28
534032344,63,31,32,15
534032351,28,13,15,9
534032352,36,18,18,12
534032353,7,2,5,2
534032354,104,52,52,38
534032361,9,5,4,4
534032362,0,0,0,0
534032363,17,7,10,5
534032364,23,6,17,8
534032371,0,0,0,0
534032372,25,10,15,6
534032481,0,0,0,0
534032482,82,35,47,23
534032483,28,13,15,7
534032484,126,61,65,43
534032491,132,68,64,38
534032492,52,23,29,16
534032493,120,55,65,38
534032494,190,91,99,63
534032501,0,0,0,0
534032502,67,23,44,9
534032503,0,0,0,0
534032504,0,0,0,0
534032511,24,12,12,8
534032512,146,75,71,47
534032513,9,6,3,3
534032514,34,20,14,10
534032521,50,26,24,20
534032522,147,75,72,49
534032523,162,80,82,49
534032524,287,140,147,79
534032531,291,143,148,87
534032532,300,157,143,102
534032533,130,63,67,41
534032534,62,35,27,16
534032541,900,449,451,256
534032542,282,136,146,99
534032543,40,21,19,12
534032544,259,121,138,81
534032551,158,79,79,53
534032552,195,97,98,68
534032553,587,302,285,203
534032554,363,187,176,117
534032561,249,124,125,74
534032562,9,5,4,2
534032563,77,39,38,24
534032564,13,6,7,4
534032571,74,36,38,21
534032572,49,24,25,14
534032573,11,5,6,4
534032574,6,3,3,2
534032581,129,70,59,43
534032582,342,165,177,122
534032583,159,77,82,52
534032584,255,127,128,90
534032591,178,92,86,60
534032592,355,171,184,108
534032593,514,238,276,173
534032594,1061,507,554,358
534032601,93,45,48,27
534032602,162,85,77,48
534032603,59,26,33,19
534032604,78,41,37,26
534032611,56,30,26,17
534032612,23,10,13,8
534032613,106,52,54,34
534032614,36,19,17,12
534032621,60,35,25,17
534032622,53,29,24,19
534032623,187,94,93,59
534032624,106,59,47,43
534032631,117,59,58,39
534032632,126,66,60,40
534032633,185,86,99,52
534032634,261,132,129,83
534032641,280,145,135,94
534032642,354,182,172,118
534032643,180,82,98,56
534032644,44,24,20,15
534032651,351,177,174,109
534032652,85,48,37,36
534032653,763,385,378,235
534032654,222,114,108,67
534032661,37,15,22,13
534032662,19,12,7,8
534032663,49,27,22,16
534032664,41,20,21,18
534032671,98,49,49,32
534032672,37,16,21,12
534032673,56,27,29,20
534032674,173,83,90,61
534032681,169,67,102,34
534032682,969,506,463,321
534032683,284,138,146,98
534032684,235,115,120,70
534032691,103,52,51,32
534032692,27,17,10,11
534032693,30,17,13,11
534032694,15,8,7,3
534032701,2,1,1,1
534032702,2,1,1,1
534032703,71,36,35,24
534032704,24,12,12,9
534032711,47,25,22,13
534032712,58,36,22,24
534032713,71,37,34,18
534032714,80,43,37,27
534032721,477,238,239,152
534032722,1003,510,493,330
534032723,40,20,20,16
534032724,519,266,253,171
534032731,148,83,65,46
534032732,230,114,116,73
534032733,326,169,157,116
534032734,261,132,129,83
534032741,246,119,127,78
534032742,284,145,139,92
534032743,249,132,117,89
534032744,330,169,161,116
534032751,276,131,145,91
534032752,206,101,105,62
534032753,347,169,178,124
534032754,53,24,29,22
534032761,130,76,54,60
534032762,166,93,73,73
534032763,152,72,80,48
534032764,60,31,29,20
534032771,62,38,24,22
534032772,73,41,32,20
534032773,108,56,52,30
534032774,55,25,30,16
534032781,124,59,65,36
534032782,64,34,30,14
534032783,219,77,142,43
534032784,9,4,5,3
534032791,119,57,62,32
534032792,177,85,92,56
534032793,162,76,86,46
534032794,227,123,104,69
534032801,28,17,11,11
534032802,50,24,26,19
534032803,0,0,0,0
534032804,15,10,5,7
534032811,60,29,31,21
534032812,128,65,63,42
534032813,26,12,14,6
534032814,46,21,25,16
534032821,22,13,9,8
534032822,257,132,125,79
534032823,33,15,18,12
534032824,223,110,113,67
534032831,607,300,307,205
534032832,493,242,251,175
534032833,356,170,186,111
534032834,184,92,92,61
534032841,141,65,76,44
534032842,502,248,254,162
534032843,226,120,106,78
534032844,1092,545,547,420
534032851,376,187,189,124
534032852,344,168,176,101
534032853,723,350,373,284
534032854,834,424,410,331
534032861,549,286,263,202
534032862,288,151,137,85
534032863,559,277,282,211
534032864,101,50,51,42
534032871,65,33,32,25
534032872,14,8,6,3
534032873,193,95,98,65
534032874,0,0,0,0
534032881,187,99,88,61
534032882,280,142,138,93
534032883,129,64,65,39
534032884,214,108,106,79
534032891,194,102,92,57
534032892,277,146,131,102
534032893,289,141,148,98
534032894,165,81,84,42
534032901,0,0,0,0
534032902,48,25,23,11
534032903,71,35,36,25
534032904,51,25,26,15
534032911,143,74,69,41
534032912,164,82,82,53
534032913,28,13,15,11
534032914,116,59,57,35
534032921,339,172,167,99
534032922,558,272,286,201
534032923,292,142,150,93
534032924,453,237,216,135
534032931,259,127,132,92
534032932,331,170,161,103
534032933,57,34,23,20
534032934,103,50,53,35
534032941,413,197,216,142
534032942,721,379,342,291
534032943,1106,547,559,391
534032944,387,197,190,148
534032951,1043,493,550,376
534032952,1059,493,566,400
534032953,361,175,186,144
534032954,1345,626,719,462
534032961,726,360,366,258
534032962,235,126,109,84
534032963,794,374,420,276
534032964,675,343,332,230
534032971,293,151,142,101
534032972,284,148,136,102
534032973,335,167,168,116
534032974,60,33,27,17
534032981,60,30,30,19
534032982,176,94,82,56
534032983,90,49,41,15
534032984,91,52,39,30
534032991,117,63,54,42
534032992,22,13,9,8
534032993,201,102,99,58
534032994,62,30,32,17
534033001,301,142,159,111
534033002,325,162,163,128
534033003,9,5,4,2
534033004,343,183,160,186
534033011,16,8,8,6
534033012,87,46,41,52
534033013,176,85,91,58
534033014,45,25,20,15
534033021,166,82,84,72
534033022,146,68,78,51
534033023,28,14,14,7
534033024,67,29,38,24
534033031,0,0,0,0
534033032,263,139,124,80
534033033,20,11,9,4
534033034,18,10,8,7
534033041,32,21,11,17
534033042,553,275,278,214
534033043,100,54,46,38
534033044,138,67,71,43
534033051,43,22,21,14
534033052,279,145,134,94
534033053,56,26,30,19
534033054,179,83,96,58
534033061,132,61,71,38
534033062,20,12,8,4
534033063,180,88,92,50
534033064,52,24,28,21
534033071,70,35,35,21
534033072,180,95,85,68
534033073,244,116,128,75
534033074,225,107,118,59
534033081,85,48,37,32
534033082,15,7,8,4
534033083,191,93,98,55
534033084,74,33,41,21
534033091,24,10,14,4
534033092,267,125,142,86
534033093,0,0,0,0
534033094,142,68,74,45
534033101,211,106,105,67
534033102,264,166,98,49
534033103,145,56,89,34
534033104,123,60,63,36
534033111,302,144,158,109
534033112,55,29,26,18
534033113,138,74,64,48
534033114,558,282,276,214
534033121,15,6,9,5
534033122,34,18,16,11
534033123,379,199,180,155
534033124,84,44,40,24
534033131,110,58,52,34
534033132,0,0,0,0
534033133,385,194,191,121
534033134,155,73,82,45
534033141,139,65,74,42
534033142,190,82,108,63
534033143,6,2,4,2
534033144,148,69,79,40
534033151,122,66,56,30
534033152,38,23,15,16
534033153,262,140,122,87
534033154,192,99,93,68
534033161,80,38,42,21
534033162,8,3,5,3
534033163,105,53,52,37
534033164,208,105,103,62
534033171,5,2,3,3
534033172,14,6,8,5
534033173,64,33,31,24
534033174,40,19,21,11
534033181,27,14,13,10
534033182,245,107,138,55
534033183,11,5,6,3
534033184,261,114,147,57
534033191,23,11,12,7
534033192,0,0,0,0
534033193,195,94,101,52
534033194,61,31,30,19
534033201,13,7,6,3
534033202,44,19,25,13
534033203,0,0,0,0
534033204,100,46,54,31
534033211,12,9,3,9
534033212,381,192,189,143
534033213,114,62,52,33
534033214,57,28,29,24
534033221,692,339,353,259
534033222,677,339,338,243
534033223,265,137,128,97
534033224,575,284,291,213
534033231,482,248,234,217
534033232,90,40,50,36
534033233,882,428,454,374
534033234,0,0,0,0
534033241,0,0,0,0
534033242,71,33,38,17
534033243,0,0,0,0
534033244,4,2,2,1
534033251,245,124,121,73
534033252,305,138,167,102
534033253,158,78,80,49
534033254,226,109,117,66
534033261,24,11,13,8
534033262,145,68,77,44
534033263,67,29,38,23
534033264,117,60,57,35
534033271,89,46,43,27
534033272,174,85,89,48
534033273,76,37,39,27
534033274,99,47,52,28
534033281,130,64,66,44
534033282,57,30,27,14
534033283,4,1,3,2
534033284,37,20,17,13
534033291,51,23,28,14
534033292,211,111,100,55
534033293,0,0,0,0
534033294,222,108,114,65
534033301,76,40,36,29
534033302,78,41,37,27
534033303,53,25,28,13
534033304,90,48,42,21
534033311,72,37,35,19
534033312,55,30,25,15
534033313,37,20,17,8
534033314,41,20,21,12
534034301,140,69,71,43
534034302,66,32,34,19
534034303,72,34,38,19
534034304,121,52,69,39
534034311,11,6,5,5
534034312,80,47,33,45
534034313,26,14,12,7
534034314,5,3,2,2
534034321,112,50,62,34
534034322,0,0,0,0
534034323,174,81,93,46
534034324,74,37,37,22
534034331,0,0,0,0
534034333,0,0,0,0
534034334,0,0,0,0
534034401,109,48,61,38
534034402,205,103,102,59
534034403,50,23,27,17
534034404,82,35,47,24
534034411,112,50,62,31
534034412,26,11,15,7
534034413,88,47,41,26
534034414,101,45,56,33
534034421,49,26,23,17
534034422,102,51,51,38
534034423,20,11,9,5
534034424,109,57,52,36
534034431,277,128,149,82
534034432,0,0,0,0
534034433,208,104,104,43
534034434,215,95,120,69
534034443,0,0,0,0
534033321,223,111,112,76
534033322,154,72,82,59
534033323,19,10,9,6
534033324,68,27,41,19
534033331,582,299,283,215
534033332,211,87,124,69
534033333,118,55,63,43
534033334,54,26,28,19
534033341,201,90,111,64
534033342,108,55,53,34
534033343,302,137,165,84
534033344,82,40,42,25
534033351,0,0,0,0
534033352,166,88,78,54
534033353,0,0,0,0
534033354,40,19,21,8
534033361,89,40,49,24
534033362,175,82,93,58
534033363,95,47,48,25
534033364,119,62,57,45
534033371,84,37,47,29
534033372,163,82,81,47
534033373,106,51,55,34
534033374,68,32,36,19
534033381,64,31,33,17
534033382,0,0,0,0
534033383,115,55,60,28
534033384,114,55,59,35
534033391,42,18,24,14
534033392,99,55,44,32
534033393,8,4,4,3
534033394,4,3,1,2
534033401,28,12,16,8
534033402,0,0,0,0
534033403,39,22,17,12
534033404,0,0,0,0
534033411,0,0,0,0
534033412,0,0,0,0
534033413,0,0,0,0
534033414,30,12,18,9
534033421,38,17,21,14
534033422,44,20,24,12
534033423,55,26,29,19
534033424,41,18,23,14
534033431,76,40,36,25
534033432,0,0,0,0
534033433,0,0,0,0
534033434,0,0,0,0
534033441,0,0,0,0
534033442,176,86,90,49
534033443,7,3,4,1
534033444,24,13,11,7
534033451,0,0,0,0
534033452,0,0,0,0
534033453,239,111,128,78
534033454,42,22,20,13
534033461,95,44,51,27
534033462,290,149,141,90
534033463,84,49,35,24
534033464,147,72,75,58
534033471,70,35,35,24
534033472,59,30,29,18
534033473,112,56,56,38
534033474,98,52,46,26
534033481,188,94,94,61
534033482,6,4,2,2
534033483,33,15,18,9
534033484,59,31,28,17
534033491,63,35,28,18
534033492,203,100,103,54
534033493,31,15,16,10
534033494,0,0,0,0
534033501,24,12,12,9
534033502,0,0,0,0
534033503,30,12,18,8
534033504,34,21,13,10
534033511,0,0,0,0
534033512,62,29,33,22
534033513,0,0,0,0
534033514,12,7,5,5
534033521,98,48,50,28
534033522,31,14,17,10
534033523,30,12,18,8
534033524,3,1,2,1
534033531,0,0,0,0
534033532,0,0,0,0
534033533,0,0,0,0
534033534,0,0,0,0
534033541,12,6,6,4
534033542,16,6,10,4
534033543,4,2,2,1
534033544,114,58,56,34
534033551,146,75,71,40
534033552,96,40,56,28
534033553,62,30,32,19
534033554,156,49,107,26
534033561,263,124,139,86
534033562,21,14,7,5
534033563,484,241,243,181
534033564,217,121,96,84
534033571,129,61,68,42
534033572,144,70,74,41
534033573,139,73,66,42
534033574,252,124,128,73
534033581,70,36,34,21
534033582,122,57,65,28
534033583,47,24,23,14
534033584,29,15,14,11
534033591,32,15,17,9
534033592,77,40,37,18
534033593,10,6,4,3
534033594,96,47,49,27
534033601,15,6,9,3
534033602,0,0,0,0
534033603,62,35,27,18
534033604,0,0,0,0
534033611,0,0,0,0
534033612,67,32,35,17
534033613,99,43,56,32
534033614,68,38,30,19
534033621,42,22,20,12
534033622,37,21,16,13
534033623,77,41,36,21
534033624,0,0,0,0
534033631,0,0,0,0
534033632,0,0,0,0
534033633,53,25,28,15
534033634,24,14,10,5
534033641,33,17,16,9
534033642,12,7,5,5
534033643,55,28,27,16
534033644,58,29,29,15
534033651,0,0,0,0
534033652,0,0,0,0
534033653,3,1,2,1
534033654,0,0,0,0
534033661,433,199,234,163
534033662,305,154,151,117
534033663,152,77,75,55
534033664,393,195,198,133
534033671,139,65,74,46
534033672,62,31,31,19
534033673,165,77,88,64
534033674,61,32,29,19
534033681,33,15,18,10
534033682,167,80,87,50
534033683,64,31,33,19
534033684,26,13,13,6
534033691,22,9,13,7
534033692,46,24,22,18
534033693,276,134,142,87
534033694,154,82,72,55
534033701,449,220,229,132
534033702,119,59,60,38
534033703,0,0,0,0
534033704,0,0,0,0
534033711,43,20,23,17
534033712,89,41,48,27
534033713,44,17,27,16
534033714,45,21,24,16
534033721,17,7,10,7
534033722,4,1,3,1
534033723,41,18,23,12
534033724,27,13,14,8
534033731,18,8,10,6
534033732,10,5,5,4
534033733,0,0,0,0
534033734,0,0,0,0
534033741,36,14,22,11
534033742,16,6,10,5
534033743,0,0,0,0
534033744,70,35,35,20
534033751,119,65,54,36
534033752,57,29,28,20
534033753,58,30,28,15
534033754,103,53,50,31
534033761,118,55,63,46
534033762,351,174,177,129
534033763,16,10,6,5
534033764,47,24,23,13
534033771,40,21,19,21
534033772,89,40,49,25
534033773,193,91,102,63
534033774,13,6,7,5
534033781,70,34,36,22
534033782,176,86,90,52
534033783,65,29,36,17
534033784,235,117,118,76
534033791,94,52,42,30
534033792,487,243,244,175
534033793,151,77,74,46
534033794,95,43,52,30
534033801,280,134,146,82
534033802,132,60,72,44
534033803,182,82,100,53
534033804,118,54,64,29
534033811,37,19,18,14
534033812,21,13,8,8
534033813,82,43,39,25
534033814,10,4,6,2
534033821,4,2,2,2
534033822,7,4,3,2
534033823,29,15,14,10
534033824,30,17,13,8
534033831,0,0,0,0
534033832,0,0,0,0
534033833,8,4,4,3
534033834,3,2,1,1
534033841,86,47,39,25
534033842,185,93,92,61
534033843,66,33,33,21
534033844,57,27,30,12
534033851,38,18,20,15
534033852,17,9,8,7
534033853,60,29,31,17
534033854,18,9,9,7
534033861,73,33,40,18
534033862,52,26,26,15
534033863,68,35,33,21
534033864,161,80,81,48
534033871,146,71,75,50
534033872,77,42,35,32
534033873,0,0,0,0
534033874,342,172,170,114
534033881,187,93,94,65
534033882,382,190,192,124
534033883,605,275,330,209
534033884,303,156,147,120
534033891,146,76,70,41
534033892,276,128,148,81
534033893,255,120,135,90
534033894,662,309,353,252
534033901,116,54,62,37
534033902,107,53,54,29
534033903,78,36,42,25
534033904,58,30,28,16
534033911,41,22,19,14
534033912,17,9,8,6
534033913,30,15,15,11
534033914,7,4,3,3
534033921,23,11,12,6
534033922,0,0,0,0
534033923,31,17,14,11
534033924,91,45,46,26
534033931,0,0,0,0
534033932,8,5,3,3
534033933,0,0,0,0
534033934,17,9,8,6
534033941,55,29,26,15
534033942,8,3,5,3
534033943,59,28,31,16
534033944,0,0,0,0
534033951,7,4,3,2
534033952,0,0,0,0
534033953,6,3,3,3
534033954,29,14,15,9
534033961,0,0,0,0
534033962,83,40,43,25
534033963,0,0,0,0
534033964,149,75,74,48
534033971,0,0,0,0
534033972,12,6,6,4
534033973,72,35,37,19
534033974,47,24,23,12
534033981,574,270,304,162
534033982,324,148,176,105
534033983,0,0,0,0
534033984,375,184,191,134
534033991,613,290,323,215
534033992,738,351,387,294
534033993,308,151,157,125
534033994,303,153,150,109
534034001,30,13,17,10
534034002,0,0,0,0
534034003,165,82,83,47
534034004,0,0,0,0
534034101,202,100,102,58
534034102,108,49,59,37
534034103,5,1,4,1
534034104,331,167,164,102
534034111,0,0,0,0
534034113,46,22,24,14
534034114,0,0,0,0
534034201,63,31,32,18
534034202,130,64,66,36
534034203,217,110,107,63
534034204,26,10,16,8
534034211,517,252,265,157
534034212,20,11,9,6
534034213,179,88,91,50
534034214,432,215,217,121
534034221,0,0,0,0
534034223,0,0,0,0
534034224,0,0,0,0
534034501,23,11,12,8
534034502,59,29,30,20
534034503,237,116,121,65
534034504,177,91,86,42
534034511,110,52,58,31
534034512,87,41,46,30
534034513,42,21,21,13
534034514,72,38,34,24
534034521,200,100,100,61
534034522,106,50,56,30
534034523,166,81,85,54
534034524,107,48,59,29
534034531,208,99,109,50
534034532,102,50,52,33
534034533,26,13,13,6
534034534,141,66,75,30
534034541,103,53,50,46
534034542,0,0,0,0
534034543,134,64,70,40
534034544,144,72,72,42
534034553,0,0,0,0
534034601,122,64,58,43
534034602,88,43,45,29
534034603,144,70,74,52
534034604,54,26,28,25
534034611,71,36,35,23
534034612,200,101,99,76
534034613,81,42,39,35
534034614,120,61,59,41
534034621,132,62,70,51
534034622,76,37,39,18
534034623,13,7,6,4
534034624,46,23,23,14
534034631,88,45,43,27
534034632,131,62,69,34
534034633,29,13,16,8
534034634,142,69,73,39
534034641,18,9,9,4
534034642,196,88,108,45
534034643,99,42,57,21
534034644,59,28,31,17
534034651,484,239,245,131
534034652,0,0,0,0
534034653,304,162,142,93
534034654,299,144,155,96
534034663,0,0,0,0
534034701,109,53,56,38
534034702,21,10,11,5
534034703,206,98,108,81
534034704,114,58,56,42
534034711,135,68,67,55
534034712,148,70,78,45
534034713,363,176,187,152
534034714,78,35,43,23
534034721,54,25,29,16
534034722,33,15,18,11
534034723,125,59,66,27
534034724,157,77,80,39
534034731,0,0,0,0
534034732,138,61,77,34
534034733,0,0,0,0
534034734,33,17,16,8
534034741,107,53,54,26
534034742,17,10,7,4
534034743,204,97,107,47
534034744,58,26,32,15
534034751,71,35,36,20
534034752,348,199,149,65
534034753,153,72,81,47
534034754,118,54,64,31
534034761,262,136,126,83
534034762,7,4,3,3
534034763,364,186,178,115
534034764,251,120,131,69
534034773,0,0,0,0
534034801,308,157,151,116
534034802,183,100,83,65
534034803,344,150,194,103
534034804,423,210,213,133
534034811,42,20,22,10
534034812,25,13,12,5
534034813,209,98,111,57
534034814,16,9,7,4
534034821,12,5,7,6
534034822,45,23,22,11
534034823,0,0,0,0
534034824,38,20,18,8
534034831,201,102,99,45
534034832,178,88,90,45
534034833,0,0,0,0
534034834,121,68,53,26
534034841,152,92,60,48
534034842,204,106,98,55
534034843,160,79,81,44
534034844,99,52,47,30
534034851,141,66,75,41
534034852,32,14,18,10
534034853,167,81,86,43
534034854,111,56,55,36
534034861,162,75,87,48
534034862,262,131,131,62
534034863,38,19,19,15
534034864,98,54,44,27
534034871,243,120,123,59
534034872,0,0,0,0
534034873,225,110,115,77
534034874,108,52,56,39
534034883,0,0,0,0
534034901,348,161,187,111
534034902,242,115,127,77
534034903,418,212,206,142
534034904,57,29,28,16
534034911,60,30,30,20
534034912,94,44,50,30
534034913,84,39,45,25
534034914,21,11,10,7
534034921,62,30,32,16
534034922,0,0,0,0
534034923,132,59,73,36
534034924,31,17,14,8
534034931,4,1,3,1
534034932,66,33,33,26
534034933,2,1,1,1
534034934,17,6,11,5
534034941,42,23,19,14
534034942,138,59,79,32
534034943,40,23,17,8
534034944,30,16,14,8
534034951,150,68,82,34
534034952,57,28,29,15
534034953,181,90,91,47
534034954,183,86,97,47
534034961,0,0,0,0
534034962,33,16,17,14
534034963,131,63,68,36
534034964,4,3,1,2
534034971,61,29,32,16
534034972,190,94,96,55
534034973,4,2,2,1
534034974,68,37,31,18
534034981,112,49,63,32
534034982,0,0,0,0
534034983,171,84,87,48
534034984,11,4,7,5
534034993,0,0,0,0
534040001,0,0,0,0
534040002,97,75,22,63
534040003,41,19,22,12
534040004,1609,814,795,560
534040011,1440,641,799,423
534040012,2891,1385,1506,1017
534040013,4178,2018,2160,1526
534040014,3640,1762,1878,1580
534040021,2166,1075,1091,752
534040022,2009,1020,989,853
534040023,1862,921,941,753
534040024,517,250,267,220
534040031,3198,1757,1441,1669
534040032,2887,1498,1389,1317
534040033,2339,1222,1117,1197
534040034,3486,1846,1640,1636
534040041,870,446,424,366
534040042,1289,642,647,465
534040043,643,365,278,297
534040044,79,26,53,4
534040051,315,160,155,100
534040052,408,200,208,127
534040053,176,90,86,66
534040054,202,99,103,60
534040061,739,376,363,246
534040062,176,88,88,49
534040063,135,82,53,62
534040064,244,118,126,87
534040071,614,299,315,239
534040072,1744,854,890,677
534040073,83,41,42,24
534040074,148,78,70,52
534040081,179,88,91,61
534040082,458,241,217,151
534040083,278,142,136,120
534040084,298,159,139,119
534040091,555,299,256,245
534040092,150,79,71,67
534040093,501,248,253,143
534040094,102,51,51,37
534040101,0,0,0,0
534040102,1257,622,635,436
534040103,1952,951,1001,775
534040104,6591,3235,3356,2393
534040111,3643,1739,1904,1485
534040112,4118,2026,2092,1785
534040113,2245,1183,1062,1005
534040114,2924,1441,1483,1224
534040121,2254,1149,1105,929
534040122,1910,951,959,679
534040123,2416,1203,1213,1057
534040124,1677,836,841,675
534040131,2634,1443,1191,1245
534040132,3623,1823,1800,1579
534040133,3298,1720,1578,1348
534040134,2951,1502,1449,1236
534040141,2303,1098,1205,789
534040142,184,90,94,66
534040143,2388,1241,1147,910
534040144,1378,696,682,528
534040151,394,204,190,151
534040152,1668,822,846,537
534040153,488,238,250,205
534040154,1881,958,923,740
534040161,168,84,84,56
534040162,127,67,60,51
534040163,967,499,468,369
534040164,603,308,295,237
534040171,226,110,116,67
534040172,60,33,27,27
534040173,85,45,40,32
534040174,765,352,413,229
534040181,647,356,291,292
534040182,1052,552,500,408
534040183,711,372,339,284
534040184,629,326,303,237
534040191,767,383,384,297
534040192,92,54,38,41
534040193,1050,679,371,311
534040194,1677,836,841,608
534040201,4420,2145,2275,1810
534040202,2834,1444,1390,1288
534040203,2526,1208,1318,1007
534040204,2888,1451,1437,1104
534040211,2150,1105,1045,1003
534040212,4060,2116,1944,1803
534040213,1808,916,892,841
534040214,1294,651,643,544
534040221,3934,2017,1917,1764
534040222,592,297,295,263
534040223,2704,1487,1217,1408
534040224,1804,981,823,802
534040231,4013,2072,1941,1598
534040232,2427,1227,1200,1166
534040233,2445,1266,1179,1003
534040234,3853,1965,1888,1619
534040241,3255,1682,1573,1402
534040242,3135,1612,1523,1146
534040243,3881,2081,1800,1851
534040244,2737,1401,1336,1015
534040251,1675,908,767,745
534040252,1011,534,477,439
534040253,2791,1440,1351,1146
534040254,2290,1172,1118,1034
534040363,2680,1309,1371,988
534040364,2299,1124,1175,1005
534040371,2562,1313,1249,938
534040372,3383,1633,1750,1355
534040373,2996,1416,1580,1299
534040374,1129,550,579,466
534040381,224,112,112,68
534040382,81,40,41,28
534040383,159,71,88,61
534040384,321,154,167,108
534040391,1553,767,786,549
534040392,289,135,154,107
534040393,1838,894,944,612
534040394,122,57,65,36
534040401,3066,1508,1558,1585
534040402,3442,1786,1656,1575
534040403,719,358,361,281
534040404,1847,966,881,781
534040411,2609,1383,1226,1053
534040412,3310,1703,1607,1484
534040413,3682,1844,1838,1326
534040414,3736,1827,1909,1275
534040421,2958,1501,1457,1347
534040422,3087,1591,1496,1248
534040423,3287,1667,1620,1268
534040424,2600,1308,1292,985
534040431,2931,1475,1456,1075
534040432,3290,1629,1661,1199
534040433,3300,1645,1655,1353
534040434,3472,1699,1773,1239
534040441,2397,1241,1156,920
534040442,1461,794,667,585
534040443,1580,767,813,580
534040444,837,433,404,351
534040451,559,295,264,208
534040452,89,42,47,31
534040453,7,4,3,2
534040454,74,72,2,72
534040461,1942,990,952,765
534040462,2323,1159,1164,957
534040463,1411,726,685,545
534040464,500,241,259,208
534040471,2322,1111,1211,1112
534040472,2960,1472,1488,1257
534040473,3005,1486,1519,1293
534040474,2321,1140,1181,929
534040481,643,331,312,264
534040482,55,26,29,15
534040483,3503,1731,1772,1298
534040484,224,123,101,99
534040491,558,328,230,259
534040492,144,73,71,42
534040493,258,125,133,90
534040494,106,53,53,33
534040501,224,136,88,115
534040502,754,336,418,217
534040503,85,42,43,20
534040504,61,33,28,20
534040511,448,230,218,156
534040512,1358,657,701,492
534040513,2562,1270,1292,957
534040514,696,354,342,318
534040521,2673,1350,1323,952
534040522,3612,1789,1823,1465
534040523,2840,1415,1425,1005
534040524,3309,1696,1613,1244
534040531,4139,2084,2055,1640
534040532,2465,1222,1243,921
534040533,3854,1943,1911,1505
534040534,3908,1901,2007,1597
534040541,2212,1609,603,566
534040542,982,490,492,384
534040543,3295,1713,1582,1335
534040544,1200,652,548,535
534040551,0,0,0,0
534040552,0,0,0,0
534040553,170,92,78,53
534040554,554,273,281,208
534040561,14,6,8,7
534040562,293,135,158,98
534040563,1580,757,823,569
534040564,2212,1118,1094,765
534040571,2348,1250,1098,984
534040572,2715,1345,1370,1028
534040573,1716,864,852,614
534040574,2250,1114,1136,796
534040581,2823,1407,1416,1148
534040582,2037,1000,1037,834
534040583,2611,1283,1328,992
534040584,2245,1129,1116,905
534040591,1722,868,854,638
534040592,2322,1156,1166,919
534040593,1221,603,618,481
534040594,1963,960,1003,844
534040601,79,36,43,18
534040602,269,125,144,77
534040603,17,7,10,5
534040604,324,171,153,100
534040611,2338,1172,1166,1126
534040612,3298,1669,1629,1203
534040613,411,208,203,165
534040614,2608,1321,1287,922
534040621,2661,1275,1386,892
534040622,2671,1316,1355,944
534040623,3488,1730,1758,1310
534040624,3254,1639,1615,1302
534040631,3615,1783,1832,1454
534040632,5249,2630,2619,2145
534040633,3070,1499,1571,1357
534040634,2757,1307,1450,1227
534040641,3143,1632,1511,1210
534040642,2444,1309,1135,1100
534040643,3559,1793,1766,1645
534040644,785,400,385,339
534040651,2003,1004,999,709
534040652,2598,1272,1326,1119
534040653,1627,802,825,577
534040654,2044,1044,1000,700
534040661,5162,2530,2632,2171
534040662,1879,934,945,655
534040663,2059,990,1069,820
534040664,1671,848,823,614
534040671,1706,871,835,586
534040672,1213,609,604,428
534040673,1560,790,770,514
534040674,1365,669,696,496
534040681,2094,1068,1026,811
534040682,1975,1011,964,748
534040683,1966,1003,963,744
534040684,1613,814,799,549
534040691,1544,762,782,612
534040692,2286,1131,1155,877
534040693,1296,648,648,498
534040694,2242,1099,1143,826
534040701,100,45,55,35
534040702,69,39,30,32
534040703,616,320,296,215
534040704,866,453,413,349
534040711,2777,1324,1453,1038
534040712,2432,1206,1226,874
534040713,3484,1725,1759,1323
534040714,3286,1623,1663,1202
534040721,3647,1793,1854,1391
534040722,3391,1707,1684,1422
534040723,3105,1538,1567,1304
534040724,2970,1423,1547,1361
534040731,3041,1526,1515,1287
534040732,3558,1832,1726,1579
534040733,2542,1259,1283,1130
534040734,3155,1559,1596,1202
534040741,2263,1231,1032,1012
534040742,872,508,364,447
534040743,2292,1203,1089,936
534040744,250,138,112,122
534040751,1045,539,506,358
534040752,1355,684,671,569
534040753,442,230,212,147
534040754,2024,960,1064,786
534040761,3819,1885,1934,1275
534040762,3358,1698,1660,1198
534040763,2551,1207,1344,878
534040764,1233,618,615,431
534040771,3079,1506,1573,1033
534040772,2969,1497,1472,1021
534040773,2281,1163,1118,789
534040774,1181,586,595,429
534040781,3382,1602,1780,1384
534040782,954,492,462,402
534040783,3573,1813,1760,1357
534040784,968,494,474,356
534040791,376,185,191,119
534040792,3674,1839,1835,1725
534040793,319,159,160,105
534040794,3809,1919,1890,1678
534040801,455,275,180,225
534040802,1951,984,967,793
534040803,214,107,107,75
534040804,444,215,229,192
534040811,2581,1321,1260,1112
534040812,1652,815,837,628
534040813,2100,1053,1047,747
534040814,1662,846,816,610
534040821,924,435,489,344
534040822,1705,822,883,688
534040823,2195,1062,1133,886
534040824,1419,722,697,561
534040831,3315,1604,1711,1289
534040832,3454,1658,1796,1253
534040833,979,494,485,352
534040834,2612,1311,1301,942
534040841,2600,1286,1314,944
534040842,455,233,222,144
534040843,996,448,548,282
534040844,89,41,48,23
534040851,45,23,22,13
534040852,33,17,16,16
534040853,35,16,19,12
534040854,0,0,0,0
534040861,25,13,12,7
534040862,23,11,12,7
534040863,104,51,53,36
534040864,69,32,37,25
534040871,63,33,30,25
534040872,27,12,15,7
534040873,0,0,0,0
534040874,88,41,47,29
534040881,1635,835,800,528
534040882,719,361,358,241
534040883,810,405,405,284
534040884,490,243,247,158
534040891,133,64,69,36
534040892,1004,498,506,408
534040893,135,71,64,35
534040894,92,51,41,31
534040901,1399,713,686,535
534040902,1609,813,796,554
534040903,2602,1299,1303,947
534040904,1392,711,681,516
534040911,605,312,293,195
534040912,706,356,350,221
534040913,268,143,125,86
534040914,667,345,322,223
534040921,655,334,321,229
534040922,2663,1305,1358,966
534040923,1196,626,570,477
534040924,925,448,477,314
534040931,2457,1171,1286,864
534040932,1026,518,508,348
534040933,2124,1044,1080,769
534040934,1222,604,618,425
534040941,127,44,83,21
534040942,178,56,122,26
534040943,165,55,110,18
534040944,257,122,135,71
534040951,0,0,0,0
534040952,26,12,14,9
534040953,51,24,27,10
534040954,118,63,55,29
534040961,100,49,51,31
534040962,201,99,102,69
534040963,44,22,22,14
534040964,151,82,69,54
534040971,180,88,92,53
534040972,37,16,21,10
534040973,49,21,28,14
534040974,39,18,21,13
534040981,19,9,10,5
534040982,107,51,56,38
534040983,131,67,64,41
534040984,29,16,13,9
534040991,89,49,40,27
534040992,198,73,125,50
534040993,215,117,98,71
534040994,221,108,113,67
534041001,219,91,128,64
534041002,783,388,395,289
534041003,123,63,60,55
534041004,197,84,113,39
534041011,492,157,335,104
534041012,938,492,446,353
534041013,95,51,44,37
534041014,153,79,74,52
534041021,1791,881,910,630
534041022,2683,1302,1381,1077
534041023,1818,902,916,619
534041024,2556,1272,1284,975
534041031,958,465,493,356
534041032,1176,558,618,457
534041033,1763,897,866,681
534041034,1829,908,921,653
534041041,857,398,459,295
534041042,136,67,69,48
534041043,1985,946,1039,691
534041044,296,136,160,102
534041051,428,177,251,119
534041052,1128,535,593,387
534041053,97,44,53,31
534041054,440,215,225,147
534041061,505,239,266,171
534041062,8,5,3,3
534041063,1838,904,934,646
534041064,170,79,91,55
534041071,8,4,4,3
534041072,108,53,55,31
534041073,35,17,18,9
534041074,12,7,5,3
534041081,220,113,107,70
534041082,0,0,0,0
534041083,57,28,29,20
534041084,81,43,38,22
534041091,2,1,1,1
534041092,9,6,3,4
534041093,28,16,12,11
534041094,0,0,0,0
534041101,312,151,161,114
534041102,91,43,48,37
534041103,149,84,65,59
534041104,306,118,188,78
534041111,51,30,21,24
534041112,76,37,39,29
534041113,76,38,38,23
534041114,81,34,47,22
534041121,1096,543,553,397
534041122,2208,1110,1098,761
534041123,303,133,170,77
534041124,558,330,228,239
534041131,2482,1203,1279,902
534041132,1582,787,795,562
534041133,1061,521,540,320
534041134,501,253,248,175
534041141,717,316,401,226
534041142,79,36,43,28
534041143,307,154,153,111
534041144,17,7,10,7
534041151,11,6,5,2
534041152,112,58,54,34
534041153,69,29,40,22
534041154,10,4,6,3
534041161,47,24,23,18
534041162,0,0,0,0
534041163,17,8,9,5
534041164,172,80,92,54
534041171,38,17,21,10
534041172,30,15,15,7
534041173,50,22,28,13
534041174,37,19,18,11
534041181,125,70,55,56
534041182,216,109,107,60
534041183,5,2,3,1
534041184,94,46,48,25
534041191,12,7,5,6
534041192,0,0,0,0
534041193,28,13,15,8
534041194,54,25,29,17
534041201,1032,526,506,386
534041202,91,55,36,43
534041203,398,204,194,156
534041204,326,171,155,102
534041211,43,17,26,11
534041212,40,22,18,13
534041213,929,463,466,269
534041214,77,41,36,21
534041221,105,50,55,29
534041222,81,35,46,29
534041223,47,26,21,13
534041224,120,67,53,46
534041231,48,20,28,16
534041232,53,25,28,15
534041233,137,53,84,19
534041234,84,40,44,26
534041241,735,370,365,229
534041242,357,191,166,142
534041243,1823,896,927,608
534041244,1500,738,762,539
534041251,191,103,88,62
534041252,282,141,141,118
534041253,912,462,450,331
534041254,285,151,134,115
534041261,769,355,414,241
534041262,1359,663,696,402
534041263,448,213,235,142
534041264,85,44,41,25
534041271,1352,664,688,362
534041272,25,13,12,10
534041273,189,93,96,53
534041274,0,0,0,0
534041281,21,19,2,18
534041282,125,64,61,40
534041283,449,234,215,175
534041284,1490,799,691,573
534041291,49,27,22,16
534041292,25,14,11,8
534041293,159,78,81,55
534041294,0,0,0,0
534041301,324,211,113,175
534041302,1005,601,404,399
534041303,233,201,32,202
534041304,232,125,107,83
534041311,1127,565,562,321
534041312,78,38,40,27
534041313,338,175,163,113
534041314,245,130,115,89
534041321,141,82,59,51
534041322,204,107,97,65
534041323,196,84,112,40
534041324,67,35,32,23
534041331,48,26,22,14
534041332,64,32,32,19
534041333,8,6,2,3
534041334,2,1,1,1
534041341,1018,499,519,369
534041342,1973,980,993,723
534041343,139,68,71,40
534041344,1202,584,618,447
534041351,846,404,442,324
534041352,7,3,4,3
534041353,225,114,111,81
534041354,162,85,77,43
534041361,12,5,7,4
534041362,144,70,74,39
534041363,83,44,39,26
534041364,13,6,7,4
534041371,129,67,62,37
534041372,0,0,0,0
534041373,582,282,300,173
534041374,139,87,52,71
534041381,1205,571,634,453
534041382,1502,748,754,526
534041383,414,226,188,172
534041384,1256,641,615,439
534041391,474,226,248,157
534041392,33,17,16,6
534041393,94,49,45,31
534041394,172,82,90,48
534041401,505,247,258,200
534041402,1241,591,650,467
534041403,1986,966,1020,727
534041404,2347,1153,1194,850
534041411,639,330,309,218
534041412,673,317,356,231
534041413,1973,1003,970,652
534041414,387,157,230,97
534041421,743,367,376,251
534041422,27,16,11,9
534041423,2552,1239,1313,914
534041424,574,265,309,191
534041431,0,0,0,0
534041432,19,10,9,6
534041433,7,3,4,2
534041434,125,61,64,36
534041441,73,44,29,28
534041442,9,8,1,7
534041443,33,20,13,10
534041444,22,12,10,10
534041451,0,0,0,0
534041452,41,19,22,12
534041453,41,24,17,19
534041454,45,24,21,12
534041461,31,13,18,11
534041462,3,2,1,1
534041463,16,7,9,6
534041464,129,61,68,36
534041471,1393,670,723,432
534041472,0,0,0,0
534041473,746,376,370,232
534041474,2107,1105,1002,853
534041481,955,508,447,406
534041482,1575,806,769,573
534041483,1290,651,639,510
534041484,486,253,233,183
534041491,237,118,119,73
534041492,15,8,7,4
534041493,148,83,65,56
534041494,342,174,168,101
534041501,2771,1344,1427,1109
534041502,3256,1627,1629,1190
534041503,2813,1363,1450,1296
534041504,2895,1469,1426,1122
534041511,1418,684,734,493
534041512,1451,725,726,490
534041513,3214,1475,1739,1330
534041514,3168,1526,1642,1212
534041521,2495,1234,1261,907
534041522,1527,727,800,525
534041523,2091,1046,1045,763
534041524,866,426,440,328
534041531,207,84,123,45
534041532,0,0,0,0
534041533,377,151,226,160
534041534,0,0,0,0
534041541,22,11,11,4
534041542,286,137,149,87
534041543,168,85,83,50
534041544,1475,692,783,425
534041551,286,155,131,95
534041552,102,49,53,31
534041553,617,303,314,184
534041554,79,36,43,22
534041561,121,65,56,30
534041562,2,1,1,1
534041563,0,0,0,0
534041564,0,0,0,0
534041571,170,81,89,58
534041572,956,527,429,486
534041573,0,0,0,0
534041574,622,334,288,281
534041581,1046,526,520,447
534041582,422,226,196,181
534041583,1023,515,508,422
534041584,884,381,503,254
534041591,62,26,36,19
534041592,1978,954,1024,602
534041593,725,244,481,172
534041594,880,443,437,269
534041601,2329,1182,1147,947
534041602,2690,1376,1314,1020
534041603,2780,1311,1469,1041
534041604,1953,1011,942,660
534041611,3050,1523,1527,1128
534041612,2982,1436,1546,1188
534041613,2193,1089,1104,781
534041614,2208,1115,1093,814
534041621,2318,1140,1178,890
534041622,1997,974,1023,755
534041623,2867,1379,1488,1074
534041624,1636,795,841,657
534041631,19,11,8,2
534041632,18,9,9,6
534041633,110,57,53,38
534041634,742,353,389,258
534041641,1666,811,855,522
534041642,1473,715,758,462
534041643,1874,907,967,672
534041644,1603,779,824,566
534041651,921,448,473,293
534041652,167,86,81,59
534041653,1987,985,1002,628
534041654,688,331,357,203
534041661,0,0,0,0
534041662,0,0,0,0
534041663,6,3,3,2
534041664,0,0,0,0
534041671,2,1,1,1
534041672,547,277,270,199
534041673,119,62,57,44
534041674,667,311,356,259
534041681,1146,575,571,420
534041682,1182,594,588,463
534041683,1522,779,743,591
534041684,1118,579,539,433
534041691,1340,674,666,553
534041692,1546,709,837,620
534041693,2822,1400,1422,1002
534041694,876,430,446,305
534041701,651,317,334,272
534041702,1237,650,587,423
534041703,224,105,119,101
534041704,376,196,180,122
534041711,1937,961,976,674
534041712,1828,868,960,660
534041713,762,383,379,287
534041714,996,488,508,309
534041721,1328,645,683,467
534041722,1542,750,792,547
534041723,1063,507,556,356
534041724,1568,775,793,542
534041731,199,99,100,66
534041732,930,449,481,346
534041733,222,124,98,76
534041734,1161,563,598,426
534041741,1950,954,996,773
534041742,2154,1028,1126,807
534041743,2249,1106,1143,862
534041744,1818,884,934,750
534041751,935,457,478,325
534041752,116,56,60,40
534041753,1235,584,651,457
534041754,653,324,329,225
534041761,212,100,112,66
534041762,251,126,125,78
534041763,905,454,451,302
534041764,153,83,70,54
534041771,468,229,239,167
534041772,1839,923,916,677
534041773,42,18,24,12
534041774,88,34,54,24
534041781,1455,692,763,710
534041782,390,196,194,171
534041783,1120,535,585,388
534041784,0,0,0,0
534041791,705,352,353,256
534041792,129,64,65,44
534041793,0,0,0,0
534041794,38,17,21,13
534041801,224,80,144,43
534041802,6,2,4,3
534041803,193,94,99,33
534041804,182,89,93,56
534041811,101,46,55,28
534041812,959,467,492,309
534041813,546,254,292,165
534041814,1029,485,544,342
534041821,316,158,158,112
534041822,1535,705,830,554
534041823,363,194,169,140
534041824,249,114,135,76
534041831,54,24,30,20
534041832,880,422,458,290
534041833,21,7,14,11
534041834,1423,727,696,497
534041841,1549,774,775,553
534041842,1319,663,656,479
534041843,524,256,268,168
534041844,105,45,60,38
534041851,1226,596,630,447
534041852,846,427,419,316
534041853,0,0,0,0
534041854,0,0,0,0
534041861,2271,1124,1147,851
534041862,228,118,110,83
534041863,267,137,130,104
534041864,11,6,5,4
534041871,29,19,10,10
534041872,135,69,66,45
534041873,29,16,13,9
534041874,67,21,46,6
534041881,738,335,403,255
534041882,92,51,41,29
534041883,138,68,70,37
534041884,209,100,109,58
534041891,0,0,0,0
534041892,12,4,8,4
534041893,39,20,19,11
534041894,0,0,0,0
534041901,26,12,14,7
534041902,7,3,4,3
534041903,19,8,11,3
534041904,22,10,12,10
534041911,219,97,122,19
534041912,1603,751,852,534
534041913,467,212,255,22
534041914,42,27,15,21
534041921,227,104,123,72
534041922,42,17,25,10
534041923,129,63,66,43
534041924,63,28,35,19
534041931,5,3,2,1
534041932,654,320,334,224
534041933,0,0,0,0
534041934,0,0,0,0
534041941,488,238,250,169
534041942,0,0,0,0
534041943,0,0,0,0
534041944,0,0,0,0
534041951,0,0,0,0
534041952,0,0,0,0
534041953,0,0,0,0
534041954,0,0,0,0
534041961,38,18,20,10
534041962,104,46,58,29
534041963,37,19,18,14
534041964,0,0,0,0
534041971,27,13,14,8
534041972,20,11,9,6
534041973,0,0,0,0
534041974,73,35,38,22
534041981,10,6,4,3
534041982,25,12,13,6
534041983,52,24,28,14
534041984,13,7,6,3
534041991,5,2,3,2
534041992,0,0,0,0
534041993,0,0,0,0
534041994,83,39,44,21
534042001,0,0,0,0
534042002,11,5,6,4
534042003,23,13,10,5
534042004,27,10,17,5
534042011,38,19,19,9
534042012,163,78,85,41
534042013,37,19,18,13
534042014,96,45,51,27
534042021,45,22,23,13
534042022,151,72,79,45
534042023,23,13,10,10
534042024,238,120,118,74
534042031,611,304,307,203
534042032,248,126,122,85
534042033,130,64,66,57
534042034,712,342,370,243
534042041,1086,564,522,375
534042042,1051,524,527,349
534042043,1313,672,641,441
534042044,728,372,356,245
534042051,627,288,339,206
534042052,1264,601,663,438
534042053,680,332,348,198
534042054,680,340,340,241
534042061,811,413,398,251
534042062,211,119,92,82
534042063,496,255,241,154
534042064,338,171,167,112
534042071,179,87,92,61
534042072,124,65,59,43
534042073,460,221,239,157
534042074,106,59,47,38
534042081,61,30,31,19
534042082,72,37,35,23
534042083,38,18,20,12
534042084,397,187,210,110
534042091,183,94,89,61
534042092,147,70,77,44
534042093,196,83,113,61
534042094,69,36,33,21
534042101,14,7,7,3
534042102,21,8,13,7
534042103,11,4,7,4
534042104,5,3,2,3
534042111,81,44,37,20
534042112,29,16,13,11
534042113,37,15,22,8
534042114,0,0,0,0
534042121,14,8,6,4
534042122,294,151,143,98
534042123,46,24,22,16
534042124,1170,541,629,377
534042131,221,106,115,75
534042132,717,368,349,229
534042133,760,401,359,253
534042134,1587,783,804,516
534042141,848,426,422,264
534042142,216,116,100,62
534042143,182,90,92,58
534042144,266,140,126,93
534042151,670,332,338,234
534042152,1121,566,555,381
534042153,410,202,208,153
534042154,358,181,177,114
534042161,262,132,130,88
534042162,538,281,257,175
534042163,315,173,142,99
534042164,220,115,105,58
534042171,726,374,352,255
534042172,88,42,46,28
534042173,65,33,32,18
534042174,106,59,47,27
534042181,161,80,81,56
534042182,190,93,97,63
534042183,191,104,87,55
534042184,132,67,65,33
534042191,222,111,111,66
534042192,98,52,46,32
534042193,9,6,3,3
534042194,91,43,48,26
534042201,57,30,27,15
534042202,10,5,5,3
534042203,69,36,33,18
534042204,71,30,41,17
534042211,61,26,35,16
534042212,14,8,6,5
534042213,30,17,13,9
534042214,12,6,6,4
534042221,49,27,22,17
534042222,498,240,258,191
534042223,23,12,11,7
534042224,81,40,41,35
534042231,318,163,155,134
534042232,605,295,310,193
534042233,292,153,139,108
534042234,373,192,181,118
534042241,511,268,243,168
534042242,680,348,332,211
534042243,639,318,321,188
534042244,124,65,59,39
534042251,590,306,284,204
534042252,345,174,171,102
534042253,531,259,272,168
534042254,589,288,301,169
534042261,16,9,7,4
534042262,60,29,31,18
534042263,61,32,29,17
534042264,42,23,19,14
534042271,40,17,23,9
534042272,84,40,44,28
534042273,67,39,28,22
534042274,105,59,46,31
534042281,43,25,18,12
534042282,19,7,12,4
534042283,139,61,78,35
534042284,69,34,35,16
534042291,0,0,0,0
534042292,46,26,20,11
534042293,51,23,28,12
534042294,46,25,21,13
534042301,37,19,18,11
534042302,57,24,33,19
534042303,84,41,43,25
534042304,43,23,20,14
534042311,66,37,29,16
534042312,0,0,0,0
534042313,71,33,38,21
534042314,57,30,27,17
534042321,0,0,0,0
534042322,4,1,3,1
534042323,111,54,57,31
534042324,0,0,0,0
534042331,805,402,403,281
534042332,420,222,198,150
534042333,642,312,330,201
534042334,112,62,50,36
534042341,323,161,162,97
534042342,257,128,129,84
534042343,444,228,216,136
534042344,134,60,74,41
534042351,81,41,40,25
534042352,56,30,26,17
534042353,150,73,77,44
534042354,79,40,39,21
534042361,97,49,48,23
534042362,106,51,55,29
534042363,96,51,45,30
534042364,6,2,4,2
534042371,171,84,87,42
534042372,33,16,17,7
534042373,71,34,37,12
534042374,91,44,47,27
534042381,44,21,23,12
534042382,67,36,31,17
534042383,13,5,8,4
534042384,24,14,10,8
534042391,69,34,35,19
534042392,39,20,19,8
534042393,42,26,16,10
534042394,25,14,11,4
534042401,72,34,38,23
534042402,47,23,24,13
534042403,48,19,29,14
534042404,48,23,25,13
534042411,297,159,138,108
534042412,197,101,96,69
534042413,77,40,37,31
534042414,127,58,69,46
534042421,99,56,43,30
534042422,31,18,13,8
534042423,0,0,0,0
534042424,17,10,7,5
534042431,57,25,32,16
534042432,53,19,34,16
534042433,118,59,59,42
534042434,150,73,77,48
534042441,104,51,53,27
534042442,90,44,46,33
534042443,77,33,44,24
534042444,536,254,282,183
534042451,69,36,33,28
534042452,46,24,22,11
534042453,99,52,47,29
534042454,348,165,183,15
534042461,32,19,13,14
534042462,19,9,10,7
534042463,110,48,62,35
534042464,103,52,51,42
534042471,48,21,27,13
534042472,20,11,9,7
534042473,80,37,43,24
534042474,45,25,20,11
534042481,146,73,73,46
534042482,20,11,9,6
534042483,51,22,29,12
534042484,83,41,42,24
534042491,57,34,23,16
534042492,234,124,110,78
534042493,66,36,30,20
534042494,153,71,82,49
534042501,689,338,351,189
534042502,26,12,14,13
534042503,421,186,235,101
534042504,174,81,93,66
534042511,0,0,0,0
534042512,72,37,35,27
534042513,190,90,100,78
534042514,29,20,9,9
534042521,16,7,9,6
534042522,51,23,28,14
534042523,79,42,37,23
534042524,10,7,3,3
534042531,22,14,8,8
534042532,185,88,97,46
534042533,39,16,23,14
534042534,0,0,0,0
534042541,109,57,52,31
534042542,323,156,167,102
534042543,29,17,12,12
534042544,2,0,2,1
534042551,360,174,186,110
534042552,0,0,0,0
534042553,200,117,83,53
534042554,0,0,0,0
534042561,42,22,20,14
534042562,36,20,16,18
534042563,100,47,53,26
534042564,17,7,10,5
534042571,1,1,0,1
534042572,46,23,23,13
534042573,36,16,20,9
534042574,9,6,3,4
534042581,120,57,63,46
534042582,97,46,51,27
534042583,523,278,245,201
534042584,40,20,20,12
534042591,230,109,121,70
534042592,60,32,28,18
534042593,558,288,270,193
534042594,127,63,64,39
534042601,427,209,218,164
534042602,976,493,483,320
534042603,411,203,208,142
534042604,423,212,211,168
534042611,286,142,144,98
534042612,19,14,5,12
534042613,496,257,239,189
534042614,1420,722,698,539
534042621,94,47,47,28
534042622,83,42,41,20
534042623,964,482,482,318
534042624,53,26,27,16
534042631,53,25,28,18
534042632,25,12,13,8
534042633,34,18,16,10
534042634,56,25,31,13
534042641,29,12,17,11
534042642,43,22,21,10
534042643,70,36,34,27
534042644,120,70,50,47
534042651,73,42,31,31
534042652,53,27,26,14
534042653,250,119,131,67
534042654,34,16,18,10
534042661,112,55,57,34
534042662,105,53,52,33
534042663,137,74,63,49
534042664,393,199,194,128
534042671,601,277,324,184
534042672,83,40,43,21
534042673,781,374,407,262
534042674,466,221,245,154
534042681,477,290,187,234
534042682,438,219,219,143
534042683,58,31,27,22
534042684,289,149,140,106
534042691,194,104,90,65
534042692,77,40,37,25
534042693,62,27,35,14
534042694,87,48,39,16
534042701,203,97,106,65
534042702,54,33,21,15
534042703,273,135,138,76
534042704,20,10,10,7
534042711,629,313,316,241
534042712,2008,981,1027,753
534042713,230,118,112,89
534042714,2208,1015,1193,927
534042721,2428,1210,1218,870
534042722,369,182,187,117
534042723,1458,734,724,703
534042724,325,161,164,128
534042731,12,8,4,3
534042732,279,134,145,92
534042733,70,33,37,22
534042734,336,179,157,128
534042741,267,133,134,97
534042742,153,79,74,52
534042743,38,17,21,13
534042744,462,235,227,166
534042751,249,129,120,88
534042752,262,139,123,89
534042753,394,200,194,149
534042754,163,79,84,57
534042761,294,158,136,106
534042762,604,279,325,193
534042763,291,135,156,90
534042764,771,381,390,254
534042771,353,181,172,137
534042772,730,370,360,268
534042773,358,186,172,127
534042774,297,152,145,104
534042781,626,346,280,293
534042782,589,322,267,271
534042783,480,251,229,225
534042784,176,91,85,63
534042791,75,38,37,19
534042792,69,32,37,15
534042793,35,18,17,12
534042794,46,21,25,16
534042801,158,74,84,51
534042802,0,0,0,0
534042803,0,0,0,0
534042804,0,0,0,0
534042811,117,58,59,47
534042812,923,485,438,444
534042813,15,13,2,11
534042814,951,479,472,420
534042821,546,271,275,227
534042822,40,21,19,11
534042823,282,143,139,124
534042824,46,22,24,20
534042831,82,43,39,25
534042832,276,146,130,86
534042833,10,5,5,3
534042834,29,14,15,8
534042841,42,22,20,15
534042842,531,390,141,330
534042843,42,22,20,16
534042844,188,90,98,56
534042851,729,377,352,256
534042852,614,304,310,242
534042853,870,466,404,336
534042854,911,447,464,405
534042861,1165,590,575,442
534042862,802,388,414,354
534042863,741,380,361,299
534042864,1041,571,470,470
534042871,17,9,8,7
534042872,996,495,501,301
534042873,818,409,409,289
534042874,888,447,441,314
534042881,498,260,238,171
534042882,161,86,75,53
534042883,184,96,88,66
534042884,18,9,9,9
534042891,130,64,66,44
534042892,141,79,62,56
534042893,574,317,257,288
534042894,872,451,421,360
534042901,15,7,8,3
534042902,47,20,27,26
534042903,612,335,277,237
534042904,501,318,183,21
534042911,0,0,0,0
534042912,346,167,179,140
534042913,0,0,0,0
534042914,94,44,50,29
534042921,330,174,156,127
534042922,83,43,40,22
534042923,34,24,10,7
534042924,28,13,15,9
534042931,102,48,54,32
534042932,42,25,17,10
534042933,126,62,64,38
534042934,75,36,39,22
534042941,26,11,15,7
534042942,48,19,29,14
534042943,640,352,288,293
534042944,69,39,30,30
534042951,287,163,124,135
534042952,396,213,183,140
534042953,224,111,113,87
534042954,181,91,90,63
534042961,230,132,98,111
534042962,728,381,347,320
534042963,282,138,144,111
534042964,164,88,76,57
534042971,80,43,37,25
534042972,157,68,89,64
534042973,349,183,166,115
534042974,353,172,181,116
534042981,377,189,188,130
534042982,407,219,188,158
534042983,302,155,147,95
534042984,49,25,24,10
534042991,1265,720,545,624
534042992,874,487,387,441
534042993,264,134,130,95
534042994,1016,531,485,394
534043001,69,38,31,28
534043002,23,13,10,8
534043003,68,36,32,21
534043004,49,26,23,16
534043011,10,5,5,3
534043012,94,42,52,26
534043013,25,15,10,8
534043014,16,8,8,6
534043021,9,5,4,4
534043022,16,8,8,4
534043023,7,2,5,2
534043024,38,20,18,7
534043031,18,9,9,6
534043032,77,34,43,19
534043033,30,14,16,8
534043034,86,36,50,25
534043041,16,10,6,4
534043042,42,23,19,12
534043043,0,0,0,0
534043044,67,29,38,19
534043051,53,25,28,14
534043052,67,35,32,18
534043053,11,5,6,3
534043054,3,1,2,1
534043061,66,33,33,19
534043062,7,3,4,3
534043063,0,0,0,0
534043064,10,5,5,3
534043071,18,10,8,4
534043072,156,79,77,38
534043073,49,23,26,13
534043074,110,55,55,30
534043081,81,36,45,20
534043082,71,37,34,24
534043083,31,18,13,10
534043084,11,6,5,3
534043091,112,56,56,42
534043092,115,63,52,42
534043093,145,66,79,38
534043094,80,35,45,20
534043101,116,53,63,36
534043102,101,47,54,25
534043103,6,2,4,3
534043104,60,31,29,18
534043111,74,35,39,20
534043112,48,27,21,16
534043113,101,45,56,28
534043114,50,23,27,13
534043121,23,12,11,6
534043122,95,48,47,26
534043123,34,19,15,11
534043124,61,31,30,18
534043131,12,7,5,5
534043132,78,40,38,21
534043133,7,2,5,4
534043134,16,6,10,5
534043141,2,0,2,1
534043142,0,0,0,0
534043143,83,38,45,26
534043144,3,1,2,1
534043151,0,0,0,0
534043152,3,3,0,3
534043153,30,15,15,6
534043154,18,9,9,4
534043161,0,0,0,0
534043162,95,40,55,11
534043163,9,6,3,2
534043164,75,40,35,20
534043171,70,37,33,20
534043172,40,17,23,13
534043173,32,12,20,8
534043174,0,0,0,0
534043181,44,21,23,10
534043182,111,54,57,32
534043183,4,3,1,1
534043184,112,49,63,27
534043191,45,21,24,12
534043192,9,4,5,2
534043193,79,38,41,21
534043194,31,16,15,8
534043201,99,47,52,22
534043202,72,37,35,24
534043203,48,26,22,14
534043204,328,168,160,102
534043211,37,19,18,14
534043212,49,24,25,13
534043213,105,55,50,32
534043214,27,12,15,10
534043221,10,8,2,5
534043222,17,11,6,6
534043223,146,77,69,46
534043224,56,28,28,13
534043231,14,7,7,4
534043232,49,23,26,12
534043233,162,77,85,51
534043234,77,37,40,26
534043241,32,18,14,9
534043242,89,42,47,20
534043243,19,9,10,8
534043244,18,10,8,4
534043251,12,8,4,4
534043252,10,5,5,3
534043253,11,6,5,3
534043254,14,7,7,3
534043261,24,12,12,8
534043262,149,73,76,42
534043263,0,0,0,0
534043264,31,14,17,8
534043271,49,22,27,12
534043272,22,10,12,6
534043273,0,0,0,0
534043274,0,0,0,0
534043281,94,43,51,22
534043282,0,0,0,0
534043283,127,61,66,31
534043284,0,0,0,0
534043291,0,0,0,0
534043292,53,27,26,16
534043293,96,44,52,24
534043294,173,94,79,43
534043301,28,13,15,6
534043302,676,318,358,231
534043303,57,26,31,14
534043304,49,23,26,13
534043311,279,152,127,108
534043312,16,7,9,4
534043313,25,11,14,7
534043314,67,36,31,23
534043321,135,68,67,35
534043322,74,38,36,21
534043323,73,40,33,25
534043324,272,135,137,84
534043331,284,143,141,93
534043332,13,7,6,4
534043333,97,43,54,26
534043334,7,4,3,1
534043341,21,9,12,6
534043342,4,2,2,1
534043343,40,21,19,13
534043344,101,46,55,29
534043351,63,32,31,12
534043352,109,49,60,30
534043353,87,47,40,27
534043354,0,0,0,0
534043361,25,14,11,8
534043362,53,28,25,12
534043363,44,23,21,12
534043364,82,37,45,24
534043371,14,7,7,4
534043372,6,3,3,1
534043373,7,4,3,1
534043374,92,43,49,21
534043381,97,44,53,25
534043382,140,68,72,35
534043383,141,65,76,33
534043384,61,29,32,16
534043391,0,0,0,0
534043392,7,2,5,2
534043393,52,26,26,13
534043394,18,11,7,5
534043401,86,42,44,25
534043402,139,66,73,45
534043403,93,46,47,33
534043404,81,38,43,23
534043411,43,25,18,12
534043412,33,16,17,10
534043413,51,25,26,13
534043414,38,18,20,10
534043421,80,37,43,21
534043422,30,12,18,7
534043423,134,63,71,35
534043424,13,8,5,6
534043431,0,0,0,0
534043432,6,4,2,1
534043433,0,0,0,0
534043434,0,0,0,0
534043441,75,40,35,16
534043442,95,43,52,15
534043443,2,2,0,2
534043444,10,5,5,4
534043451,190,73,117,29
534043452,95,45,50,22
534043453,21,11,10,5
534043454,0,0,0,0
534043461,162,87,75,46
534043462,13,9,4,2
534043463,97,48,49,27
534043464,18,8,10,6
534043471,0,0,0,0
534043472,0,0,0,0
534043473,0,0,0,0
534043474,0,0,0,0
534043481,0,0,0,0
534043482,20,10,10,8
534043483,0,0,0,0
534043484,239,118,121,53
534043491,44,20,24,12
534043492,90,43,47,26
534043493,170,83,87,46
534043494,222,114,108,54
534043501,33,20,13,14
534043502,21,9,12,7
534043503,113,58,55,38
534043504,29,14,15,8
534043511,53,27,26,11
534043512,47,24,23,11
534043513,37,18,19,9
534043514,38,18,20,15
534043521,81,43,38,18
534043522,36,19,17,7
534043523,63,27,36,15
534043524,6,3,3,1
534043531,0,0,0,0
534043532,60,29,31,14
534043533,12,9,3,10
534043534,56,28,28,12
534043541,98,50,48,23
534043542,60,29,31,13
534043543,6,4,2,1
534043544,73,33,40,18
534043551,52,25,27,13
534043552,57,33,24,16
534043553,0,0,0,0
534043554,8,4,4,3
534043561,5,2,3,1
534043562,49,26,23,13
534043563,1,1,0,1
534043564,192,100,92,50
534043571,27,13,14,7
534043572,123,55,68,29
534043573,231,104,127,68
534043574,10,5,5,2
534043581,0,0,0,0
534043582,0,0,0,0
534043583,0,0,0,0
534043584,0,0,0,0
534043591,0,0,0,0
534043592,5,2,3,1
534043593,0,0,0,0
534043594,39,16,23,12
534043601,42,21,21,12
534043602,26,14,12,9
534043603,31,15,16,7
534043604,40,22,18,15
534043611,38,21,17,13
534043612,129,65,64,37
534043613,46,23,23,12
534043614,70,38,32,24
534043621,30,15,15,15
534043622,0,0,0,0
534043623,8,3,5,5
534043624,0,0,0,0
534043631,0,0,0,0
534043632,99,53,46,23
534043633,0,0,0,0
534043634,85,41,44,24
534043641,82,38,44,19
534043642,0,0,0,0
534043643,35,17,18,9
534043644,0,0,0,0
534043651,74,67,7,65
534043652,12,11,1,11
534043653,0,0,0,0
534043654,0,0,0,0
534043661,25,12,13,7
534043662,42,22,20,12
534043663,144,67,77,33
534043664,117,57,60,31
534043671,113,66,47,27
534043672,124,59,65,33
534043673,134,59,75,32
534043674,69,36,33,18
534043681,0,0,0,0
534043682,0,0,0,0
534043683,0,0,0,0
534043684,0,0,0,0
534043691,0,0,0,0
534043692,54,25,29,17
534043693,3,2,1,1
534043694,257,115,142,63
534043701,66,31,35,16
534043702,10,4,6,4
534043703,50,20,30,18
534043704,110,56,54,28
534043711,57,32,25,22
534043712,0,0,0,0
534043713,11,5,6,3
534043714,0,0,0,0
534043721,0,0,0,0
534043722,9,4,5,2
534043723,0,0,0,0
534043724,25,14,11,5
534043731,33,14,19,9
534043732,58,24,34,15
534043733,6,5,1,1
534043734,74,35,39,18
534043741,123,70,53,33
534043742,6,5,1,5
534043743,2,1,1,1
534043744,4,2,2,1
534043751,0,0,0,0
534043752,0,0,0,0
534043753,5,2,3,1
534043754,77,40,37,19
534043761,72,37,35,16
534043762,34,14,20,13
534043763,77,35,42,17
534043764,53,23,30,13
534043771,19,10,9,7
534043772,0,0,0,0
534043773,328,158,170,83
534043774,83,43,40,32
534043781,45,21,24,11
534043782,92,48,44,35
534043783,8,3,5,2
534043784,31,16,15,9
534043791,33,16,17,8
534043792,48,26,22,13
534043793,87,39,48,22
534043794,12,5,7,4
534043801,112,53,59,34
534043802,2,2,0,2
534043803,749,364,385,265
534043804,0,0,0,0
534043811,0,0,0,0
534043812,0,0,0,0
534043813,0,0,0,0
534043814,0,0,0,0
534043821,13,8,5,3
534043822,11,6,5,4
534043823,0,0,0,0
534043824,6,2,4,2
534043831,29,14,15,13
534043832,59,24,35,19
534043833,4,2,2,3
534043834,88,43,45,26
534043841,0,0,0,0
534043842,0,0,0,0
534043843,3,2,1,1
534043844,36,18,18,7
534043851,91,48,43,25
534043852,40,18,22,12
534043853,5,4,1,4
534043854,140,77,63,42
534043861,70,36,34,21
534043862,87,50,37,34
534043863,114,55,59,36
534043864,113,52,61,33
534043871,478,218,260,145
534043872,111,57,54,40
534043873,661,317,344,219
534043874,404,184,220,134
534043881,58,25,33,14
534043882,74,33,41,20
534043883,147,70,77,54
534043884,137,79,58,51
534043891,192,95,97,58
534043892,75,38,37,20
534043893,220,102,118,65
534043894,130,63,67,34
534043901,1094,651,443,603
534043902,0,0,0,0
534043903,1085,861,224,833
534043904,36,35,1,35
534043911,0,0,0,0
534043912,0,0,0,0
534043913,0,0,0,0
534043914,0,0,0,0
534043921,21,9,12,6
534043922,53,25,28,15
534043923,129,67,62,41
534043924,74,39,35,23
534043931,82,40,42,25
534043932,30,16,14,9
534043933,6,4,2,1
534043934,12,7,5,3
534043941,120,62,58,32
534043942,0,0,0,0
534043943,68,33,35,18
534043944,0,0,0,0
534043951,0,0,0,0
534043952,55,24,31,14
534043953,0,0,0,0
534043954,56,26,30,14
534043961,59,28,31,18
534043962,149,73,76,54
534043963,97,47,50,22
534043964,83,40,43,28
534043971,229,111,118,78
534043972,279,136,143,91
534043973,7,3,4,2
534043974,21,10,11,6
534043981,6,3,3,1
534043982,26,11,15,7
534043983,51,21,30,13
534043984,5,3,2,1
534043991,182,86,96,52
534043992,101,47,54,34
534043993,221,115,106,58
534043994,215,102,113,66
534044001,317,151,166,115
534044002,313,153,160,106
534044003,52,24,28,20
534044004,44,22,22,15
534044011,46,23,23,18
534044012,101,45,56,24
534044013,50,23,27,17
534044014,11,6,5,3
534044021,37,17,20,10
534044022,165,86,79,38
534044023,5,2,3,2
534044024,60,29,31,18
534044031,38,19,19,9
534044032,110,50,60,29
534044033,105,50,55,31
534044034,60,25,35,17
534044041,33,18,15,8
534044042,36,19,17,12
534044043,19,8,11,5
534044044,29,16,13,11
534044051,46,20,26,13
534044052,168,88,80,39
534044053,42,21,21,12
534044054,208,101,107,67
534044061,645,309,336,175
534044062,216,88,128,52
534044063,240,114,126,65
534044064,59,29,30,23
534044071,105,46,59,27
534044072,96,46,50,20
534044073,29,16,13,11
534044074,96,46,50,27
534044081,45,21,24,12
534044082,8,4,4,2
534044083,92,39,53,24
534044084,20,9,11,5
534044091,21,13,8,7
534044092,0,0,0,0
534044093,256,138,118,79
534044094,3,2,1,2
534044101,224,108,116,83
534044102,41,24,17,12
534044103,99,49,50,25
534044104,85,38,47,26
534044111,87,48,39,32
534044112,36,18,18,11
534044113,146,76,70,48
534044114,319,159,160,122
534044121,143,72,71,40
534044122,43,20,23,11
534044123,217,116,101,35
534044124,40,21,19,12
534044131,117,63,54,37
534044132,153,72,81,45
534044133,44,25,19,14
534044134,156,74,82,47
534044141,115,54,61,30
534044142,255,119,136,91
534044143,113,57,56,33
534044144,181,76,105,62
534044151,124,65,59,46
534044152,80,31,49,23
534044153,103,53,50,29
534044154,27,16,11,8
534044161,25,17,8,19
534044162,10,10,0,10
534044163,9,4,5,2
534044164,202,112,90,56
534044171,40,22,18,11
534044172,238,111,127,60
534044173,34,14,20,8
534044174,75,40,35,25
534044181,280,141,139,83
534044182,17,10,7,5
534044183,55,25,30,13
534044184,60,30,30,15
534044191,4,2,2,1
534044192,5,3,2,1
534044193,5,3,2,2
534044194,39,18,21,11
534044201,0,0,0,0
534044202,0,0,0,0
534044203,86,43,43,22
534044204,25,12,13,8
534044211,358,171,187,114
534044212,535,238,297,175
534044213,294,150,144,110
534044214,930,433,497,310
534044221,65,33,32,27
534044222,27,12,15,10
534044223,261,116,145,94
534044224,124,63,61,34
534044231,65,29,36,14
534044232,92,50,42,27
534044233,3,1,2,1
534044234,107,58,49,29
534044241,159,83,76,62
534044242,209,109,100,65
534044243,205,109,96,71
534044244,178,75,103,42
534044251,76,36,40,27
534044252,9,3,6,2
534044253,68,36,32,23
534044254,49,24,25,15
534044261,11,5,6,5
534044262,133,67,66,43
534044263,0,0,0,0
534044264,110,53,57,29
534044271,174,93,81,50
534044272,174,84,90,49
534044273,71,34,37,20
534044274,38,19,19,13
534044281,119,59,60,32
534044282,25,12,13,8
534044283,101,50,51,33
534044284,5,3,2,2
534044291,84,43,41,23
534044292,236,122,114,64
534044293,75,37,38,27
534044294,105,54,51,33
534044301,44,21,23,13
534044302,72,43,29,22
534044303,34,12,22,15
534044304,19,8,11,5
534044311,117,50,67,35
534044312,636,295,341,236
534044313,37,19,18,15
534044314,75,35,40,22
534044321,241,125,116,84
534044322,418,203,215,128
534044323,8,5,3,3
534044324,88,33,55,38
534044331,101,51,50,34
534044332,0,0,0,0
534044333,695,350,345,225
534044334,572,272,300,201
534044341,168,85,83,62
534044342,155,73,82,43
534044343,328,161,167,113
534044344,174,80,94,59
534044351,41,21,20,10
534044352,225,99,126,101
534044353,108,55,53,36
534044354,75,37,38,24
534044361,93,46,47,27
534044362,121,53,68,32
534044363,33,16,17,13
534044364,247,111,136,72
534044371,219,105,114,62
534044372,58,30,28,16
534044373,217,100,117,55
534044374,147,68,79,42
534044381,74,35,39,18
534044382,83,42,41,20
534044383,13,6,7,3
534044384,172,86,86,40
534044391,0,0,0,0
534044392,134,68,66,38
534044393,196,98,98,62
534044394,0,0,0,0
534044401,17,10,7,4
534044402,83,37,46,24
534044403,140,70,70,32
534044404,20,9,11,6
534044411,23,12,11,9
534044412,76,42,34,23
534044413,73,34,39,24
534044414,0,0,0,0
534044421,0,0,0,0
534044422,7,3,4,3
534044423,35,19,16,9
534044424,145,61,84,49
534044431,280,140,140,108
534044432,911,443,468,342
534044433,39,19,20,13
534044434,220,109,111,78
534044441,677,327,350,236
534044442,64,33,31,23
534044443,330,164,166,116
534044444,430,205,225,149
534044451,41,19,22,14
534044452,165,76,89,42
534044453,116,52,64,45
534044454,317,149,168,106
534044461,29,17,12,7
534044462,223,112,111,57
534044463,255,128,127,92
534044464,96,50,46,33
534044471,141,68,73,42
534044472,132,76,56,50
534044473,0,0,0,0
534044474,9,5,4,3
534044481,197,97,100,51
534044482,104,54,50,30
534044483,83,41,42,23
534044484,251,128,123,70
534044491,53,26,27,19
534044492,140,64,76,43
534044493,219,112,107,61
534044494,415,205,210,109
534044501,42,19,23,11
534044502,0,0,0,0
534044503,55,29,26,20
534044504,53,28,25,15
534044511,124,62,62,44
534044512,14,7,7,6
534044513,38,18,20,16
534044514,20,10,10,7
534044521,0,0,0,0
534044522,186,92,94,53
534044523,55,24,31,17
534044524,93,46,47,28
534044531,216,87,129,56
534044532,104,53,51,32
534044533,93,45,48,31
534044534,41,22,19,12
534044541,112,55,57,29
534044542,227,111,116,81
534044543,0,0,0,0
534044544,31,17,14,9
534044551,183,93,90,87
534044552,332,185,147,152
534044553,190,86,104,58
534044554,290,143,147,98
534044561,146,74,72,50
534044562,14,7,7,5
534044563,397,189,208,160
534044564,115,61,54,41
534044571,0,0,0,0
534044572,0,0,0,0
534044573,41,17,24,14
534044574,243,124,119,79
534044581,139,71,68,32
534044582,155,76,79,48
534044583,315,153,162,86
534044584,354,179,175,107
534044591,107,51,56,31
534044592,170,72,98,49
534044593,131,72,59,38
534044594,52,20,32,18
534044601,120,56,64,33
534044602,102,50,52,36
534044603,85,38,47,27
534044604,94,48,46,31
534044611,74,40,34,23
534044612,32,15,17,7
534044613,30,15,15,10
534044614,15,8,7,5
534044621,0,0,0,0
534044622,0,0,0,0
534044623,5,2,3,2
534044624,109,48,61,22
534044631,20,9,11,5
534044632,0,0,0,0
534044633,37,19,18,8
534044634,0,0,0,0
534044641,37,15,22,8
534044642,25,12,13,6
534044643,0,0,0,0
534044644,7,3,4,3
534044651,44,20,24,13
534044652,168,83,85,41
534044653,116,59,57,40
534044654,81,45,36,22
534044661,340,171,169,113
534044662,193,98,95,65
534044663,177,86,91,55
534044664,157,71,86,37
534044671,329,161,168,100
534044672,672,305,367,226
534044673,57,28,29,11
534044674,375,188,187,144
534044681,619,295,324,208
534044682,815,401,414,306
534044683,463,254,209,184
534044684,437,219,218,180
534044691,394,190,204,172
534044692,269,122,147,108
534044693,225,110,115,90
534044694,98,49,49,30
534044701,35,17,18,14
534044702,107,52,55,31
534044703,4,2,2,1
534044704,53,25,28,14
534044711,3,1,2,2
534044712,64,32,32,20
534044713,9,4,5,2
534044714,4,2,2,1
534044721,162,74,88,46
534044722,150,73,77,42
534044723,45,24,21,12
534044724,75,36,39,21
534044731,38,17,21,9
534044732,0,0,0,0
534044733,0,0,0,0
534044734,0,0,0,0
534044741,0,0,0,0
534044742,35,17,18,11
534044743,43,18,25,12
534044744,271,131,140,75
534044751,13,8,5,8
534044752,0,0,0,0
534044753,32,14,18,10
534044754,0,0,0,0
534044761,227,115,112,59
534044762,97,53,44,22
534044763,51,22,29,11
534044764,0,0,0,0
534044771,57,31,26,13
534044772,356,173,183,126
534044773,32,19,13,7
534044774,143,66,77,48
534044781,274,131,143,119
534044782,0,0,0,0
534044783,158,73,85,50
534044784,0,0,0,0
534044791,48,23,25,19
534044792,165,75,90,52
534044793,0,0,0,0
534044794,29,15,14,8
534044801,19,12,7,5
534044802,25,10,15,6
534044803,30,15,15,8
534044804,107,54,53,25
534044811,0,0,0,0
534044812,88,42,46,20
534044813,114,56,58,31
534044814,15,9,6,5
534044821,0,0,0,0
534044822,23,13,10,6
534044823,120,65,55,33
534044824,45,22,23,10
534044831,3,1,2,1
534044832,0,0,0,0
534044833,53,25,28,16
534044834,54,25,29,15
534044841,89,41,48,23
534044842,267,123,144,88
534044843,39,16,23,9
534044844,89,42,47,27
534044851,6,5,1,2
534044852,0,0,0,0
534044853,0,0,0,0
534044854,0,0,0,0
534044861,0,0,0,0
534044862,105,35,70,11
534044863,12,7,5,2
534044864,37,19,18,8
534044871,65,35,30,16
534044872,8,5,3,3
534044873,75,37,38,15
534044874,25,9,16,7
534044881,4,2,2,1
534044882,40,18,22,9
534044883,69,46,23,9
534044884,66,34,32,14
534044891,45,24,21,11
534044892,42,20,22,11
534044893,10,4,6,2
534044894,32,14,18,6
534044901,0,0,0,0
534044902,44,20,24,15
534044903,70,32,38,20
534044904,15,8,7,5
534044911,52,31,21,15
534044912,15,7,8,5
534044913,28,12,16,12
534044914,74,41,33,32
534044921,131,62,69,39
534044922,40,19,21,9
534044923,15,8,7,4
534044924,38,19,19,9
534044931,75,32,43,19
534044932,6,2,4,2
534044933,157,74,83,51
534044934,21,11,10,5
534044941,7,4,3,2
534044942,80,40,40,27
534044943,140,74,66,40
534044944,404,198,206,111
534044951,0,0,0,0
534044952,0,0,0,0
534044953,43,23,20,11
534044954,53,20,33,14
534044961,0,0,0,0
534044962,0,0,0,0
534044963,68,34,34,19
534044964,0,0,0,0
534044971,183,85,98,43
534044972,50,23,27,15
534044973,27,11,16,5
534044974,214,106,108,48
534044981,19,7,12,5
534044982,70,32,38,15
534045101,190,91,99,63
534045102,55,28,27,17
534045103,123,59,64,35
534045104,191,95,96,58
534045113,81,35,46,24
534045114,0,0,0,0
534045201,129,59,70,33
534045202,56,26,30,20
534045203,93,52,41,26
534045204,26,15,11,7
534045211,142,75,67,43
534045212,286,138,148,76
534045213,5,3,2,3
534045214,383,189,194,116
534045221,25,11,14,11
534045223,370,174,196,109
534045224,208,106,102,62
534045233,0,0,0,0
534045283,0,0,0,0
534045284,0,0,0,0
534045301,19,9,10,9
534045302,54,27,27,19
534045303,53,28,25,12
534045304,12,6,6,5
534045311,25,13,12,6
534045312,16,9,7,3
534045313,95,44,51,24
534045314,149,78,71,40
534045321,37,13,24,15
534045322,332,154,178,106
534045323,23,10,13,7
534045324,88,40,48,24
534045331,582,275,307,200
534045332,208,99,109,82
534045333,162,73,89,44
534045334,447,214,233,149
534045341,0,0,0,0
534045343,91,34,57,30
534045344,5,3,2,3
534045353,9,3,6,2
534045374,525,237,288,173
534045381,524,236,288,189
534045382,157,71,86,53
534045383,857,415,442,303
534045384,67,34,33,24
534045391,0,0,0,0
534045392,0,0,0,0
534045393,77,39,38,18
534045394,49,23,26,14
534045401,70,35,35,25
534045402,314,165,149,59
534045403,106,52,54,28
534045404,225,108,117,66
534045411,164,79,85,45
534045412,263,122,141,67
534045413,28,13,15,8
534045414,52,23,29,16
534045421,90,45,45,28
534045422,201,93,108,49
534045423,24,13,11,6
534045424,24,10,14,6
534045431,117,54,63,27
534045432,99,46,53,23
534045433,28,14,14,10
534045434,56,26,30,17
534045441,91,48,43,26
534045442,206,105,101,73
534045443,167,70,97,44
534045444,305,181,124,21
534045451,259,122,137,104
534045452,207,93,114,71
534045453,493,234,259,164
534045454,299,140,159,90
534045461,369,186,183,117
534045462,211,108,103,78
534045463,501,240,261,165
534045464,705,342,363,254
534045471,512,257,255,176
534045472,830,398,432,274
534045473,394,183,211,121
534045474,30,17,13,9
534045481,421,221,200,130
534045482,37,17,20,10
534045483,23,11,12,7
534045484,1,0,1,1
534045491,96,51,45,18
534045492,0,0,0,0
534045493,52,26,26,15
534045494,111,51,60,24
534045501,262,129,133,76
534045502,44,23,21,10
534045503,203,104,99,75
534045504,82,43,39,26
534045511,124,63,61,33
534045512,388,204,184,134
534045513,62,31,31,19
534045514,237,127,110,87
534045521,308,151,157,102
534045522,227,107,120,80
534045523,817,389,428,271
534045524,1327,595,732,317
534045531,221,103,118,56
534045532,199,100,99,61
534045533,514,269,245,194
534045534,195,85,110,66
534045541,216,111,105,84
534045542,154,75,79,60
534045543,197,94,103,64
534045544,308,156,152,113
534045551,239,124,115,84
534045552,427,202,225,140
534045553,17,10,7,4
534045554,165,93,72,43
534045561,383,179,204,112
534045562,148,75,73,44
534045563,23,14,9,5
534045564,1,0,1,1
534045571,93,48,45,27
534045572,64,28,36,16
534045573,71,35,36,17
534045574,30,13,17,8
534045581,3,1,2,1
534045582,0,0,0,0
534045583,332,165,167,77
534045584,24,12,12,8
534045591,64,26,38,17
534045592,384,176,208,103
534045593,0,0,0,0
534045594,3,2,1,2
534045601,697,349,348,279
534045602,501,240,261,178
534045603,278,137,141,94
534045604,522,279,243,200
534045611,514,246,268,161
534045612,501,227,274,180
534045613,472,226,246,169
534045614,392,204,188,139
534045621,1123,517,606,364
534045622,1054,402,652,524
534045623,747,353,394,293
534045624,856,421,435,359
534045631,297,164,133,129
534045632,26,14,12,9
534045633,204,104,100,81
534045634,296,143,153,87
534045641,95,39,56,24
534045642,53,26,27,20
534045643,245,115,130,68
534045644,312,167,145,107
534045651,0,0,0,0
534045652,20,8,12,8
534045653,332,172,160,124
534045654,259,135,124,72
534045661,182,62,120,40
534045662,16,9,7,9
534045663,63,33,30,29
534045664,0,0,0,0
534045671,0,0,0,0
534045672,0,0,0,0
534045673,1,1,0,1
534045674,3,2,1,1
534045681,32,15,17,7
534045682,40,21,19,9
534045683,33,13,20,7
534045684,172,82,90,42
534045691,0,0,0,0
534045692,0,0,0,0
534045693,50,21,29,13
534045694,0,0,0,0
534045701,300,154,146,93
534045702,154,77,77,44
534045703,155,79,76,51
534045704,0,0,0,0
534045711,225,108,117,70
534045712,696,355,341,249
534045713,1,0,1,1
534045714,343,161,182,119
534045721,502,243,259,179
534045722,278,129,149,107
534045723,236,113,123,90
534045724,213,106,107,71
534045731,234,113,121,86
534045732,277,86,191,62
534045733,109,61,48,34
534045734,477,240,237,155
534045741,676,313,363,254
534045742,679,326,353,228
534045743,689,345,344,217
534045744,410,194,216,141
534045751,654,319,335,230
534045752,344,171,173,95
534045753,415,202,213,138
534045754,82,43,39,21
534045761,2,0,2,2
534045762,6,6,0,1
534045763,0,0,0,0
534045764,4,3,1,1
534045771,0,0,0,0
534045772,0,0,0,0
534045773,0,0,0,0
534045774,2,1,1,1
534045781,0,0,0,0
534045782,6,3,3,2
534045783,0,0,0,0
534045784,11,6,5,2
534045791,10,5,5,6
534045792,0,0,0,0
534045793,41,22,19,14
534045794,0,0,0,0
534045801,85,38,47,23
534045802,0,0,0,0
534045803,73,42,31,18
534045804,92,46,46,27
534045811,302,139,163,114
534045812,781,389,392,275
534045813,666,324,342,224
534045814,311,160,151,104
534045821,405,198,207,139
534045822,334,157,177,96
534045823,226,112,114,60
534045824,217,110,107,77
534045831,253,127,126,87
534045832,239,116,123,74
534045833,234,116,118,81
534045834,75,35,40,15
534045841,509,255,254,179
534045842,220,114,106,63
534045843,0,0,0,0
534045844,0,0,0,0
534045851,0,0,0,0
534045852,133,63,70,37
534045853,0,0,0,0
534045854,211,101,110,52
534045861,3,2,1,1
534045862,8,3,5,1
534045863,143,71,72,55
534045864,145,72,73,47
534045871,123,62,61,24
534045872,42,19,23,8
534045873,190,90,100,49
534045874,89,47,42,21
534045881,0,0,0,0
534045882,41,24,17,13
534045883,0,0,0,0
534045884,4,1,3,1
534045891,61,31,30,22
534045892,0,0,0,0
534045893,1,1,0,1
534045894,0,0,0,0
534045901,67,30,37,17
534045902,209,103,106,61
534045903,76,30,46,14
534045904,326,167,159,102
534045911,718,358,360,238
534045912,157,81,76,45
534045913,114,52,62,30
534045914,20,10,10,6
534045921,54,25,29,13
534045922,0,0,0,0
534045923,0,0,0,0
534045924,0,0,0,0
534045931,66,33,33,13
534045932,73,30,43,15
534045933,2,1,1,1
534045934,0,0,0,0
534045941,0,0,0,0
534045942,0,0,0,0
534045943,0,0,0,0
534045944,4,2,2,1
534045951,17,9,8,6
534045952,34,16,18,6
534045953,66,33,33,16
534045954,0,0,0,0
534045961,2,0,2,2
534045962,79,38,41,22
534045963,9,4,5,2
534045964,37,16,21,9
534045971,41,20,21,13
534045972,31,14,17,8
534045973,0,0,0,0
534045974,0,0,0,0
534045981,46,23,23,8
534045982,146,73,73,41
534045983,12,6,6,2
534045984,137,65,72,34
534045991,59,30,29,16
534045992,151,75,76,20
534045993,139,69,70,38
534045994,30,15,15,10
534046301,0,0,0,0
534046302,0,0,0,0
534046303,4,3,1,2
534046304,0,0,0,0
534046313,0,0,0,0
534046374,165,78,87,65
534046381,19,11,8,7
534046382,136,65,71,52
534046383,1281,615,666,435
534046384,1288,583,705,384
534046391,202,102,100,64
534046393,68,34,34,20
534046401,45,24,21,8
534046402,7,3,4,2
534046403,112,50,62,26
534046404,0,0,0,0
534046411,79,35,44,16
534046412,0,0,0,0
534046413,188,90,98,44
534046414,8,5,3,1
534046421,0,0,0,0
534046423,14,8,6,4
534046424,43,21,22,18
534046433,0,0,0,0
534046434,0,0,0,0
534046471,0,0,0,0
534046472,115,47,68,88
534046473,0,0,0,0
534046474,187,90,97,59
534046481,583,267,316,221
534046482,735,342,393,310
534046483,51,24,27,20
534046484,157,67,90,70
534046491,0,0,0,0
534046493,40,23,17,26
534046501,19,11,8,5
534046502,154,72,82,37
534046503,12,5,7,4
534046504,70,30,40,15
534046511,81,33,48,23
534046512,41,24,17,8
534046513,166,84,82,49
534046514,561,265,296,180
534046521,265,128,137,83
534046522,429,219,210,142
534046523,72,35,37,28
534046524,55,32,23,19
534046531,113,44,69,7
534046532,0,0,0,0
534046533,45,22,23,12
534046534,3,2,1,2
534046541,0,0,0,0
534046542,0,0,0,0
534046543,0,0,0,0
534046544,136,60,76,50
534046553,534,242,292,190
534046554,27,10,17,9
534046562,58,29,29,19
534046563,11,6,5,5
534046564,145,61,84,50
534046571,175,82,93,72
534046572,321,167,154,95
534046573,236,112,124,101
534046574,2,1,1,1
534046581,215,108,107,58
534046582,335,168,167,137
534046583,267,121,146,80
534046584,283,143,140,101
534046591,12,6,6,4
534046593,0,0,0,0
534046601,0,0,0,0
534046602,119,62,57,28
534046603,0,0,0,0
534046604,70,35,35,23
534046611,5,2,3,1
534046612,104,51,53,36
534046613,7,2,5,3
534046614,127,60,67,35
534046621,41,19,22,16
534046622,1,1,0,1
534046623,6,3,3,3
534046624,0,0,0,0
534046631,0,0,0,0
534046632,78,39,39,28
534046633,33,16,17,8
534046634,119,58,61,40
534046641,209,98,111,74
534046642,498,242,256,143
534046643,1491,696,795,547
534046644,994,459,535,427
534046651,479,216,263,180
534046652,14,5,9,4
534046653,909,419,490,350
534046654,720,344,376,328
534046661,27,12,15,9
534046662,478,235,243,216
534046663,809,379,430,340
534046664,996,463,533,387
534046671,7,5,2,6
534046672,144,70,74,62
534046673,462,226,236,165
534046674,121,60,61,44
534046681,542,262,280,172
534046682,640,303,337,208
534046683,464,240,224,165
534046684,573,261,312,208
534046691,268,115,153,108
534046692,42,16,26,16
534046693,881,409,472,341
534046694,2,0,2,2
534046701,0,0,0,0
534046702,0,0,0,0
534046703,85,17,68,2
534046704,0,0,0,0
534046711,2,1,1,1
534046712,16,8,8,3
534046713,6,1,5,2
534046714,0,0,0,0
534046721,24,12,12,4
534046722,0,0,0,0
534046723,27,16,11,10
534046724,89,49,40,28
534046731,0,0,0,0
534046732,0,0,0,0
534046733,0,0,0,0
534046734,78,36,42,23
534046741,289,145,144,129
534046742,919,448,471,336
534046743,17,6,11,4
534046744,221,114,107,83
534046751,615,309,306,230
534046752,1272,603,669,514
534046753,807,393,414,291
534046754,1056,486,570,409
534046761,1384,665,719,599
534046762,708,330,378,271
534046763,1066,483,583,390
534046764,986,452,534,396
534046771,1204,584,620,485
534046772,1036,521,515,383
534046773,1629,769,860,638
534046774,1377,621,756,546
534046781,1046,505,541,412
534046782,904,443,461,331
534046783,1307,625,682,495
534046784,1132,559,573,429
534046791,614,306,308,197
534046793,742,359,383,280
534046794,5,3,2,2
534046801,0,0,0,0
534046802,13,11,2,10
534046803,0,0,0,0
534046804,0,0,0,0
534046811,0,0,0,0
534046812,98,48,50,24
534046813,0,0,0,0
534046814,224,107,117,56
534046821,5,2,3,1
534046822,31,19,12,11
534046823,45,25,20,13
534046824,0,0,0,0
534046831,3,3,0,2
534046832,202,97,105,71
534046833,530,257,273,183
534046834,1182,524,658,400
534046841,715,357,358,254
534046842,1162,564,598,384
534046843,912,404,508,297
534046844,351,175,176,116
534046851,995,449,546,374
534046852,614,299,315,254
534046853,6,3,3,2
534046854,0,0,0,0
534046861,503,242,261,200
534046862,270,134,136,121
534046863,0,0,0,0
534046864,49,19,30,15
534046871,569,256,313,205
534046872,2271,1086,1185,921
534046873,0,0,0,0
534046874,82,42,40,33
534046881,1602,736,866,653
534046882,1093,539,554,459
534046883,487,229,258,174
534046884,765,367,398,300
534046891,211,103,108,68
534046892,0,0,0,0
534046893,7,3,4,2
534046901,0,0,0,0
534046902,0,0,0,0
534046903,0,0,0,0
534046904,68,32,36,16
534046911,48,24,24,13
534046912,111,55,56,28
534046913,111,51,60,27
534046914,62,29,33,18
534046921,32,16,16,8
534046922,359,175,184,106
534046923,52,26,26,15
534046924,590,290,300,186
534046931,883,410,473,308
534046932,1218,577,641,432
534046933,653,311,342,202
534046934,342,164,178,109
534046941,385,191,194,127
534046942,0,0,0,0
534046943,0,0,0,0
534046944,18,9,9,5
534046951,5,3,2,1
534046981,14,8,6,7
534046982,183,123,60,145
534046991,0,0,0,0
534051711,23,11,12,6
534051712,17,4,13,1
534051713,14,7,7,4
534051714,0,0,0,0
534051721,43,22,21,12
534051722,0,0,0,0
534051723,0,0,0,0
534051724,0,0,0,0
534051731,13,6,7,3
534051732,387,193,194,116
534051733,55,29,26,14
534051734,14,6,8,4
534051741,1742,861,881,507
534051742,0,0,0,0
534051743,97,49,48,33
534051744,43,21,22,15
534051751,0,0,0,0
534051752,78,43,35,21
534051753,0,0,0,0
534051754,39,18,21,13
534051761,154,70,84,42
534051762,72,35,37,19
534051763,181,91,90,48
534051764,76,37,39,20
534051771,21,10,11,5
534051772,0,0,0,0
534051773,49,26,23,10
534051774,2,1,1,1
534051781,0,0,0,0
534051782,37,18,19,8
534051783,4,2,2,1
534051784,4,2,2,2
534051791,22,10,12,7
534051792,0,0,0,0
534051793,58,31,27,12
534051794,10,6,4,2
534051801,65,35,30,14
534051802,91,48,43,36
534051803,9,6,3,3
534051804,140,75,65,40
534051811,31,14,17,8
534051812,0,0,0,0
534060483,0,0,0,0
534060484,3,1,2,1
534060491,621,298,323,222
534060492,79,38,41,26
534060493,0,0,0,0
534060494,0,0,0,0
534060501,3477,1701,1776,1237
534060502,2561,1276,1285,1076
534060503,658,338,320,243
534060504,3651,1756,1895,1370
534060511,2952,1488,1464,1174
534060512,1482,760,722,562
534060513,1352,636,716,499
534060514,79,42,37,33
534060521,481,246,235,180
534060522,626,294,332,227
534060523,75,37,38,22
534060524,11,9,2,11
534060531,1581,802,779,656
534060532,2547,1319,1228,1032
534060533,254,135,119,104
534060534,2127,1051,1076,835
534060541,225,109,116,99
534060542,0,0,0,0
534060543,1344,664,680,453
534060544,0,0,0,0
534060551,0,0,0,0
534060552,74,34,40,20
534060553,0,0,0,0
534060554,78,35,43,25
534060561,289,146,143,111
534060562,735,375,360,237
534060563,203,101,102,65
534060564,13,8,5,5
534060571,426,183,243,98
534060572,0,0,0,0
534060573,146,38,108,2
534060574,0,0,0,0
534060581,0,0,0,0
534060582,0,0,0,0
534060583,42,18,24,19
534062481,1,0,1,1
534062482,0,0,0,0
534062483,183,95,88,54
534062484,0,0,0,0
534062491,0,0,0,0
534062492,0,0,0,0
534062493,0,0,0,0
534062494,34,14,20,7
534062571,0,0,0,0
534062572,406,196,210,153
534062574,35,13,22,12
534062581,379,186,193,105
534062582,93,46,47,30
534063423,0,0,0,0
534063424,0,0,0,0
534063431,1,1,0,1
534063432,3,2,1,1
534063433,14,7,7,3
534063434,1,1,0,1
534063441,89,43,46,21
534063442,69,32,37,16
534063443,0,0,0,0
534063444,0,0,0,0
534063451,0,0,0,0
534063452,20,7,13,4
534063453,45,24,21,11
534063454,66,33,33,15
534063461,0,0,0,0
534063462,0,0,0,0
534063463,0,0,0,0
534063464,0,0,0,0
534063471,15,6,9,4
534063472,297,137,160,101
534063473,27,13,14,8
534063474,407,210,197,134
534063481,92,44,48,26
534063482,69,35,34,25
534063483,158,77,81,41
534063484,22,11,11,7
534063491,99,46,53,27
534063492,205,101,104,53
534063493,94,55,39,36
534063494,48,30,18,24
534063501,3,2,1,2
534063502,0,0,0,0
534063503,136,69,67,38
534063504,78,41,37,30
534063511,120,57,63,33
534063512,22,12,10,7
534063513,10,5,5,2
534063514,113,61,52,33
534063521,34,16,18,8
534063522,28,16,12,8
534063523,47,27,20,13
534063524,17,7,10,3
534064263,6,4,2,1
534064264,124,60,64,45
534064271,606,287,319,220
534064272,505,267,238,198
534064273,644,284,360,147
534064274,583,287,296,212
534064281,821,384,437,316
534064282,806,375,431,308
534064283,958,456,502,346
534064284,543,262,281,190
534064291,138,45,93,82
534064292,8,3,5,3
534064293,516,258,258,212
534064294,0,0,0,0
534064301,39,21,18,12
534064302,93,48,45,22
534064303,3,1,2,2
534064304,0,0,0,0
534064311,59,30,29,17
534064312,0,0,0,0
534064313,102,51,51,22
534064314,0,0,0,0
534064321,0,0,0,0
534064322,0,0,0,0
534064323,0,0,0,0
534064324,0,0,0,0
534064331,0,0,0,0
534064332,30,14,16,10
534064333,30,14,16,9
534064334,102,47,55,28
534064341,105,56,49,45
534064342,41,20,21,13
534064343,32,13,19,10
534064344,11,5,6,2
534064351,55,22,33,18
534064352,1,1,0,1
534064353,141,76,65,40
534064354,8,4,4,3
534064361,0,0,0,0
534064362,5,3,2,2
534064363,1,0,1,1
534064364,0,0,0,0
534050001,1757,902,855,616
534050002,1786,887,899,663
534050003,1689,843,846,591
534050004,2587,1302,1285,922
534050011,2240,1104,1136,829
534050012,2564,1298,1266,975
534050013,2762,1341,1421,1032
534050014,2661,1310,1351,1071
534050021,3070,1495,1575,1182
534050022,827,422,405,306
534050023,3700,1848,1852,1333
534050024,1259,629,630,448
534050031,1295,632,663,458
534050032,1325,647,678,451
534050033,817,419,398,289
534050034,398,193,205,127
534050041,202,103,99,53
534050042,27,11,16,10
534050043,705,355,350,245
534050044,129,82,47,35
534050051,119,65,54,29
534050052,107,49,58,29
534050053,617,310,307,47
534050054,30,19,11,8
534050061,69,35,34,21
534050062,215,104,111,67
534050063,37,15,22,10
534050064,132,69,63,46
534050071,52,26,26,14
534050072,43,18,25,11
534050073,171,62,109,36
534050074,45,23,22,10
534050081,6,2,4,1
534050082,196,77,119,6
534050083,32,16,16,11
534050084,1527,800,727,699
534050091,1119,542,577,367
534050092,270,134,136,84
534050093,3185,1547,1638,1390
534050094,213,103,110,66
534050101,2295,1134,1161,861
534050102,3120,1546,1574,1150
534050103,2380,1171,1209,933
534050104,2104,1020,1084,796
534050111,2507,1270,1237,944
534050112,3432,1687,1745,1204
534050113,2561,1285,1276,964
534050114,3093,1557,1536,1083
534050121,3657,1836,1821,1340
534050122,1484,711,773,510
534050123,3716,1820,1896,1272
534050124,1519,727,792,522
534050131,787,366,421,271
534050132,131,69,62,34
534050133,152,73,79,46
534050134,23,12,11,8
534050141,183,95,88,50
534050142,12,4,8,3
534050143,33,15,18,10
534050144,49,29,20,15
534050151,237,147,90,107
534050152,19,13,6,13
534050153,896,459,437,284
534050154,239,116,123,62
534050161,0,0,0,0
534050162,102,50,52,38
534050163,229,126,103,70
534050164,32,20,12,11
534050171,195,101,94,72
534050172,93,45,48,32
534050173,270,135,135,90
534050174,490,224,266,69
534050181,85,49,36,25
534050182,1349,674,675,641
534050183,85,46,39,21
534050184,2,1,1,1
534050191,970,495,475,408
534050192,490,265,225,50
534050193,45,25,20,13
534050194,29,15,14,9
534050201,3052,1466,1586,1104
534050202,2130,1086,1044,791
534050203,2193,1112,1081,825
534050204,2975,1480,1495,1008
534050211,2610,1295,1315,938
534050212,2238,1151,1087,817
534050213,1250,630,620,436
534050214,1418,723,695,504
534050221,3441,1704,1737,1160
534050222,1071,523,548,328
534050223,867,439,428,300
534050224,137,72,65,44
534050231,120,59,61,39
534050232,32,13,19,8
534050233,71,39,32,28
534050234,109,52,57,26
534050241,72,32,40,17
534050242,0,0,0,0
534050243,22,12,10,8
534050244,8,3,5,2
534050251,105,31,74,11
534050252,223,115,108,66
534050253,8,4,4,2
534050254,0,0,0,0
534050261,109,57,52,34
534050262,38,20,18,9
534050263,99,12,87,7
534050264,20,12,8,8
534050271,85,45,40,25
534050272,366,155,211,90
534050273,42,16,26,13
534050274,155,114,41,10
534050281,19,7,12,6
534050282,68,33,35,20
534050283,1483,761,722,459
534050284,349,181,168,108
534050291,68,34,34,21
534050292,137,62,75,37
534050293,116,55,61,31
534050294,0,0,0,0
534050301,1444,708,736,574
534050302,2008,1010,998,688
534050303,139,73,66,53
534050304,82,46,36,29
534050311,719,345,374,184
534050312,596,289,307,162
534050313,238,119,119,76
534050314,1034,499,535,384
534050321,341,163,178,111
534050322,8,3,5,3
534050323,1846,930,916,587
534050324,1250,634,616,443
534050331,116,64,52,34
534050332,776,384,392,248
534050333,82,75,7,17
534050334,785,394,391,240
534050341,1576,745,831,457
534050342,131,62,69,34
534050343,3791,1861,1930,1439
534050344,1563,761,802,533
534050351,0,0,0,0
534050352,32,14,18,11
534050353,459,230,229,155
534050354,8,4,4,1
534050361,21,15,6,3
534050362,55,30,25,14
534050363,24,14,10,6
534050364,195,112,83,28
534050371,140,59,81,24
534050372,86,44,42,25
534050373,136,76,60,9
534050374,67,32,35,16
534050381,6,2,4,2
534050382,110,50,60,29
534050383,51,27,24,11
534050384,103,52,51,26
534050391,61,30,31,21
534050392,0,0,0,0
534050393,29,14,15,8
534050394,138,75,63,38
534050401,280,140,140,96
534050402,32,18,14,13
534050403,1102,529,573,344
534050404,361,183,178,129
534050411,332,163,169,119
534050412,1139,560,579,386
534050413,140,79,61,49
534050414,449,217,232,141
534050421,2080,992,1088,668
534050422,3299,1607,1692,1206
534050423,1372,649,723,474
534050424,1198,587,611,433
534050431,276,129,147,78
534050432,208,90,118,109
534050433,574,274,300,188
534050434,135,61,74,34
534050441,930,428,502,322
534050442,1322,656,666,419
534050443,107,53,54,34
534050444,0,0,0,0
534050451,275,127,148,82
534050452,216,104,112,77
534050453,119,63,56,36
534050454,2574,1307,1267,1084
534050461,30,14,16,9
534050462,18,6,12,6
534050463,256,131,125,86
534050464,36,20,16,13
534050471,34,14,20,7
534050472,32,14,18,8
534050473,143,72,71,37
534050474,51,28,23,13
534050481,0,0,0,0
534050482,108,49,59,29
534050483,0,0,0,0
534050484,80,29,51,3
534050491,144,83,61,35
534050492,4,2,2,2
534050493,65,32,33,14
534050494,228,78,150,47
534050501,1114,557,557,438
534050502,78,43,35,39
534050503,1563,796,767,591
534050504,200,102,98,84
534050511,32,14,18,11
534050512,177,89,88,53
534050513,0,0,0,0
534050514,4,3,1,1
534050521,614,328,286,225
534050522,93,43,50,30
534050523,186,96,90,75
534050524,211,104,107,68
534050531,645,306,339,211
534050532,39,18,21,12
534050533,835,422,413,259
534050534,868,435,433,266
534050541,263,129,134,77
534050542,185,94,91,57
534050543,92,48,44,29
534050544,761,393,368,260
534050551,178,83,95,72
534050552,1899,943,956,678
534050553,828,410,418,266
534050554,611,324,287,243
534050561,66,41,25,26
534050562,104,59,45,38
534050563,155,74,81,43
534050564,5,3,2,2
534050571,57,29,28,18
534050572,6,3,3,2
534050573,20,10,10,6
534050574,0,0,0,0
534050581,0,0,0,0
534050582,0,0,0,0
534050583,971,466,505,332
534050584,536,253,283,161
534050591,0,0,0,0
534050592,1725,867,858,642
534050593,312,157,155,101
534050594,1474,716,758,573
534050601,959,507,452,339
534050602,100,51,49,39
534050603,939,465,474,330
534050604,140,78,62,58
534050611,0,0,0,0
534050612,580,509,71,5
534050613,103,58,45,32
534050614,518,323,195,143
534050621,474,289,185,232
534050622,523,274,249,207
534050623,509,248,261,151
534050624,544,281,263,198
534050631,152,76,76,54
534050632,457,226,231,138
534050633,179,92,87,61
534050634,72,35,37,18
534050641,86,48,38,22
534050642,119,59,60,41
534050643,5,3,2,2
534050644,0,0,0,0
534050651,485,266,219,167
534050652,203,106,97,60
534050653,22,10,12,7
534050654,72,39,33,19
534050661,146,43,103,12
534050662,0,0,0,0
534050663,146,74,72,49
534050664,86,39,47,22
534050671,0,0,0,0
534050672,41,20,21,17
534050673,99,51,48,37
534050674,181,97,84,59
534050681,1913,947,966,568
534050682,3351,1633,1718,1067
534050683,1441,695,746,446
534050684,3269,1593,1676,996
534050691,10,5,5,4
534050692,0,0,0,0
534050693,3058,1537,1521,1051
534050694,0,0,0,0
534050701,746,365,381,287
534050702,248,128,120,91
534050703,164,79,85,55
534050704,282,139,143,99
534050711,549,287,262,178
534050712,325,168,157,114
534050713,249,126,123,86
534050714,118,61,57,48
534050721,127,64,63,48
534050722,129,74,55,49
534050723,180,91,89,51
534050724,71,27,44,29
534050731,165,84,81,54
534050732,176,90,86,59
534050733,72,40,32,21
534050734,78,38,40,23
534050741,29,16,13,8
534050742,25,13,12,6
534050743,114,58,56,31
534050744,25,13,12,7
534050751,6,3,3,2
534050752,0,0,0,0
534050753,25,10,15,6
534050754,37,19,18,9
534050761,13,6,7,6
534050762,87,44,43,29
534051813,153,73,80,42
534051814,137,67,70,36
534051821,11,5,6,3
534051822,58,25,33,14
534051823,22,12,10,8
534051824,94,50,44,31
534051831,4,2,2,1
534051832,14,10,4,5
534051833,64,31,33,20
534051834,166,96,70,74
534051841,124,57,67,39
534051842,108,39,69,42
534051843,0,0,0,0
534051844,843,408,435,246
534051851,92,41,51,27
534051852,30,17,13,12
534051853,594,292,302,184
534051854,624,331,293,188
534051861,195,87,108,55
534051862,141,70,71,40
534051863,40,24,16,15
534051864,75,37,38,18
534051871,56,31,25,16
534051872,68,28,40,18
534051873,19,10,9,4
534051874,8,4,4,3
534051881,0,0,0,0
534051882,61,30,31,16
534051883,13,7,6,5
534051884,53,23,30,11
534051891,34,14,20,8
534051892,0,0,0,0
534051893,11,6,5,3
534051894,35,14,21,10
534051901,0,0,0,0
534051902,24,12,12,5
534051903,43,20,23,12
534051904,197,68,129,38
534051911,86,42,44,27
534051912,94,45,49,26
534051913,509,235,274,163
534051914,160,78,82,63
534051921,43,17,26,8
534051922,8,5,3,3
534051923,12,6,6,4
534051924,176,86,90,52
534051931,35,14,21,8
534051932,37,17,20,11
534051933,0,0,0,0
534051934,34,17,17,12
534051941,30,20,10,15
534051942,22,12,10,8
534051943,73,39,34,21
534051944,111,57,54,31
534051951,1123,568,555,370
534051952,1368,658,710,440
534051953,929,464,465,341
534051954,1143,545,598,362
534051961,17,8,9,5
534051962,69,15,54,4
534051963,197,101,96,66
534051964,127,60,67,28
534051971,71,36,35,19
534051972,85,47,38,18
534051973,48,28,20,12
534051974,4,2,2,2
534051981,51,27,24,15
534051982,46,26,20,11
534051983,0,0,0,0
534051984,24,12,12,11
534051991,38,15,23,15
534051992,37,17,20,15
534051993,298,155,143,120
534051994,485,239,246,192
534052001,493,259,234,200
534052002,0,0,0,0
534052003,12,5,7,4
534052004,0,0,0,0
534052011,0,0,0,0
534052012,61,32,29,18
534052013,0,0,0,0
534052014,81,40,41,33
534052021,106,54,52,41
534052022,179,96,83,66
534050763,39,19,20,11
534050764,64,34,30,17
534050771,102,59,43,36
534050772,211,114,97,73
534050773,6,2,4,2
534050774,0,0,0,0
534050781,1376,653,723,450
534050782,796,368,428,265
534050783,84,51,33,29
534050784,0,0,0,0
534050791,819,399,420,249
534050792,124,63,61,41
534050793,31,17,14,10
534050794,233,123,110,77
534050801,280,145,135,83
534050802,284,137,147,115
534050803,27,11,16,9
534050804,2,1,1,1
534050811,84,46,38,28
534050812,72,38,34,20
534050813,225,104,121,68
534050814,179,100,79,75
534050821,23,12,11,9
534050822,13,6,7,6
534050823,17,17,0,17
534050824,20,11,9,4
534050831,89,42,47,30
534050832,37,17,20,10
534050833,41,21,20,10
534050834,83,38,45,27
534050841,132,69,63,36
534050842,53,24,29,16
534050843,1,1,0,1
534050844,18,12,6,8
534050851,5,2,3,2
534050852,6,3,3,2
534050853,4,2,2,1
534050854,15,10,5,4
534050861,142,73,69,38
534050862,145,72,73,35
534050863,173,90,83,40
534050864,90,45,45,21
534050871,0,0,0,0
534050872,0,0,0,0
534050873,60,26,34,14
534050874,87,44,43,19
534050881,190,87,103,51
534050882,88,48,40,24
534050883,157,83,74,43
534050884,339,178,161,93
534050891,113,57,56,36
534050892,44,24,20,11
534050893,18,7,11,3
534050894,110,56,54,29
534050901,590,299,291,174
534050902,0,0,0,0
534050903,1232,613,619,440
534050904,204,92,112,77
534050911,20,19,1,18
534050912,66,59,7,59
534050913,4,3,1,1
534050914,6,4,2,2
534050921,5,5,0,5
534050922,18,12,6,5
534050923,25,11,14,11
534050924,0,0,0,0
534050931,136,71,65,30
534050932,45,21,24,12
534050933,40,20,20,12
534050934,29,14,15,7
534050941,29,16,13,9
534050942,132,73,59,31
534050943,86,41,45,24
534050944,74,39,35,22
534050951,14,9,5,3
534050952,4,3,1,2
534050953,161,85,76,38
534050954,17,6,11,4
534050961,9,3,6,2
534050962,5,3,2,2
534050963,50,9,41,1
534050964,37,17,20,8
534050971,32,17,15,8
534050972,29,14,15,8
534050973,53,25,28,14
534050974,0,0,0,0
534050981,78,37,41,24
534050982,61,29,32,16
534050983,0,0,0,0
534050984,0,0,0,0
534050991,71,32,39,17
534050992,157,71,86,38
534050993,17,8,9,4
534050994,309,163,146,100
534051001,0,0,0,0
534051002,0,0,0,0
534051003,0,0,0,0
534051004,0,0,0,0
534051011,31,15,16,11
534051012,82,45,37,26
534051013,1,1,0,1
534051014,4,2,2,1
534051021,124,68,56,37
534051022,64,34,30,19
534051023,0,0,0,0
534051024,0,0,0,0
534051031,0,0,0,0
534051032,16,7,9,5
534051033,41,19,22,11
534051034,287,163,124,9
534051041,29,11,18,7
534051042,125,57,68,31
534051043,57,30,27,18
534051044,56,28,28,15
534051051,0,0,0,0
534051052,0,0,0,0
534051053,0,0,0,0
534051054,0,0,0,0
534051061,16,8,8,5
534051062,31,14,17,11
534051063,6,2,4,2
534051064,146,74,72,35
534051071,0,0,0,0
534051072,6,2,4,2
534051073,7,3,4,3
534051074,0,0,0,0
534051081,5,1,4,1
534051082,0,0,0,0
534051083,0,0,0,0
534051084,0,0,0,0
534051091,0,0,0,0
534051092,1176,593,583,387
534051093,29,11,18,7
534051094,203,163,40,82
534051101,35,21,14,10
534051102,115,65,50,39
534051103,60,30,30,18
534051104,61,22,39,9
534051111,319,153,166,93
534051112,30,15,15,10
534051113,0,0,0,0
534051114,26,12,14,7
534051121,2,1,1,1
534051122,0,0,0,0
534051123,294,139,155,78
534051124,52,26,26,14
534051131,113,47,66,37
534051132,118,54,64,35
534051133,147,71,76,36
534051134,324,161,163,90
534051141,5,2,3,1
534051142,176,92,84,50
534051143,0,0,0,0
534051144,53,27,26,14
534051151,82,42,40,21
534051152,10,4,6,2
534051153,5,2,3,2
534051154,5,3,2,2
534051161,0,0,0,0
534051162,0,0,0,0
534051163,0,0,0,0
534051164,0,0,0,0
534051171,0,0,0,0
534051172,0,0,0,0
534051173,5,2,3,1
534051174,67,33,34,17
534051181,18,8,10,6
534051182,0,0,0,0
534051183,55,26,29,18
534051184,33,13,20,6
534051191,59,32,27,19
534051192,189,88,101,53
534051193,8,5,3,3
534051194,82,44,38,21
534051201,210,110,100,49
534051202,0,0,0,0
534051203,0,0,0,0
534051204,49,27,22,13
534051211,28,15,13,8
534051212,3,1,2,2
534051213,66,35,31,16
534051214,0,0,0,0
534051221,149,73,76,39
534051222,0,0,0,0
534051223,0,0,0,0
534051224,0,0,0,0
534051231,54,27,27,15
534051232,58,28,30,14
534051233,0,0,0,0
534051234,64,36,28,17
534051241,0,0,0,0
534051242,0,0,0,0
534051243,21,11,10,5
534051244,17,8,9,5
534051251,6,3,3,1
534051252,11,7,4,2
534051253,190,90,100,49
534051254,37,21,16,10
534051261,0,0,0,0
534051262,0,0,0,0
534051263,16,7,9,3
534051264,50,24,26,10
534051271,108,50,58,31
534051272,26,14,12,8
534051273,52,26,26,14
534051274,110,56,54,32
534051281,68,30,38,10
534051282,193,92,101,48
534051283,13,4,9,5
534051284,39,19,20,15
534051291,7,4,3,2
534051292,58,28,30,16
534051293,135,63,72,34
534051294,54,26,28,14
534051301,0,0,0,0
534051302,81,42,39,19
534051303,140,78,62,51
534051304,44,24,20,10
534051311,83,40,43,23
534051312,64,29,35,13
534051313,119,59,60,35
534051314,0,0,0,0
534051321,0,0,0,0
534051322,0,0,0,0
534051323,0,0,0,0
534051324,0,0,0,0
534051331,0,0,0,0
534051332,32,13,19,10
534051333,3,1,2,1
534051334,4,2,2,1
534051341,16,8,8,4
534051342,0,0,0,0
534051343,7,5,2,3
534051344,81,41,40,18
534051351,37,17,20,9
534051352,12,6,6,3
534051353,0,0,0,0
534051354,41,22,19,2
534051361,6,2,4,2
534051362,27,12,15,8
534051363,547,261,286,178
534051364,521,264,257,163
534051371,34,14,20,11
534051372,143,66,77,39
534051373,39,21,18,8
534051374,0,0,0,0
534051381,111,58,53,36
534051382,1,1,0,1
534051383,6,4,2,2
534051384,0,0,0,0
534051391,82,38,44,25
534051392,25,18,7,15
534051393,54,23,31,14
534051394,5,2,3,1
534051401,128,66,62,35
534051402,17,9,8,6
534051403,110,88,22,13
534051404,83,42,41,25
534051411,1,0,1,1
534051412,0,0,0,0
534051413,402,199,203,121
534051414,224,109,115,71
534051421,0,0,0,0
534051422,5,2,3,2
534051423,12,7,5,4
534051424,37,19,18,8
534051431,85,45,40,27
534051432,21,10,11,4
534051433,51,23,28,17
534051434,16,7,9,4
534051441,27,14,13,6
534051442,0,0,0,0
534051443,99,48,51,31
534051444,8,3,5,2
534051451,44,20,24,13
534051452,149,24,125,138
534051453,19,10,9,6
534051454,10,4,6,2
534051461,599,239,360,211
534051462,67,34,33,23
534051463,438,228,210,138
534051464,629,316,313,194
534051471,5,2,3,3
534051472,0,0,0,0
534051473,92,44,48,22
534051474,6,4,2,2
534051481,6,2,4,2
534051482,96,48,48,21
534051483,252,125,127,83
534051484,102,44,58,24
534051491,47,18,29,12
534051492,0,0,0,0
534051493,114,57,57,31
534051494,0,0,0,0
534051501,1019,503,516,362
534051502,825,419,406,257
534051503,2282,1153,1129,853
534051504,1888,925,963,600
534051511,2243,1110,1133,714
534051512,155,74,81,49
534051513,795,418,377,302
534051514,104,53,51,29
534051521,80,42,38,21
534051522,41,20,21,15
534051523,97,48,49,26
534051524,1257,645,612,463
534051531,59,24,35,16
534051532,2,1,1,1
534051533,830,409,421,266
534051534,0,0,0,0
534051541,40,19,21,9
534051542,0,0,0,0
534051543,5,3,2,3
534051544,15,8,7,3
534051551,12,3,9,3
534051552,102,54,48,30
534051553,6,3,3,2
534051554,73,34,39,20
534051561,3,1,2,1
534051562,13,6,7,4
534051563,33,14,19,10
534051564,105,53,52,26
534051571,10,5,5,3
534051572,36,21,15,10
534051573,120,56,64,30
534051574,36,21,15,11
534051581,187,73,114,46
534051582,38,20,18,10
534051583,0,0,0,0
534051584,0,0,0,0
534051591,12,5,7,4
534051592,0,0,0,0
534051593,0,0,0,0
534051594,0,0,0,0
534051601,1699,830,869,505
534051602,463,227,236,142
534051603,42,22,20,14
534051604,128,60,68,33
534051611,242,101,141,69
534051612,111,60,51,35
534051613,29,14,15,9
534051614,24,10,14,5
534051621,2566,1282,1284,778
534051622,2328,1168,1160,750
534051623,0,0,0,0
534051624,0,0,0,0
534051631,428,205,223,160
534051632,0,0,0,0
534051633,0,0,0,0
534051634,903,456,447,286
534051641,11,7,4,3
534051642,5,1,4,2
534051643,1268,631,637,406
534051644,78,39,39,27
534051651,135,70,65,32
534051652,70,39,31,23
534051653,50,21,29,15
534051654,55,28,27,14
534051661,52,26,26,12
534051662,79,38,41,19
534051663,158,82,76,50
534051664,48,22,26,15
534051671,38,14,24,10
534051672,1,1,0,1
534051673,77,38,39,19
534051674,4,1,3,1
534051681,0,0,0,0
534051682,0,0,0,0
534051683,0,0,0,0
534051684,6,2,4,3
534051691,0,0,0,0
534051692,0,0,0,0
534051693,0,0,0,0
534051694,0,0,0,0
534051701,127,64,63,32
534051702,50,28,22,23
534051703,4,2,2,2
534051704,0,0,0,0
534052023,1127,574,553,443
534052024,260,141,119,123
534052031,18,9,9,7
534052032,41,19,22,15
534052033,285,135,150,139
534052034,807,400,407,328
534052041,502,265,237,208
534052042,334,175,159,141
534052043,586,300,286,229
534052044,1173,617,556,463
534052051,153,95,58,83
534052052,5,3,2,3
534052053,280,142,138,96
534052054,55,28,27,16
534052061,15,11,4,14
534052062,297,151,146,97
534052063,18,8,10,7
534052064,28,16,12,11
534052071,241,123,118,82
534052072,33,16,17,11
534052073,22,11,11,7
534052074,598,306,292,200
534052081,86,42,44,25
534052082,6,3,3,2
534052083,37,20,17,10
534052084,8,4,4,3
534052091,1382,692,690,470
534052092,1216,694,522,653
534052093,488,266,222,201
534052094,681,448,233,406
534052101,5,2,3,2
534052102,0,0,0,0
534052103,14,9,5,5
534052104,0,0,0,0
534052111,15,8,7,5
534052112,153,74,79,43
534052113,47,22,25,11
534052114,50,26,24,13
534052121,1142,561,581,394
534052122,437,214,223,176
534052123,73,40,33,36
534052124,296,150,146,110
534052131,1760,906,854,872
534052132,1082,579,503,541
534052133,133,68,65,56
534052134,1285,633,652,519
534052141,1212,604,608,514
534052142,1078,557,521,487
534052143,1268,591,677,516
534052144,798,397,401,320
534052151,1780,1020,760,799
534052152,445,221,224,174
534052153,2028,983,1045,665
534052154,1788,844,944,638
534052161,0,0,0,0
534052162,86,47,39,24
534052163,31,12,19,6
534052164,150,71,79,33
534052171,27,14,13,9
534052172,1,0,1,1
534052173,45,20,25,16
534052174,28,14,14,8
534052181,7,2,5,2
534052182,25,13,12,7
534052183,84,43,41,28
534052184,106,50,56,29
534052191,214,141,73,75
534052192,13,9,4,11
534052193,29,18,11,12
534052194,0,0,0,0
534052201,9,6,3,2
534052202,0,0,0,0
534052203,7,3,4,2
534052204,0,0,0,0
534052211,51,26,25,14
534052212,70,35,35,19
534052213,96,45,51,24
534052214,161,83,78,51
534052221,47,25,22,14
534052222,226,111,115,62
534052223,120,59,61,35
534052224,369,170,199,123
534052231,613,281,332,197
534052232,1681,823,858,585
534052233,2387,1244,1143,1078
534052234,2522,1257,1265,1173
534052241,1341,697,644,581
534052242,532,244,288,209
534052243,1803,869,934,753
534052244,805,418,387,418
534052251,856,418,438,315
534052252,2124,1016,1108,760
534052253,505,251,254,237
534052254,1552,787,765,609
534052261,225,131,94,105
534052262,8,2,6,3
534052263,242,136,106,129
534052264,0,0,0,0
534052271,0,0,0,0
534052272,91,50,41,33
534052273,4,1,3,2
534052274,33,18,15,12
534052281,246,130,116,85
534052282,67,35,32,21
534052283,41,21,20,13
534052284,5,1,4,2
534052291,6,4,2,2
534052292,0,0,0,0
534052293,8,3,5,2
534052294,0,0,0,0
534052301,0,0,0,0
534052302,0,0,0,0
534052303,0,0,0,0
534052304,0,0,0,0
534052311,69,35,34,21
534052312,0,0,0,0
534052313,75,37,38,23
534052314,0,0,0,0
534052321,31,17,14,7
534052322,794,378,416,263
534052323,134,69,65,48
534052324,961,473,488,349
534052331,1294,627,667,467
534052332,3208,1535,1673,1380
534052333,1766,880,886,746
534052334,1014,519,495,547
534052341,2267,1094,1173,1283
534052342,1537,778,759,865
534052343,1058,541,517,502
534052344,1206,570,636,568
534052351,896,430,466,383
534052352,912,491,421,442
534052353,1040,464,576,470
534052354,639,302,337,239
534052361,498,268,230,217
534052362,89,44,45,31
534052363,880,460,420,371
534052364,8,6,2,3
534052371,75,36,39,22
534052372,86,46,40,38
534052373,0,0,0,0
534052374,0,0,0,0
534052381,44,22,22,16
534052382,0,0,0,0
534052383,11,5,6,4
534052384,0,0,0,0
534052391,0,0,0,0
534052392,0,0,0,0
534052393,0,0,0,0
534052394,306,178,128,7
534052401,8,4,4,4
534052402,297,147,150,77
534052403,14,7,7,5
534052404,60,30,30,19
534052411,77,33,44,20
534052412,29,15,14,6
534052413,177,84,93,44
534052414,16,8,8,7
534052421,56,26,30,17
534052422,1770,881,889,641
534052423,141,65,76,42
534052424,1200,560,640,443
534052431,2858,1397,1461,971
534052432,998,451,547,360
534052433,2576,1235,1341,1011
534052434,482,232,250,150
534052441,1082,545,537,378
534052442,1143,562,581,480
534052443,285,154,131,144
534052444,1461,711,750,625
534052451,599,280,319,228
534052452,482,234,248,195
534052453,1125,539,586,403
534052454,438,244,194,197
534052461,602,304,298,235
534052462,119,59,60,47
534052463,352,182,170,137
534052464,63,40,23,26
534052471,55,29,26,13
534052472,26,10,16,5
534052473,69,37,32,17
534052474,30,14,16,6
534052481,15,7,8,3
534052482,0,0,0,0
534052483,24,13,11,5
534052484,0,0,0,0
534052491,0,0,0,0
534052492,0,0,0,0
534052493,11,5,6,2
534052494,75,28,47,25
534052501,0,0,0,0
534052502,20,12,8,7
534052503,0,0,0,0
534052504,0,0,0,0
534052511,86,42,44,21
534052512,0,0,0,0
534052513,0,0,0,0
534052514,0,0,0,0
534052521,66,35,31,19
534052522,1136,560,576,403
534052523,0,0,0,0
534052524,50,24,26,18
534052531,1397,446,951,787
534052532,468,230,238,155
534052533,619,310,309,206
534052534,13,8,5,8
534052541,18,8,10,9
534052542,1636,841,795,726
534052543,13,8,5,6
534052544,773,418,355,380
534052551,546,271,275,223
534052552,89,47,42,53
534052553,55,24,31,19
534052554,61,32,29,12
534052561,80,40,40,21
534052562,64,29,35,20
534052563,22,9,13,6
534052564,66,30,36,23
534052571,17,8,9,4
534052572,0,0,0,0
534052573,188,114,74,73
534052574,4,2,2,2
534052581,0,0,0,0
534052582,0,0,0,0
534052583,0,0,0,0
534052584,4,2,2,1
534052591,48,25,23,14
534052592,49,24,25,13
534052593,38,18,20,13
534052594,145,77,68,39
534052601,0,0,0,0
534052602,0,0,0,0
534052603,0,0,0,0
534052604,0,0,0,0
534052611,0,0,0,0
534052612,10,5,5,6
534052613,0,0,0,0
534052614,53,24,29,16
534052621,91,47,44,31
534052622,14,8,6,4
534052623,110,53,57,33
534052624,81,40,41,28
534052631,139,63,76,44
534052632,24,14,10,7
534052633,272,144,128,83
534052634,59,28,31,17
534052641,52,25,27,19
534052642,788,353,435,33
534052643,0,0,0,0
534052644,141,69,72,41
534052651,90,43,47,22
534052652,64,37,27,18
534052653,122,60,62,42
534052654,0,0,0,0
534052661,65,31,34,16
534052662,29,17,12,6
534052663,3,2,1,1
534052664,107,50,57,29
534052671,0,0,0,0
534052672,0,0,0,0
534052673,0,0,0,0
534052674,0,0,0,0
534052681,3,2,1,1
534052682,57,24,33,16
534052683,0,0,0,0
534052684,79,46,33,21
534052691,78,40,38,24
534052692,61,31,30,24
534052693,15,8,7,9
534052694,0,0,0,0
534052701,0,0,0,0
534052702,0,0,0,0
534052703,0,0,0,0
534052704,0,0,0,0
534052711,0,0,0,0
534052712,94,51,43,27
534052713,0,0,0,0
534052714,62,31,31,17
534052721,149,74,75,47
534052722,41,20,21,11
534052723,69,31,38,19
534052724,89,42,47,28
534052731,44,23,21,14
534052732,10,6,4,4
534052733,0,0,0,0
534052734,0,0,0,0
534052741,12,5,7,4
534052742,110,52,58,26
534052743,94,50,44,27
534052744,71,28,43,17
534052751,131,61,70,41
534052752,68,36,32,20
534052753,133,66,67,38
534052754,7,4,3,2
534052761,7,3,4,2
534052762,89,42,47,24
534052763,0,0,0,0
534052764,0,0,0,0
534052771,0,0,0,0
534052772,0,0,0,0
534052773,0,0,0,0
534052774,0,0,0,0
534052781,0,0,0,0
534052782,55,27,28,15
534052783,0,0,0,0
534052784,29,15,14,8
534052791,56,22,34,5
534052792,0,0,0,0
534052793,37,19,18,11
534052794,0,0,0,0
534052801,0,0,0,0
534052802,0,0,0,0
534052803,0,0,0,0
534052804,46,25,21,14
534052811,35,17,18,12
534052812,5,1,4,3
534052813,18,11,7,4
534052814,0,0,0,0
534052821,107,53,54,33
534052822,86,41,45,25
534052823,845,408,437,265
534052824,84,44,40,24
534052831,0,0,0,0
534052832,51,22,29,15
534052833,0,0,0,0
534052834,99,44,55,28
534052841,127,65,62,37
534052842,0,0,0,0
534052843,109,48,61,29
534052844,18,8,10,5
534052851,8,4,4,2
534052852,108,51,57,28
534052853,0,0,0,0
534052854,9,3,6,3
534052861,14,8,6,2
534052862,28,15,13,6
534052863,8,3,5,2
534052864,0,0,0,0
534052871,48,20,28,12
534052872,0,0,0,0
534052873,22,6,16,7
534052874,89,44,45,21
534052881,0,0,0,0
534052882,11,6,5,5
534052883,47,24,23,14
534052884,0,0,0,0
534052891,0,0,0,0
534052892,10,5,5,3
534052893,0,0,0,0
534052894,26,12,14,5
534052901,29,18,11,7
534052902,585,272,313,197
534052903,1002,490,512,335
534052904,1063,495,568,330
534052911,26,11,15,10
534052912,29,12,17,5
534052913,75,36,39,19
534052914,183,93,90,49
534052921,1350,642,708,423
534052922,656,323,333,201
534052923,1157,564,593,366
534052924,576,281,295,177
534052931,0,0,0,0
534052932,11,7,4,4
534052933,8,8,0,8
534052934,0,0,0,0
534052941,67,31,36,18
534052942,19,8,11,8
534052943,0,0,0,0
534052944,0,0,0,0
534052951,0,0,0,0
534052952,18,8,10,6
534052953,0,0,0,0
534052954,70,36,34,20
534052961,1,0,1,1
534052962,0,0,0,0
534052963,64,34,30,15
534052964,126,64,62,39
534052971,4,2,2,1
534052972,18,10,8,5
534052973,70,31,39,21
534052974,3,1,2,1
534052981,69,35,34,15
534052982,16,7,9,5
534052983,0,0,0,0
534052984,0,0,0,0
534052991,4,2,2,1
534052992,0,0,0,0
534052993,0,0,0,0
534052994,0,0,0,0
534053001,182,119,63,128
534053002,0,0,0,0
534053003,9,4,5,6
534053004,0,0,0,0
534053011,0,0,0,0
534053012,0,0,0,0
534053013,0,0,0,0
534053014,0,0,0,0
534053021,41,21,20,11
534053022,43,20,23,11
534053023,5,3,2,2
534053024,10,6,4,4
534053031,7,3,4,3
534053032,0,0,0,0
534053033,33,16,17,11
534053034,15,9,6,4
534053041,11,7,4,3
534053042,26,12,14,9
534053043,37,22,15,15
534053044,4,2,2,2
534053051,6,3,3,1
534053052,80,43,37,29
534053053,59,31,28,20
534053054,96,52,44,30
534053061,47,26,21,16
534053062,6,4,2,1
534053063,26,15,11,7
534053064,29,13,16,6
534053071,9,7,2,3
534053072,60,26,34,20
534053073,3,2,1,1
534053074,53,25,28,17
534053081,49,25,24,17
534053082,27,15,12,8
534053083,125,56,69,32
534053084,0,0,0,0
534053091,8,4,4,3
534053092,47,24,23,21
534053093,52,45,7,1
534053094,22,10,12,11
534053101,0,0,0,0
534053102,0,0,0,0
534053103,0,0,0,0
534053104,6,2,4,6
534053111,0,0,0,0
534053112,0,0,0,0
534053113,0,0,0,0
534053114,0,0,0,0
534053121,0,0,0,0
534053122,0,0,0,0
534053123,94,47,47,25
534053124,0,0,0,0
534053131,22,10,12,10
534053132,20,12,8,7
534053133,9,4,5,4
534053134,22,10,12,8
534053141,83,43,40,26
534053142,13,7,6,5
534053143,120,62,58,45
534053144,9,3,6,3
534053151,4,3,1,1
534053152,88,46,42,24
534053153,61,34,27,22
534053154,31,13,18,8
534053161,17,11,6,6
534053162,4,2,2,1
534053163,62,31,31,23
534053164,5,4,1,3
534053171,0,0,0,0
534053172,3,1,2,2
534053173,109,51,58,36
534053174,50,24,26,13
534053181,29,14,15,7
534053182,0,0,0,0
534053183,45,24,21,13
534053184,4,2,2,2
534053191,52,33,19,1
534053192,114,57,57,37
534053193,57,27,30,12
534053194,43,18,25,11
534053201,0,0,0,0
534053202,0,0,0,0
534053203,0,0,0,0
534053204,0,0,0,0
534053211,0,0,0,0
534053212,0,0,0,0
534053213,0,0,0,0
534053214,0,0,0,0
534053221,0,0,0,0
534053222,0,0,0,0
534053223,0,0,0,0
534053224,0,0,0,0
534053231,83,42,41,20
534053232,17,8,9,4
534053233,54,29,25,14
534053234,83,44,39,23
534053241,384,196,188,146
534053242,119,62,57,51
534053243,55,32,23,26
534053244,55,28,27,21
534053251,92,55,37,54
534053252,7,4,3,7
534053253,28,18,10,9
534053254,1,1,0,1
534053261,39,20,19,9
534053262,47,29,18,24
534053263,34,18,16,9
534053264,120,57,63,33
534053271,73,30,43,21
534053272,5,3,2,3
534053273,43,25,18,11
534053274,0,0,0,0
534053281,62,32,30,16
534053282,96,49,47,25
534053283,17,9,8,5
534053284,22,9,13,7
534053291,0,0,0,0
534053292,7,3,4,2
534053293,15,7,8,3
534053294,0,0,0,0
534053301,69,32,37,17
534053302,0,0,0,0
534053303,10,6,4,4
534053304,20,9,11,11
534053311,0,0,0,0
534053312,0,0,0,0
534053313,0,0,0,0
534053314,7,4,3,2
534053321,0,0,0,0
534053322,46,24,22,13
534053323,0,0,0,0
534053324,18,5,13,5
534053331,46,21,25,19
534053332,132,69,63,41
534053333,39,20,19,12
534053334,52,31,21,24
534053341,57,33,24,18
534053342,57,30,27,23
534053343,95,46,49,20
534053344,44,24,20,13
534053351,70,29,41,20
534053352,27,15,12,8
534053353,53,32,21,22
534053354,42,24,18,15
534053361,35,14,21,11
534053362,146,72,74,47
534053363,48,24,24,12
534053364,86,43,43,27
534053371,122,65,57,43
534053372,18,10,8,6
534053373,59,27,32,15
534053374,2,1,1,1
534053381,0,0,0,0
534053382,23,10,13,6
534053383,0,0,0,0
534053384,113,60,53,32
534053391,115,54,61,30
534053392,0,0,0,0
534053393,62,33,29,20
534053394,23,11,12,8
534053401,0,0,0,0
534053402,9,4,5,9
534053403,15,6,9,6
534053404,5,3,2,2
534053411,2,1,1,1
534053412,0,0,0,0
534053413,0,0,0,0
534053414,25,14,11,14
534053421,56,25,31,15
534053422,6,3,3,2
534053423,117,58,59,31
534053424,104,58,46,32
534053431,29,14,15,7
534053432,29,14,15,6
534053433,149,70,79,37
534053434,33,18,15,9
534053441,55,23,32,15
534053442,28,13,15,10
534053443,34,23,11,13
534053444,14,8,6,5
534053451,61,31,30,17
534053452,71,32,39,18
534053453,52,27,25,13
534053454,54,31,23,14
534053461,24,13,11,8
534053462,43,26,17,16
534053463,30,15,15,8
534053464,135,67,68,51
534053471,2,1,1,1
534053472,128,61,67,37
534053473,11,11,0,11
534053474,45,25,20,14
534053481,1,0,1,1
534053482,0,0,0,0
534053483,1,1,0,1
534053484,0,0,0,0
534053491,5,2,3,2
534053492,16,7,9,3
534053493,0,0,0,0
534053494,143,65,78,31
534053501,0,0,0,0
534053502,3,0,3,1
534053503,0,0,0,0
534053504,0,0,0,0
534053511,0,0,0,0
534053512,146,79,67,53
534053513,18,7,11,7
534053514,236,122,114,80
534053521,81,45,36,36
534053522,26,11,15,8
534053523,118,64,54,50
534053524,54,27,27,16
534053531,69,36,33,25
534053532,18,9,9,5
534053533,92,45,47,23
534053534,38,17,21,12
534053541,27,12,15,7
534053542,8,5,3,2
534053543,32,19,13,11
534053544,27,15,12,8
534053551,63,34,29,16
534053552,71,38,33,16
534053553,34,17,17,11
534053554,98,52,46,25
534053561,57,30,27,16
534053562,36,18,18,12
534053563,151,75,76,36
534053564,52,21,31,13
534053571,28,16,12,15
534053572,0,0,0,0
534053573,101,50,51,21
534053574,0,0,0,0
534053581,0,0,0,0
534053582,7,2,5,2
534053583,12,4,8,2
534053584,0,0,0,0
534053591,0,0,0,0
534053592,113,55,58,28
534053593,32,19,13,9
534053594,129,65,64,44
534053601,6,1,5,2
534053602,8,5,3,2
534053603,0,0,0,0
534053604,22,10,12,6
534053611,19,9,10,6
534053612,59,34,25,29
534053613,18,9,9,5
534053614,49,22,27,11
534053621,130,63,67,36
534053622,119,66,53,40
534053623,56,21,35,21
534053624,87,42,45,27
534053631,86,45,41,26
534053632,18,11,7,5
534053633,63,32,31,17
534053634,37,20,17,9
534053641,146,79,67,43
534053642,162,81,81,44
534053643,48,24,24,14
534053644,4,2,2,2
534053651,42,25,17,13
534053652,86,43,43,23
534053653,24,13,11,7
534053654,25,12,13,11
534053661,63,39,24,31
534053662,12,6,6,6
534053663,82,53,29,43
534053664,5,3,2,4
534053671,26,12,14,7
534053672,148,77,71,42
534053673,18,11,7,6
534053674,62,34,28,18
534053681,111,57,54,28
534053682,0,0,0,0
534053683,83,39,44,24
534053684,31,16,15,8
534053691,0,0,0,0
534053692,79,36,43,20
534053693,0,0,0,0
534053694,50,22,28,14
534053701,0,0,0,0
534053702,47,27,20,16
534053703,40,19,21,8
534053704,46,24,22,11
534053711,0,0,0,0
534053712,64,33,31,14
534053713,108,54,54,28
534053714,77,35,42,22
534053721,36,16,20,12
534053722,90,44,46,25
534053723,98,47,51,32
534053724,450,224,226,134
534053731,49,24,25,14
534053732,29,14,15,10
534053733,59,27,32,21
534053734,39,16,23,10
534053741,43,18,25,11
534053742,0,0,0,0
534053743,61,26,35,17
534053744,47,25,22,14
534053751,49,29,20,20
534053752,69,35,34,19
534053753,12,6,6,5
534053754,63,35,28,15
534053761,32,18,14,9
534053762,51,21,30,12
534053763,99,38,61,13
534053764,46,24,22,13
534053771,60,31,29,13
534053772,5,3,2,2
534053773,104,58,46,31
534053774,63,28,35,17
534053781,5,2,3,1
534053782,40,22,18,37
534053783,26,12,14,7
534053784,58,29,29,18
534053791,12,5,7,3
534053792,41,21,20,9
534053793,241,119,122,54
534053794,11,6,5,4
534053801,49,24,25,13
534053802,93,30,63,12
534053803,10,5,5,4
534053804,19,8,11,7
534053811,70,37,33,21
534053812,85,45,40,39
534053813,20,11,9,6
534053814,12,7,5,4
534053821,85,41,44,32
534053822,209,109,100,63
534053823,16,7,9,4
534053824,119,54,65,38
534053831,95,48,47,24
534053832,68,32,36,16
534053833,27,15,12,9
534053834,2,1,1,1
534053841,23,11,12,6
534053842,24,9,15,6
534053843,1,0,1,1
534053844,14,10,4,4
534053851,9,4,5,3
534053852,28,15,13,8
534053853,4,3,1,1
534053854,9,5,4,2
534053861,60,25,35,17
534053862,34,19,15,8
534053863,47,24,23,18
534053864,79,36,43,30
534053871,59,32,27,12
534053872,15,7,8,3
534053873,21,10,11,5
534053874,56,32,24,16
534053881,34,18,16,16
534053882,16,6,10,3
534053883,7,5,2,7
534053884,0,0,0,0
534053891,63,32,31,15
534053892,0,0,0,0
534053893,19,11,8,7
534053894,0,0,0,0
534053901,0,0,0,0
534053902,20,10,10,5
534053903,0,0,0,0
534053904,62,29,33,12
534053911,17,9,8,5
534053912,7,3,4,2
534053913,14,7,7,4
534053914,4,2,2,2
534053921,0,0,0,0
534053922,169,81,88,44
534053923,6,3,3,1
534053924,96,50,46,27
534053931,35,18,17,10
534053932,80,43,37,20
534053933,107,62,45,34
534053934,66,33,33,17
534053941,13,6,7,3
534053942,13,5,8,3
534053943,76,38,38,28
534053944,0,0,0,0
534053951,101,50,51,25
534053952,19,9,10,5
534053953,36,21,15,10
534053954,25,10,15,7
534053961,30,16,14,9
534053962,56,29,27,19
534053963,24,11,13,6
534053964,51,25,26,15
534053971,99,55,44,40
534053972,32,14,18,10
534053973,31,14,17,9
534053974,55,32,23,18
534053981,8,5,3,3
534053982,138,63,75,34
534053983,29,18,11,6
534053984,5,2,3,1
534053991,54,22,32,11
534053992,38,16,22,8
534053993,19,8,11,6
534053994,19,9,10,6
534054001,0,0,0,0
534054002,0,0,0,0
534054003,2,1,1,1
534054004,13,5,8,4
534054011,0,0,0,0
534054012,93,43,50,29
534054013,17,11,6,5
534054014,249,96,153,5
534054021,22,10,12,7
534054022,116,58,58,31
534054023,28,15,13,7
534054024,0,0,0,0
534054031,19,8,11,5
534054032,31,14,17,10
534054033,27,13,14,8
534054034,0,0,0,0
534054041,0,0,0,0
534054042,9,3,6,4
534054043,14,9,5,3
534054044,0,0,0,0
534054051,57,25,32,18
534054052,111,58,53,27
534054053,15,5,10,4
534054054,56,26,30,14
534054061,215,106,109,53
534054062,226,122,104,64
534054063,152,77,75,38
534054064,216,107,109,58
534054071,3,1,2,2
534054072,28,13,15,7
534054073,153,75,78,42
534054074,17,7,10,7
534054081,106,50,56,31
534054082,112,54,58,34
534054083,0,0,0,0
534054084,0,0,0,0
534054091,88,38,50,26
534054092,33,18,15,7
534054093,68,35,33,17
534054094,130,63,67,32
534054101,26,14,12,6
534054102,19,9,10,4
534054103,23,12,11,7
534054104,193,100,93,55
534054111,12,6,6,3
534054112,9,4,5,2
534054113,24,13,11,6
534054114,34,17,17,10
534054121,115,58,57,30
534054122,77,35,42,22
534054123,0,0,0,0
534054124,5,2,3,1
534054131,97,43,54,27
534054132,8,4,4,2
534054133,6,4,2,2
534054134,96,41,55,26
534054141,15,8,7,5
534054142,84,43,41,27
534054143,32,15,17,10
534054144,10,6,4,3
534054151,205,102,103,57
534054152,6,3,3,2
534054153,54,29,25,13
534054154,13,5,8,3
534054161,186,83,103,54
534054162,145,75,70,45
534054163,53,27,26,15
534054164,17,8,9,6
534054171,58,30,28,18
534054172,147,69,78,33
534054173,11,5,6,3
534054174,0,0,0,0
534054181,214,109,105,58
534054182,47,25,22,14
534054183,7,3,4,2
534054184,185,81,104,50
534054191,0,0,0,0
534054192,0,0,0,0
534054193,89,43,46,25
534054194,21,11,10,4
534054201,93,45,48,24
534054202,235,121,114,61
534054203,61,36,25,19
534054204,13,5,8,3
534054211,8,4,4,3
534054212,125,61,64,38
534054213,6,2,4,2
534054214,94,42,52,29
534054221,59,28,31,18
534054222,104,49,55,24
534054223,145,70,75,38
534054224,92,46,46,22
534054231,11,4,7,3
534054232,31,17,14,9
534054233,25,14,11,7
534054234,0,0,0,0
534054241,0,0,0,0
534054242,0,0,0,0
534054243,14,9,5,4
534054244,19,11,8,4
534054251,32,14,18,8
534054252,40,17,23,10
534054253,43,23,20,12
534054254,17,8,9,4
534054261,7,3,4,1
534054262,53,28,25,13
534054263,210,91,119,50
534054264,16,7,9,6
534054271,35,15,20,11
534054272,49,24,25,11
534054273,16,6,10,6
534054274,43,19,24,15
534054281,0,0,0,0
534054282,109,56,53,37
534054283,14,6,8,4
534054284,0,0,0,0
534054291,153,55,98,32
534054292,171,84,87,43
534054293,191,92,99,44
534054294,15,9,6,3
534054301,4,2,2,2
534054302,4,2,2,1
534054303,33,17,16,8
534054304,177,89,88,46
534054311,39,17,22,12
534054312,39,21,18,10
534054313,0,0,0,0
534054314,0,0,0,0
534054321,0,0,0,0
534054322,0,0,0,0
534054323,0,0,0,0
534054324,102,45,57,30
534054331,65,34,31,20
534054332,12,6,6,3
534054333,211,101,110,54
534054334,23,11,12,5
534054341,0,0,0,0
534054342,82,41,41,18
534054343,30,13,17,8
534054344,42,22,20,8
534054351,143,77,66,40
534054352,26,13,13,7
534054353,187,95,92,59
534054354,23,14,9,8
534054361,44,24,20,15
534054362,17,9,8,7
534054363,91,51,40,20
534054364,72,33,39,19
534054371,11,7,4,8
534054372,8,8,0,8
534054373,13,8,5,3
534054374,44,26,18,12
534054381,32,17,15,7
534054382,53,24,29,12
534054383,30,15,15,10
534054384,74,37,37,18
534054391,37,22,15,13
534054392,6,3,3,2
534054393,9,4,5,2
534054394,60,27,33,12
534054401,19,11,8,6
534054402,35,14,21,9
534054403,17,10,7,3
534054404,5,3,2,2
534054411,5,2,3,1
534054412,0,0,0,0
534054413,0,0,0,0
534054414,1,1,0,1
534054421,53,24,29,12
534054422,205,98,107,64
534054423,26,16,10,6
534054424,310,154,156,85
534054431,22,11,11,7
534054432,18,10,8,5
534054433,146,70,76,33
534054434,9,5,4,2
534054441,7,3,4,2
534054442,36,13,23,7
534054443,0,0,0,0
534054444,29,17,12,7
534054451,42,19,23,10
534054452,97,45,52,25
534054453,14,7,7,2
534054454,5,3,2,1
534054461,13,7,6,4
534054462,60,29,31,14
534054463,0,0,0,0
534054464,0,0,0,0
534054471,4,1,3,1
534054472,9,4,5,3
534054473,0,0,0,0
534054474,14,10,4,3
534054481,119,65,54,35
534054482,134,63,71,34
534054483,264,125,139,88
534054484,273,123,150,49
534054491,15,7,8,4
534054492,34,17,17,7
534054493,51,22,29,15
534054494,31,17,14,9
534054501,57,27,30,14
534054502,178,87,91,45
534054503,28,15,13,7
534054504,43,39,4,39
534054511,8,5,3,4
534054512,0,0,0,0
534054513,6,2,4,2
534054514,78,40,38,18
534054521,0,0,0,0
534054522,1,1,0,1
534054523,9,5,4,3
534054524,2,2,0,1
534054531,15,6,9,5
534054532,26,15,11,7
534054533,7,3,4,1
534054534,43,21,22,13
534054541,40,19,21,11
534054542,67,20,47,2
534054543,49,26,23,15
534054544,38,15,23,11
534054551,6,4,2,3
534054552,33,17,16,9
534054553,6,2,4,1
534054554,8,4,4,3
534054561,0,0,0,0
534054562,24,9,15,6
534054563,39,20,19,9
534054564,28,14,14,9
534054571,69,35,34,14
534054572,121,56,65,33
534054573,214,96,118,50
534054574,125,52,73,28
534054581,122,62,60,41
534054582,68,35,33,20
534054583,107,54,53,35
534054584,232,112,120,59
534054591,26,15,11,6
534054592,5,2,3,2
534054593,103,48,55,26
534054594,7,4,3,1
534054601,61,26,35,17
534054602,2,1,1,1
534054603,140,75,65,37
534054604,119,57,62,33
534054611,0,0,0,0
534054612,52,29,23,17
534054613,12,12,0,12
534054614,61,27,34,20
534054621,32,16,16,8
534054622,24,13,11,6
534054623,9,5,4,3
534054624,8,5,3,2
534054631,40,22,18,12
534054632,53,28,25,13
534054633,49,26,23,11
534054634,71,38,33,19
534054641,94,45,49,28
534054642,33,16,17,10
534054643,63,31,32,20
534054644,37,16,21,8
534054651,134,70,64,29
534054652,120,62,58,30
534054653,98,46,52,22
534054654,59,28,31,11
534054661,30,16,14,10
534054662,0,0,0,0
534054663,20,11,9,4
534054664,0,0,0,0
534054671,43,17,26,10
534054672,57,31,26,14
534054673,0,0,0,0
534054674,0,0,0,0
534054681,232,109,123,61
534054682,208,100,108,58
534054683,91,46,45,21
534054684,34,14,20,9
534054691,27,12,15,10
534054692,12,6,6,3
534054693,0,0,0,0
534054694,0,0,0,0
534054701,225,104,121,63
534054702,13,9,4,9
534054703,163,74,89,50
534054704,225,100,125,61
534054711,3,1,2,1
534054712,6,4,2,3
534054713,23,14,9,8
534054714,67,21,46,7
534054721,7,4,3,2
534054722,43,24,19,13
534054723,152,75,77,43
534054724,107,53,54,24
534054731,25,13,12,6
534054732,42,24,18,13
534054733,38,22,16,14
534054734,43,23,20,12
534054741,20,8,12,4
534054742,11,5,6,2
534054743,5,2,3,1
534054744,47,24,23,12
534054751,0,0,0,0
534054752,0,0,0,0
534054753,235,123,112,56
534054754,88,40,48,21
534054761,0,0,0,0
534054762,0,0,0,0
534054763,0,0,0,0
534054764,0,0,0,0
534054771,6,3,3,2
534054772,101,43,58,24
534054773,16,9,7,4
534054774,408,211,197,93
534054781,28,16,12,5
534054782,0,0,0,0
534054783,9,4,5,2
534054784,0,0,0,0
534054791,0,0,0,0
534054792,34,18,16,8
534054793,0,0,0,0
534054794,133,65,68,35
534054801,76,37,39,24
534054802,39,22,17,13
534054803,95,46,49,30
534054804,26,12,14,5
534054811,0,0,0,0
534054812,26,13,13,7
534054813,0,0,0,0
534054814,0,0,0,0
534054821,125,61,64,34
534054822,28,15,13,9
534054823,41,23,18,10
534054824,37,19,18,7
534054831,38,18,20,9
534054832,57,29,28,12
534054833,35,18,17,8
534054834,26,14,12,8
534054841,2,1,1,1
534054842,87,41,46,22
534054843,14,8,6,2
534054844,0,0,0,0
534054851,22,10,12,6
534054852,4,1,3,1
534054853,15,9,6,3
534054854,198,103,95,27
534054861,0,0,0,0
534054862,0,0,0,0
534054863,22,12,10,7
534054864,23,8,15,7
534054871,18,8,10,5
534054872,58,31,27,13
534054873,87,35,52,17
534054874,0,0,0,0
534054881,14,7,7,3
534054882,15,7,8,3
534054883,0,0,0,0
534054884,0,0,0,0
534054891,37,19,18,10
534054892,114,54,60,27
534054893,0,0,0,0
534054894,90,43,47,30
534054901,92,34,58,10
534054902,39,17,22,11
534054903,48,28,20,12
534054904,4,2,2,1
534054911,28,14,14,6
534054912,109,53,56,24
534054913,62,30,32,18
534054914,50,26,24,12
534054921,69,35,34,18
534054922,45,24,21,12
534054923,46,23,23,11
534054924,61,27,34,21
534054931,104,50,54,25
534054932,19,9,10,4
534054933,33,19,14,8
534054934,5,2,3,1
534054941,6,4,2,1
534054942,0,0,0,0
534054943,28,16,12,6
534054944,50,27,23,14
534054951,15,9,6,3
534054952,54,25,29,14
534054953,65,33,32,15
534054954,71,31,40,15
534054961,25,13,12,6
534054962,39,20,19,12
534054963,95,41,54,21
534054964,126,73,53,35
534054971,125,58,67,45
534054972,294,149,145,67
534054973,154,80,74,45
534054974,173,78,95,47
534054981,28,15,13,6
534054982,127,67,60,24
534054983,46,24,22,10
534054984,20,10,10,5
534054991,0,0,0,0
534054992,158,72,86,37
534054993,10,5,5,3
534054994,176,82,94,61
534055001,124,64,60,36
534055002,235,110,125,67
534055003,180,93,87,44
534055004,127,63,64,31
534055011,218,102,116,54
534055012,86,37,49,22
534055013,42,18,24,10
534055014,64,31,33,18
534055021,23,10,13,5
534055022,13,5,8,3
534055023,3,1,2,2
534055024,0,0,0,0
534055031,0,0,0,0
534055032,0,0,0,0
534055033,0,0,0,0
534055034,0,0,0,0
534055041,0,0,0,0
534055042,192,96,96,49
534055043,4,2,2,1
534055044,210,98,112,47
534055051,32,13,19,9
534055052,0,0,0,0
534055053,297,163,134,59
534055054,88,45,43,23
534055061,2,2,0,2
534055062,6,3,3,2
534055063,0,0,0,0
534055064,0,0,0,0
534055071,24,12,12,5
534055072,58,29,29,19
534055073,28,14,14,8
534055074,4,2,2,2
534055081,0,0,0,0
534055082,0,0,0,0
534055083,25,13,12,8
534055084,21,11,10,7
534055091,87,35,52,36
534055092,0,0,0,0
534055093,14,7,7,4
534055094,0,0,0,0
534055101,101,45,56,25
534055102,6,2,4,2
534055103,8,3,5,2
534055104,0,0,0,0
534055111,0,0,0,0
534055112,0,0,0,0
534055113,0,0,0,0
534055114,0,0,0,0
534055121,0,0,0,0
534055122,0,0,0,0
534055123,0,0,0,0
534055124,0,0,0,0
534055131,0,0,0,0
534055132,0,0,0,0
534055133,0,0,0,0
534055134,0,0,0,0
534055141,0,0,0,0
534055142,154,82,72,39
534055143,0,0,0,0
534055144,60,30,30,15
534055151,106,51,55,28
534055152,137,64,73,33
534055153,215,109,106,55
534055154,51,29,22,15
534055161,23,9,14,6
534055162,30,13,17,7
534055163,18,9,9,4
534055164,18,9,9,4
534055171,72,39,33,14
534055172,52,27,25,11
534055173,90,44,46,20
534055174,23,14,9,6
534055181,20,10,10,4
534055182,22,12,10,5
534055183,8,3,5,3
534055184,0,0,0,0
534055191,0,0,0,0
534055192,2,1,1,1
534055193,5,2,3,1
534055194,4,2,2,2
534055201,192,97,95,53
534055202,181,86,95,43
534055203,67,32,35,21
534055204,2,1,1,1
534055211,40,21,19,9
534055212,0,0,0,0
534055213,210,99,111,48
534055214,234,117,117,55
534055221,0,0,0,0
534055222,0,0,0,0
534055223,194,90,104,43
534055224,0,0,0,0
534055231,0,0,0,0
534055232,0,0,0,0
534055233,0,0,0,0
534055234,0,0,0,0
534055241,0,0,0,0
534055242,0,0,0,0
534055243,0,0,0,0
534055244,82,38,44,19
534055251,317,149,168,73
534055252,54,27,27,14
534055253,83,43,40,22
534055254,4,2,2,1
534055261,11,5,6,3
534055262,58,28,30,15
534055263,11,6,5,3
534055264,29,14,15,8
534055271,66,33,33,18
534055272,59,29,30,15
534055273,28,13,15,8
534055274,0,0,0,0
534055281,5,3,2,1
534055282,0,0,0,0
534055283,0,0,0,0
534055284,0,0,0,0
534055291,11,6,5,3
534055292,37,17,20,12
534055293,17,8,9,4
534055294,225,99,126,72
534055301,0,0,0,0
534055302,16,9,7,4
534055303,71,36,35,15
534055304,80,40,40,17
534055311,0,0,0,0
534055312,228,115,113,59
534055313,5,1,4,2
534055314,113,51,62,35
534055321,215,110,105,48
534055322,0,0,0,0
534055323,257,126,131,73
534055324,24,9,15,6
534055331,0,0,0,0
534055332,132,63,69,29
534055333,20,9,11,5
534055334,235,115,120,54
534055341,131,65,66,33
534055342,126,64,62,32
534055343,19,7,12,6
534055344,44,23,21,11
534055351,0,0,0,0
534055352,0,0,0,0
534055353,0,0,0,0
534055354,4,3,1,1
534055361,11,5,6,4
534055362,18,10,8,6
534055363,15,7,8,4
534055364,3,2,1,2
534055371,1,0,1,1
534055372,2,1,1,1
534055373,4,2,2,4
534055374,0,0,0,0
534055381,0,0,0,0
534055382,32,13,19,9
534055383,54,27,27,15
534055384,186,83,103,54
534055391,197,102,95,53
534055392,13,5,8,3
534055393,89,43,46,28
534055394,0,0,0,0
534055401,14,7,7,4
534055402,94,39,55,26
534055403,50,23,27,14
534055404,48,23,25,12
534055411,15,8,7,4
534055412,72,38,34,22
534055413,157,73,84,41
534055414,151,75,76,36
534055421,138,74,64,33
534055422,0,0,0,0
534055423,79,44,35,20
534055424,17,11,6,3
534055431,142,70,72,34
534055432,41,21,20,10
534055433,62,36,26,15
534055434,13,7,6,4
534055441,17,9,8,3
534055442,0,0,0,0
534055443,169,80,89,42
534055444,166,80,86,40
534055451,4,1,3,1
534055452,8,4,4,3
534055453,50,29,21,15
534055454,11,6,5,3
534055461,327,158,169,109
534055462,540,270,270,168
534055463,619,311,308,199
534055464,514,219,295,151
534055471,78,37,41,24
534055472,29,14,15,8
534055473,135,74,61,41
534055474,60,30,30,20
534055481,408,199,209,118
534055482,41,15,26,14
534055483,10,4,6,3
534055484,0,0,0,0
534055491,0,0,0,0
534055492,0,0,0,0
534055493,0,0,0,0
534055501,24,12,12,7
534055502,0,0,0,0
534055503,42,22,20,11
534055504,0,0,0,0
534055511,61,28,33,14
534055512,49,27,22,11
534055513,28,15,13,6
534055514,17,9,8,4
534055521,154,88,66,39
534055522,0,0,0,0
534055523,27,14,13,7
534055524,0,0,0,0
534055531,16,6,10,4
534055532,198,93,105,50
534055533,0,0,0,0
534055534,29,15,14,9
534055541,322,147,175,87
534055542,69,36,33,17
534055543,33,19,14,7
534055544,18,17,1,16
534055551,27,13,14,5
534055552,18,8,10,6
534055553,5,2,3,1
534055554,0,0,0,0
534055561,56,29,27,15
534055562,0,0,0,0
534055563,31,16,15,7
534055564,60,29,31,18
534055571,111,55,56,27
534055572,292,147,145,85
534055573,163,81,82,47
534055574,149,77,72,43
534055581,0,0,0,0
534055582,0,0,0,0
534055583,0,0,0,0
534055601,18,8,10,5
534055602,0,0,0,0
534055603,0,0,0,0
534055604,0,0,0,0
534055611,4,2,2,1
534055612,0,0,0,0
534055613,68,39,29,19
534055614,8,4,4,2
534055621,0,0,0,0
534055622,7,2,5,1
534055623,0,0,0,0
534055624,136,69,67,28
534055631,0,0,0,0
534055632,175,85,90,40
534055633,24,10,14,9
534055634,141,68,73,37
534055641,63,37,26,17
534055642,30,15,15,8
534055643,188,92,96,45
534055644,165,86,79,43
534055651,60,28,32,16
534055652,0,0,0,0
534055653,22,9,13,9
534055654,0,0,0,0
534055661,70,33,37,19
534055662,108,52,56,30
534055663,31,16,15,7
534055664,170,85,85,52
534055671,82,41,41,21
534055672,0,0,0,0
534055673,240,105,135,64
534055674,0,0,0,0
534055681,0,0,0,0
534055701,4,2,2,1
534055702,42,24,18,12
534055703,59,29,30,12
534055704,92,45,47,26
534055711,30,17,13,7
534055712,116,60,56,45
534055713,167,82,85,41
534055714,190,94,96,48
534055721,0,0,0,0
534055722,32,18,14,10
534055723,0,0,0,0
534055724,84,46,38,20
534055731,0,0,0,0
534055732,17,8,9,4
534055733,58,25,33,19
534055734,23,9,14,5
534055741,97,46,51,25
534055742,19,10,9,6
534055743,6,3,3,1
534055744,57,29,28,14
534055751,30,15,15,7
534055752,67,29,38,18
534055753,75,41,34,19
534055754,10,3,7,3
534055761,93,48,45,25
534055762,157,69,88,46
534055763,317,157,160,91
534055764,137,65,72,36
534055771,10,3,7,4
534055772,0,0,0,0
534055773,10,5,5,2
534055774,0,0,0,0
534055801,3,2,1,1
534055802,18,10,8,4
534055803,91,45,46,25
534055804,9,6,3,2
534055811,3,2,1,1
534055812,86,44,42,27
534055813,32,15,17,10
534055814,103,53,50,33
534055821,94,47,47,26
534055822,76,34,42,19
534055823,46,21,25,12
534055824,15,7,8,2
534055831,45,21,24,11
534055832,0,0,0,0
534055833,29,13,16,7
534055834,0,0,0,0
534055841,57,29,28,14
534055842,44,23,21,12
534055843,170,80,90,44
534055844,70,33,37,16
534055851,56,30,26,10
534055852,84,42,42,28
534055853,141,44,97,9
534055854,26,12,14,9
534055861,418,191,227,115
534055862,120,62,58,30
534055863,270,131,139,85
534055864,67,35,32,19
534055871,0,0,0,0
534055872,6,4,2,1
534055873,0,0,0,0
534055901,65,29,36,22
534055902,19,10,9,5
534055903,18,9,9,4
534055904,25,14,11,9
534055911,35,17,18,8
534055912,233,141,92,18
534055913,99,49,50,25
534055914,51,26,25,14
534055921,113,60,53,17
534055922,0,0,0,0
534055923,85,39,46,22
534055924,58,30,28,16
534055931,0,0,0,0
534055932,0,0,0,0
534055933,17,8,9,4
534055934,0,0,0,0
534055941,32,14,18,8
534055942,96,52,44,24
534055943,8,4,4,3
534055944,773,388,385,255
534055951,842,423,419,315
534055952,215,99,116,66
534055953,472,239,233,157
534055954,144,73,71,38
534055961,93,45,48,29
534055962,0,0,0,0
534055963,0,0,0,0
534055964,0,0,0,0
534055971,0,0,0,0
534055973,7,3,4,1
534056001,0,0,0,0
534056002,155,72,83,41
534056003,0,0,0,0
534056004,10,5,5,3
534056011,101,52,49,26
534056012,64,34,30,24
534056013,31,13,18,7
534056014,219,98,121,63
534056021,360,175,185,101
534056022,150,67,83,51
534056023,2,1,1,1
534056024,10,6,4,2
534056031,56,29,27,19
534056032,0,0,0,0
534056033,0,0,0,0
534056034,94,48,46,27
534056041,83,39,44,19
534056101,0,0,0,0
534056102,52,26,26,12
534056103,89,38,51,28
534056104,535,267,268,169
534056111,406,199,207,126
534056112,504,242,262,137
534056113,462,221,241,138
534056114,34,16,18,7
534056121,0,0,0,0
534056122,0,0,0,0
534056123,0,0,0,0
534056131,35,20,15,6
534056201,625,302,323,166
534056202,197,92,105,58
534056203,61,32,29,16
534056204,0,0,0,0
534056211,0,0,0,0
534056212,0,0,0,0
534056213,0,0,0,0
534056301,0,0,0,0
534056302,0,0,0,0
534056303,0,0,0,0
534060001,2708,1319,1389,954
534060002,254,139,115,82
534060003,1365,673,692,514
534060004,355,200,155,174
534060011,0,0,0,0
534060012,4,3,1,2
534060013,86,41,45,25
534060014,92,47,45,22
534060021,110,58,52,28
534060022,0,0,0,0
534060023,38,18,20,13
534060024,88,43,45,25
534060031,32,18,14,9
534060032,225,108,117,57
534060033,121,62,59,38
534060034,288,132,156,76
534060041,127,58,69,30
534060042,34,18,16,8
534060043,111,54,57,27
534060044,10,4,6,2
534060051,20,9,11,7
534060052,52,20,32,16
534060053,58,29,29,18
534060054,130,73,57,36
534060061,0,0,0,0
534060062,50,23,27,15
534060063,16,7,9,4
534060064,21,13,8,6
534060071,165,87,78,45
534060072,52,26,26,11
534060073,174,86,88,48
534060074,40,18,22,12
534060081,0,0,0,0
534060082,0,0,0,0
534060083,0,0,0,0
534060084,0,0,0,0
534060091,0,0,0,0
534060092,3,3,0,1
534060093,0,0,0,0
534060094,0,0,0,0
534060101,1731,843,888,638
534060102,1399,702,697,457
534060103,689,355,334,256
534060104,1319,670,649,468
534060111,728,368,360,231
534060112,56,28,28,18
534060113,107,53,54,30
534060114,193,87,106,67
534060121,181,89,92,43
534060122,25,16,9,9
534060123,96,48,48,29
534060124,134,62,72,44
534060131,48,23,25,12
534060132,52,34,18,23
534060133,261,127,134,70
534060134,32,16,16,8
534060141,9,5,4,2
534060142,16,10,6,4
534060143,0,0,0,0
534060144,0,0,0,0
534060151,270,143,127,67
534060152,383,189,194,99
534060153,5,2,3,1
534060154,30,15,15,8
534060161,101,54,47,30
534060162,0,0,0,0
534060163,0,0,0,0
534060164,0,0,0,0
534060171,59,29,30,13
534060172,15,13,2,13
534060173,0,0,0,0
534060174,0,0,0,0
534060181,0,0,0,0
534060182,0,0,0,0
534060183,0,0,0,0
534060184,0,0,0,0
534060191,0,0,0,0
534060192,0,0,0,0
534060193,0,0,0,0
534060194,0,0,0,0
534060201,181,86,95,52
534060202,198,111,87,79
534060203,84,43,41,29
534060204,82,43,39,31
534060211,72,46,26,30
534060212,288,125,163,45
534060213,748,330,418,18
534060214,27,15,12,10
534060221,36,16,20,9
534060222,165,80,85,44
534060223,0,0,0,0
534060224,0,0,0,0
534060231,30,16,14,9
534060232,4,2,2,1
534060233,0,0,0,0
534060234,0,0,0,0
534060241,0,0,0,0
534060242,0,0,0,0
534060243,23,12,11,7
534060244,28,14,14,10
534060251,0,0,0,0
534060252,0,0,0,0
534060253,0,0,0,0
534060254,0,0,0,0
534060261,0,0,0,0
534060262,0,0,0,0
534060263,0,0,0,0
534060264,14,7,7,4
534060271,0,0,0,0
534060272,0,0,0,0
534060273,0,0,0,0
534060274,0,0,0,0
534060281,0,0,0,0
534060282,0,0,0,0
534060283,0,0,0,0
534060284,133,63,70,36
534060291,0,0,0,0
534060292,87,38,49,27
534060293,518,251,267,159
534060294,835,407,428,265
534060301,0,0,0,0
534060302,0,0,0,0
534060303,0,0,0,0
534060304,346,179,167,146
534060311,0,0,0,0
534060312,3,1,2,1
534060313,897,448,449,357
534060314,1559,785,774,622
534060321,28,11,17,9
534060322,495,238,257,177
534060323,780,420,360,246
534060324,1491,766,725,537
534060331,46,22,24,16
534060332,211,106,105,71
534060333,1762,890,872,660
534060334,1226,628,598,502
534060341,48,19,29,15
534060342,32,20,12,10
534060343,0,0,0,0
534060344,26,11,15,8
534060351,681,326,355,260
534060352,1530,711,819,540
534060353,2882,1402,1480,1243
534060354,3075,1518,1557,1289
534060361,1396,674,722,521
534060362,355,185,170,120
534060363,1834,890,944,690
534060364,542,264,278,175
534060371,234,85,149,55
534060372,637,337,300,202
534060373,1137,562,575,382
534060374,909,430,479,303
534060381,1003,502,501,366
534060382,1129,568,561,384
534060383,543,260,283,187
534060384,1295,620,675,486
534060391,1012,476,536,317
534060392,462,214,248,144
534060393,984,446,538,323
534060394,73,34,39,17
534060401,1748,858,890,627
534060402,2495,1196,1299,1015
534060403,3568,1822,1746,1334
534060404,1900,970,930,913
534060411,2427,1181,1246,998
534060412,2205,1097,1108,833
534060413,2677,1367,1310,1164
534060414,1845,946,899,759
534060421,1730,849,881,607
534060422,3330,1615,1715,1177
534060423,2122,1036,1086,745
534060424,2400,1206,1194,925
534060431,2691,1292,1399,1108
534060432,2305,1172,1133,936
534060433,1647,844,803,785
534060434,1932,1030,902,886
534060441,524,264,260,211
534060442,730,369,361,259
534060443,935,463,472,317
534060444,190,92,98,63
534060451,1524,767,757,550
534060452,2038,1009,1029,749
534060453,192,88,104,68
534060454,1209,617,592,424
534060461,1230,583,647,462
534060462,878,431,447,297
534060463,1264,620,644,449
534060464,778,380,398,294
534060471,581,276,305,205
534060472,1043,523,520,377
534060473,217,107,110,65
534060474,140,70,70,31
534060481,83,37,46,27
534060482,1602,750,852,613
534060591,0,0,0,0
534060601,503,221,282,148
534060602,1398,691,707,521
534060603,1480,717,763,558
534060604,1156,556,600,403
534060611,860,417,443,334
534060612,12,8,4,6
534060613,127,67,60,48
534060614,0,0,0,0
534060621,0,0,0,0
534060622,0,0,0,0
534060623,0,0,0,0
534060624,0,0,0,0
534060631,0,0,0,0
534060632,154,74,80,45
534060633,0,0,0,0
534060634,0,0,0,0
534060641,494,255,239,155
534060642,17,8,9,5
534060643,0,0,0,0
534060644,0,0,0,0
534060651,0,0,0,0
534060662,1,1,0,1
534060671,0,0,0,0
534060672,0,0,0,0
534060701,297,151,146,80
534060702,209,106,103,51
534060703,256,120,136,80
534060704,4,1,3,1
534060711,44,24,20,16
534060712,0,0,0,0
534060713,0,0,0,0
534060714,0,0,0,0
534060721,0,0,0,0
534060722,0,0,0,0
534060723,0,0,0,0
534060724,0,0,0,0
534060731,0,0,0,0
534060732,0,0,0,0
534060733,0,0,0,0
534060801,0,0,0,0
534060802,0,0,0,0
534060803,0,0,0,0
534060804,0,0,0,0
534060811,0,0,0,0
534060812,0,0,0,0
534060813,0,0,0,0
534060814,0,0,0,0
534060821,0,0,0,0
534060822,0,0,0,0
534060823,0,0,0,0
534060901,0,0,0,0
534060902,0,0,0,0
534060911,0,0,0,0
534060912,0,0,0,0
534061001,85,48,37,20
534061002,137,69,68,42
534061003,73,40,33,22
534061004,12,7,5,5
534061011,689,354,335,265
534061012,1240,631,609,481
534061013,815,415,400,321
534061014,981,491,490,371
534061021,764,392,372,291
534061022,34,13,21,10
534061023,901,452,449,330
534061024,664,320,344,248
534061031,34,15,19,10
534061032,193,97,96,47
534061033,1469,717,752,462
534061034,134,68,66,41
534061041,85,42,43,23
534061042,83,38,45,21
534061043,69,34,35,18
534061044,34,17,17,10
534061051,446,211,235,141
534061052,611,301,310,188
534061053,228,110,118,78
534061054,129,62,67,46
534061061,150,73,77,50
534061062,290,145,145,101
534061063,69,34,35,22
534061064,107,48,59,28
534061071,114,57,57,28
534061072,56,27,29,19
534061073,91,46,45,25
534061074,107,44,63,27
534061081,37,20,17,19
534061082,305,151,154,120
534061083,96,44,52,28
534061084,649,330,319,208
534061091,1118,560,558,473
534061092,839,444,395,329
534061093,640,313,327,244
534061094,1772,835,937,606
534061101,24,10,14,7
534061102,351,181,170,120
534061103,69,34,35,30
534061104,1708,848,860,643
534061111,890,445,445,349
534061112,149,80,69,53
534061113,1159,583,576,434
534061114,63,31,32,21
534061121,0,0,0,0
534061122,50,26,24,16
534061131,501,235,266,171
534061132,137,69,68,46
534061133,27,14,13,9
534061134,0,0,0,0
534061141,115,53,62,32
534061142,55,31,24,16
534061143,0,0,0,0
534061144,27,14,13,9
534061151,11,4,7,3
534061152,39,18,21,11
534061153,120,53,67,32
534061154,90,49,41,20
534061161,44,21,23,11
534061162,18,9,9,5
534061163,50,26,24,12
534061164,0,0,0,0
534061171,0,0,0,0
534061172,56,32,24,16
534061173,32,16,16,7
534061174,56,29,27,19
534061181,118,62,56,35
534061182,595,280,315,192
534061183,33,14,19,9
534061184,146,71,75,44
534061191,2191,1032,1159,725
534061192,891,434,457,284
534061193,599,288,311,181
534061194,480,234,246,149
534061201,1123,510,613,362
534061202,1948,979,969,701
534061203,1130,544,586,398
534061204,452,228,224,150
534061211,517,254,263,196
534061213,622,299,323,207
534061241,50,27,23,15
534061242,35,18,17,8
534061251,17,7,10,4
534061252,59,28,31,19
534061253,11,4,7,4
534061254,39,17,22,11
534061261,17,8,9,5
534061262,19,10,9,5
534061263,69,31,38,19
534061264,78,37,41,18
534061271,106,50,56,27
534061272,77,34,43,23
534061273,72,30,42,16
534061274,0,0,0,0
534061281,4,2,2,1
534061282,26,13,13,7
534061283,0,0,0,0
534061284,0,0,0,0
534061291,52,31,21,26
534061292,32,15,17,7
534061293,0,0,0,0
534061294,84,45,39,24
534061301,34,17,17,10
534061302,422,203,219,150
534061303,3,1,2,1
534061304,85,43,42,22
534061352,25,13,12,8
534061361,0,0,0,0
534061362,0,0,0,0
534061371,0,0,0,0
534061372,0,0,0,0
534061392,0,0,0,0
534061401,0,0,0,0
534061403,37,18,19,17
534062001,157,54,103,37
534062002,79,36,43,25
534062003,305,153,152,120
534062004,36,15,21,9
534062011,65,38,27,22
534062012,20,10,10,8
534062013,13,6,7,2
534062014,74,30,44,19
534062021,0,0,0,0
534062022,0,0,0,0
534062023,0,0,0,0
534062024,45,23,22,17
534062031,0,0,0,0
534062032,0,0,0,0
534062033,75,35,40,25
534062034,9,5,4,4
534062041,143,65,78,38
534062042,157,73,84,41
534062043,200,82,118,42
534062044,28,13,15,8
534062051,0,0,0,0
534062052,18,7,11,5
534062053,23,11,12,6
534062054,66,32,34,15
534062061,106,54,52,30
534062062,163,78,85,46
534062063,16,10,6,5
534062064,105,54,51,40
534062071,234,112,122,72
534062072,35,16,19,9
534062073,185,93,92,59
534062074,27,14,13,9
534062081,19,11,8,7
534062082,43,15,28,11
534062083,38,17,21,10
534062084,36,20,16,11
534062091,105,51,54,28
534062092,13,6,7,2
534062093,0,0,0,0
534062094,82,40,42,20
534062101,152,76,76,41
534062102,12,6,6,4
534062103,46,18,28,12
534062104,179,86,93,51
534062111,7,3,4,2
534062112,69,32,37,17
534062113,0,0,0,0
534062114,0,0,0,0
534062121,8,3,5,2
534062122,18,8,10,5
534062123,42,20,22,12
534062124,22,10,12,8
534062131,190,100,90,55
534062132,48,21,27,13
534062133,157,73,84,43
534062134,122,62,60,28
534062141,0,0,0,0
534062142,0,0,0,0
534062143,0,0,0,0
534062144,0,0,0,0
534062151,18,8,10,3
534062152,70,33,37,16
534062153,0,0,0,0
534062154,0,0,0,0
534062161,167,83,84,42
534062162,106,50,56,29
534062163,0,0,0,0
534062164,50,27,23,16
534062171,40,22,18,15
534062172,7,2,5,2
534062173,107,53,54,30
534062174,68,32,36,20
534062181,0,0,0,0
534062182,118,60,58,37
534062183,119,61,58,35
534062184,95,48,47,29
534062191,46,21,25,13
534062192,147,70,77,49
534062193,45,27,18,12
534062194,206,105,101,73
534062201,0,0,0,0
534062202,105,54,51,31
534062203,7,5,2,2
534062204,0,0,0,0
534062211,35,16,19,11
534062212,178,91,87,50
534062213,241,115,126,68
534062214,67,38,29,17
534062221,31,16,15,7
534062222,0,0,0,0
534062223,0,0,0,0
534062224,0,0,0,0
534062231,42,18,24,14
534062232,213,98,115,56
534062233,12,5,7,5
534062234,149,69,80,38
534062241,0,0,0,0
534062242,0,0,0,0
534062243,68,33,35,19
534062244,0,0,0,0
534062251,0,0,0,0
534062252,0,0,0,0
534062253,9,3,6,2
534062254,0,0,0,0
534062261,0,0,0,0
534062262,1,1,0,1
534062263,0,0,0,0
534062264,88,48,40,27
534062271,143,100,43,77
534062272,0,0,0,0
534062273,2,1,1,1
534062274,0,0,0,0
534062281,217,108,109,73
534062282,151,70,81,48
534062283,0,0,0,0
534062284,193,92,101,57
534062291,105,50,55,36
534062292,166,78,88,49
534062293,43,29,14,25
534062294,185,97,88,57
534062301,7,4,3,3
534062302,0,0,0,0
534062303,14,7,7,5
534062304,0,0,0,0
534062311,23,12,11,6
534062312,53,27,26,16
534062313,0,0,0,0
534062314,42,23,19,11
534062321,17,12,5,6
534062322,59,26,33,18
534062323,152,82,70,39
534062324,66,34,32,20
534062331,150,75,75,39
534062332,82,43,39,22
534062333,0,0,0,0
534062334,0,0,0,0
534062341,24,12,12,8
534062342,79,42,37,22
534062343,0,0,0,0
534062344,0,0,0,0
534062351,121,61,60,32
534062352,106,53,53,30
534062353,0,0,0,0
534062354,40,19,21,10
534062361,0,0,0,0
534062362,245,125,120,84
534062363,55,33,22,15
534062364,50,30,20,22
534062371,83,38,45,25
534062372,34,17,17,8
534062373,210,100,110,59
534062374,8,5,3,2
534062381,35,18,17,11
534062382,140,79,61,32
534062383,17,8,9,7
534062384,29,14,15,11
534062391,10,7,3,3
534062392,96,53,43,30
534062393,93,40,53,27
534062394,13,6,7,5
534062402,64,32,32,15
534062411,0,0,0,0
534062412,2,1,1,1
534062414,41,22,19,9
534062421,16,9,7,6
534062422,19,9,10,6
534062423,0,0,0,0
534062424,5,3,2,2
534062431,0,0,0,0
534062432,38,20,18,9
534062433,113,58,55,32
534062452,23,13,10,7
534062461,0,0,0,0
534062462,88,40,48,28
534062464,0,0,0,0
534062471,159,89,70,55
534062472,15,4,11,5
534062473,6,2,4,1
534062474,105,49,56,37
534062583,20,10,10,6
534062584,193,91,102,54
534062591,66,33,33,19
534062592,100,47,53,27
534062593,208,102,106,63
534062594,41,17,24,13
534062672,292,138,154,83
534062681,0,0,0,0
534062682,0,0,0,0
534062683,6,4,2,2
534062684,38,16,22,10
534062691,0,0,0,0
534062692,0,0,0,0
534062693,0,0,0,0
534062694,0,0,0,0
534062781,15,7,8,3
534062782,119,59,60,31
534062784,47,26,21,11
534062791,0,0,0,0
534062792,54,28,26,12
534062793,21,8,13,5
534062794,10,6,4,2
534062891,85,40,45,24
534062892,10,4,6,2
534063001,69,31,38,19
534063002,63,37,26,16
534063003,33,17,16,13
534063004,26,13,13,9
534063011,17,7,10,5
534063012,14,7,7,4
534063013,25,11,14,7
534063014,28,12,16,7
534063021,22,9,13,7
534063022,40,19,21,8
534063023,30,16,14,9
534063024,63,35,28,21
534063031,37,18,19,14
534063032,145,68,77,39
534063033,27,13,14,8
534063034,44,21,23,12
534063041,229,104,125,53
534063042,50,27,23,14
534063043,144,74,70,39
534063044,219,107,112,67
534063051,42,22,20,13
534063052,61,31,30,17
534063053,158,80,78,38
534063054,32,17,15,7
534063061,75,38,37,18
534063062,52,23,29,14
534063063,152,77,75,57
534063064,38,20,18,11
534063071,67,26,41,15
534063072,56,27,29,13
534063073,69,34,35,16
534063074,45,24,21,11
534063081,11,6,5,4
534063082,110,49,61,31
534063083,7,3,4,1
534063084,70,36,34,18
534063091,0,0,0,0
534063092,28,18,10,8
534063093,53,31,22,17
534063094,67,37,30,19
534063101,156,81,75,59
534063102,71,33,38,22
534063103,47,23,24,16
534063104,39,22,17,16
534063111,35,19,16,13
534063112,20,10,10,6
534063113,56,30,26,26
534063114,33,20,13,14
534063121,20,10,10,6
534063122,87,44,43,21
534063123,4,1,3,2
534063124,56,27,29,14
534063131,27,12,15,8
534063132,20,11,9,6
534063133,61,30,31,18
534063134,116,61,55,27
534063141,79,32,47,17
534063142,45,22,23,10
534063143,25,11,14,5
534063144,70,35,35,15
534063151,135,91,44,78
534063152,200,111,89,80
534063153,0,0,0,0
534063154,53,29,24,14
534063161,320,184,136,130
534063162,617,318,299,87
534063163,41,20,21,12
534063164,124,62,62,40
534063171,33,19,14,10
534063172,48,27,21,13
534063173,79,44,35,25
534063174,120,61,59,33
534063181,12,7,5,4
534063182,61,32,29,17
534063183,32,18,14,8
534063184,142,72,70,44
534063191,37,18,19,8
534063192,45,21,24,11
534063193,86,45,41,22
534063194,0,0,0,0
534063201,40,22,18,14
534063202,72,32,40,20
534063203,45,24,21,12
534063204,37,22,15,15
534063211,24,13,11,9
534063212,106,54,52,27
534063213,3,1,2,2
534063214,36,20,16,11
534063221,65,33,32,23
534063222,55,26,29,14
534063223,144,67,77,55
534063224,513,278,235,195
534063231,41,19,22,10
534063232,184,97,87,45
534063233,0,0,0,0
534063234,17,7,10,5
534063241,6,3,3,2
534063242,0,0,0,0
534063243,60,30,30,12
534063244,0,0,0,0
534063251,3,1,2,1
534063252,25,13,12,6
534063253,110,57,53,28
534063254,99,48,51,25
534063261,15,9,6,4
534063262,49,26,23,13
534063263,76,45,31,25
534063264,4,1,3,1
534063271,121,61,60,39
534063272,66,32,34,17
534063273,65,44,21,28
534063274,5,3,2,3
534063281,20,11,9,6
534063282,10,5,5,4
534063283,0,0,0,0
534063284,0,0,0,0
534063291,4,1,3,1
534063292,7,4,3,2
534063293,64,34,30,15
534063294,17,10,7,3
534063301,22,8,14,7
534063302,39,20,19,11
534063303,0,0,0,0
534063304,51,30,21,11
534063311,44,22,22,11
534063312,53,28,25,18
534063313,34,16,18,12
534063314,17,8,9,6
534063321,22,11,11,5
534063322,59,35,24,17
534063323,129,76,53,33
534063324,12,6,6,3
534063331,14,7,7,4
534063332,0,0,0,0
534063333,4,3,1,2
534063334,0,0,0,0
534063341,14,6,8,3
534063342,40,17,23,11
534063343,97,52,45,20
534063344,42,19,23,10
534063351,116,58,58,28
534063352,82,38,44,23
534063353,0,0,0,0
534063354,0,0,0,0
534063361,27,12,15,9
534063362,32,15,17,6
534063363,0,0,0,0
534063364,0,0,0,0
534063371,44,23,21,16
534063372,74,38,36,22
534063373,11,6,5,4
534063374,93,44,49,28
534063381,13,7,6,4
534063382,76,39,37,20
534063383,22,12,10,6
534063384,71,40,31,23
534063391,57,30,27,18
534063392,22,10,12,7
534063393,20,10,10,6
534063394,210,101,109,55
534063401,31,16,15,7
534063402,40,33,7,4
534063403,69,33,36,17
534063404,0,0,0,0
534063411,0,0,0,0
534063412,8,4,4,2
534063413,199,96,103,54
534063414,39,18,21,9
534063421,0,0,0,0
534063422,4,3,1,1
534063531,165,81,84,48
534063532,26,12,14,6
534063533,14,8,6,4
534063534,42,20,22,10
534063541,0,0,0,0
534063542,110,56,54,27
534063543,86,41,45,26
534063544,381,176,205,111
534063551,76,37,39,19
534063552,4,1,3,1
534063553,75,40,35,15
534063554,0,0,0,0
534063561,64,32,32,17
534063562,83,42,41,20
534063563,211,96,115,66
534063564,92,44,48,36
534063571,39,16,23,14
534063572,199,119,80,97
534063573,61,28,33,18
534063574,99,51,48,36
534063581,77,40,37,24
534063582,0,0,0,0
534063583,41,21,20,14
534063584,174,88,86,63
534063591,16,6,10,4
534063592,78,38,40,25
534063593,171,92,79,66
534063594,178,89,89,62
534063601,87,44,43,27
534063602,115,54,61,32
534063603,0,0,0,0
534063604,6,3,3,1
534063611,57,24,33,17
534063612,0,0,0,0
534063613,228,115,113,65
534063614,28,16,12,6
534063621,0,0,0,0
534063622,406,204,202,142
534063623,0,0,0,0
534063624,132,64,68,45
534063631,101,48,53,23
534063632,67,36,31,15
534063633,1049,511,538,356
534063634,171,85,86,53
534063641,355,174,181,108
534063642,649,312,337,201
534063643,135,66,69,30
534063644,375,192,183,108
534063651,58,30,28,15
534063652,0,0,0,0
534063653,226,113,113,68
534063654,111,55,56,39
534063661,30,14,16,8
534063662,240,117,123,73
534063663,409,197,212,141
534063664,486,245,241,163
534063671,14,6,8,4
534063672,135,71,64,42
534063673,44,26,18,14
534063674,24,9,15,8
534063681,335,173,162,121
534063682,709,360,349,279
534063683,173,85,88,56
534063684,611,312,299,241
534063691,454,223,231,175
534063692,494,228,266,172
534063693,633,300,333,268
534063694,1539,723,816,547
534063701,26,14,12,6
534063702,0,0,0,0
534063703,51,24,27,11
534063704,17,10,7,5
534063711,15,10,5,3
534063712,85,43,42,27
534063713,0,0,0,0
534063714,148,59,89,27
534063721,134,69,65,38
534063722,108,61,47,46
534063723,181,90,91,56
534063724,208,110,98,73
534063731,278,146,132,98
534063732,40,24,16,20
534063733,135,64,71,47
534063734,0,0,0,0
534063741,64,31,33,18
534063742,50,24,26,17
534063743,0,0,0,0
534063744,0,0,0,0
534063751,0,0,0,0
534063752,102,51,51,31
534063753,9,4,5,4
534063754,0,0,0,0
534063761,455,219,236,122
534063762,424,211,213,141
534063763,0,0,0,0
534063764,0,0,0,0
534063771,54,26,28,20
534063772,0,0,0,0
534063773,385,187,198,104
534063774,250,130,120,72
534063781,0,0,0,0
534063782,430,206,224,173
534063783,387,183,204,130
534063784,959,492,467,368
534063791,848,396,452,348
534063792,907,409,498,345
534063793,832,420,412,366
534063794,662,358,304,274
534063801,0,0,0,0
534063802,48,28,20,13
534063804,0,0,0,0
534063811,26,14,12,7
534063812,193,98,95,56
534063813,0,0,0,0
534063814,408,207,201,144
534063821,379,177,202,129
534063822,102,49,53,37
534063823,500,238,262,139
534063824,0,0,0,0
534063831,46,24,22,12
534063832,59,28,31,15
534063833,0,0,0,0
534063834,13,5,8,4
534063841,41,19,22,11
534063842,14,8,6,4
534063843,29,13,16,7
534063844,0,0,0,0
534063851,0,0,0,0
534063852,0,0,0,0
534063853,0,0,0,0
534063854,10,4,6,2
534063861,0,0,0,0
534063862,0,0,0,0
534063863,6,2,4,3
534063864,0,0,0,0
534063871,0,0,0,0
534063872,0,0,0,0
534063873,3,2,1,1
534063874,2,1,1,1
534063881,91,44,47,28
534063882,271,138,133,106
534063883,2,2,0,2
534063884,34,17,17,7
534063891,262,122,140,97
534063892,1084,514,570,431
534063893,10,6,4,4
534063894,198,104,94,79
534063912,54,28,26,17
534063921,0,0,0,0
534063922,122,63,59,32
534063941,47,23,24,13
534063942,9,4,5,2
534063951,42,22,20,12
534063952,80,34,46,23
534063953,52,26,26,10
534063954,14,6,8,4
534063961,0,0,0,0
534063962,38,21,17,7
534063963,0,0,0,0
534063964,36,14,22,8
534063971,7,2,5,1
534063972,48,25,23,13
534063973,24,14,10,6
534063974,24,10,14,6
534063981,38,20,18,10
534063982,0,0,0,0
534063983,34,16,18,7
534063991,10,4,6,3
534063992,139,73,66,37
534063993,84,44,40,20
534063994,128,61,67,42
534064001,27,11,16,9
534064002,8,4,4,2
534064003,11,5,6,3
534064004,52,24,28,14
534064011,31,15,16,9
534064012,45,22,23,9
534064013,38,16,22,10
534064014,31,17,14,8
534064021,54,29,25,14
534064022,46,25,21,13
534064023,38,20,18,14
534064024,26,13,13,6
534064031,17,8,9,5
534064032,100,54,46,23
534064033,8,5,3,2
534064034,40,23,17,13
534064041,137,70,67,39
534064042,31,17,14,10
534064043,91,42,49,30
534064044,127,63,64,41
534064051,14,5,9,3
534064052,89,48,41,25
534064053,50,27,23,16
534064054,120,60,60,27
534064061,0,0,0,0
534064062,1,1,0,1
534064063,0,0,0,0
534064064,0,0,0,0
534064071,179,93,86,65
534064072,284,143,141,80
534064073,288,148,140,104
534064074,334,154,180,100
534064081,12,5,7,2
534064082,38,22,16,11
534064083,99,51,48,32
534064084,221,113,108,80
534064091,42,23,19,12
534064092,60,23,37,16
534064093,380,187,193,122
534064094,68,29,39,15
534064101,106,47,59,28
534064102,78,46,32,34
534064103,43,25,18,10
534064104,74,42,32,22
534064111,35,16,19,9
534064112,92,50,42,28
534064113,79,38,41,21
534064114,66,30,36,20
534064121,60,29,31,15
534064122,7,3,4,2
534064123,79,42,37,17
534064124,57,24,33,14
534064131,0,0,0,0
534064132,0,0,0,0
534064133,0,0,0,0
534064134,28,16,12,9
534064141,0,0,0,0
534064142,34,16,18,11
534064143,21,8,13,5
534064144,3,2,1,1
534064151,372,176,196,108
534064152,81,42,39,26
534064153,112,50,62,31
534064154,196,101,95,53
534064161,3,1,2,1
534064162,0,0,0,0
534064163,96,53,43,25
534064164,0,0,0,0
534064171,13,8,5,5
534064172,159,74,85,51
534064173,129,60,69,43
534064174,399,201,198,120
534064181,138,67,71,50
534064182,102,51,51,30
534064183,500,238,262,203
534064184,683,307,376,265
534064191,472,238,234,157
534064192,165,80,85,48
534064193,447,176,271,183
534064194,401,190,211,113
534064201,19,11,8,10
534064202,121,71,50,35
534064203,14,5,9,4
534064204,111,55,56,34
534064211,45,25,20,13
534064212,77,35,42,20
534064213,77,43,34,11
534064214,8,4,4,2
534064221,222,107,115,53
534064222,44,22,22,9
534064223,102,47,55,25
534064224,8,5,3,3
534064231,63,27,36,17
534064232,234,117,117,53
534064233,0,0,0,0
534064234,34,17,17,13
534064241,26,12,14,7
534064242,166,79,87,49
534064243,41,21,20,15
534064244,251,125,126,78
534064251,136,73,63,35
534064252,58,24,34,18
534064253,149,74,75,50
534064254,101,49,52,26
534064261,147,70,77,37
534064262,41,20,21,8
534064371,57,25,32,21
534064372,343,173,170,113
534064373,70,36,34,18
534064374,579,283,296,191
534064381,395,201,194,120
534064382,514,278,236,216
534064383,70,38,32,23
534064384,5,2,3,1
534064391,900,437,463,345
534064392,4,2,2,1
534064393,4,2,2,1
534064394,0,0,0,0
534064401,24,8,16,7
534064402,0,0,0,0
534064403,0,0,0,0
534064404,0,0,0,0
534064411,0,0,0,0
534064412,0,0,0,0
534064413,6,4,2,1
534064414,29,12,17,9
534064421,35,20,15,8
534064422,2,1,1,2
534064423,55,35,20,20
534064424,97,50,47,24
534064431,138,70,68,38
534064432,49,22,27,14
534064433,56,25,31,18
534064434,25,14,11,11
534064441,0,0,0,0
534064442,30,14,16,10
534064443,0,0,0,0
534064444,22,11,11,7
534064451,14,5,9,4
534064452,17,9,8,3
534064453,7,3,4,2
534064454,6,2,4,2
534064461,109,58,51,29
534064462,0,0,0,0
534064463,12,6,6,4
534064464,149,76,73,44
534064471,203,98,105,48
534064472,379,180,199,122
534064473,462,231,231,121
534064474,120,56,64,33
534064481,94,52,42,30
534064482,0,0,0,0
534064483,0,0,0,0
534064484,0,0,0,0
534064491,0,0,0,0
534064492,0,0,0,0
534064493,0,0,0,0
534064494,0,0,0,0
534064501,17,8,9,5
534064502,0,0,0,0
534064503,268,124,144,75
534064504,108,56,52,43
534064511,74,35,39,22
534064512,238,113,125,68
534064513,76,39,37,24
534064514,113,53,60,37
534064521,104,53,51,30
534064522,127,66,61,33
534064523,279,131,148,86
534064524,25,13,12,7
534064531,96,44,52,25
534064532,82,47,35,22
534064533,21,10,11,7
534064534,23,13,10,9
534064541,0,0,0,0
534064542,7,5,2,4
534064543,50,21,29,17
534064544,109,53,56,25
534064551,0,0,0,0
534064552,8,4,4,4
534064553,134,61,73,50
534064554,320,156,164,103
534064561,109,51,58,32
534064562,491,244,247,153
534064563,391,199,192,120
534064564,212,105,107,65
534064571,121,62,59,38
534064572,0,0,0,0
534064573,0,0,0,0
534064574,0,0,0,0
534064581,0,0,0,0
534064582,0,0,0,0
534064583,7,3,4,2
534064584,0,0,0,0
534064591,0,0,0,0
534064592,0,0,0,0
534064593,0,0,0,0
534064601,1009,493,516,368
534064602,465,230,235,163
534064603,1334,639,695,462
534064604,597,293,304,212
534064611,189,94,95,66
534064612,321,159,162,101
534064613,418,205,213,136
534064614,13,7,6,5
534064621,188,93,95,63
534064622,83,43,40,20
534064623,96,48,48,29
534064624,80,37,43,17
534064631,80,38,42,23
534064632,0,0,0,0
534064633,2,1,1,1
534064634,0,0,0,0
534064641,2,1,1,1
534064642,77,42,35,20
534064643,14,8,6,6
534064644,64,34,30,18
534064651,154,59,95,31
534064652,648,337,311,206
534064653,351,153,198,78
534064654,57,27,30,16
534064661,155,73,82,42
534064662,11,7,4,2
534064663,8,5,3,2
534064664,2,1,1,1
534064671,0,0,0,0
534064672,0,0,0,0
534064673,21,12,9,6
534064674,6,2,4,2
534064681,40,20,20,10
534064682,0,0,0,0
534064683,0,0,0,0
534064684,0,0,0,0
534064691,0,0,0,0
534064693,16,9,7,5
534064701,625,294,331,237
534064702,171,83,88,55
534064703,508,261,247,195
534064704,0,0,0,0
534064711,414,203,211,123
534064712,30,16,14,8
534064713,24,12,12,9
534064714,195,98,97,51
534064721,92,48,44,29
534064722,59,31,28,26
534064723,397,199,198,137
534064724,503,243,260,162
534064731,0,0,0,0
534064732,0,0,0,0
534064733,182,95,87,42
534064734,175,88,87,52
534064741,15,7,8,3
534064742,128,65,63,37
534064743,133,62,71,36
534064744,17,10,7,3
534064751,37,17,20,11
534064752,0,0,0,0
534064753,0,0,0,0
534064754,0,0,0,0
534064761,0,0,0,0
534064762,6,3,3,3
534064763,19,8,11,6
534064764,145,83,62,34
534064771,0,0,0,0
534064772,0,0,0,0
534064773,114,54,60,25
534064774,28,13,15,5
534064781,3,2,1,1
534064782,3,2,1,1
534064783,36,16,20,11
534064784,5,3,2,2
534064801,356,140,216,83
534064802,0,0,0,0
534064803,68,34,34,15
534064804,195,88,107,49
534064811,0,0,0,0
534064812,18,10,8,7
534064813,107,60,47,21
534064814,49,28,21,16
534064821,337,157,180,105
534064822,216,99,117,61
534064823,52,23,29,12
534064824,13,5,8,4
534064831,55,15,40,3
534064832,8,4,4,2
534064833,38,16,22,7
534064834,21,11,10,4
534064841,0,0,0,0
534064842,0,0,0,0
534064843,34,14,20,8
534064844,39,18,21,8
534064851,12,7,5,2
534064852,43,23,20,11
534064853,9,5,4,4
534064854,3,1,2,1
534064861,7,2,5,2
534064862,30,17,13,9
534064863,5,2,3,1
534064864,125,67,58,32
534064871,7,2,5,2
534064872,13,6,7,3
534064873,4,2,2,1
534064874,0,0,0,0
534064881,0,0,0,0
534064901,67,27,40,19
534064902,14,7,7,4
534064903,20,8,12,7
534064904,0,0,0,0
534064911,71,32,39,14
534064912,0,0,0,0
534064913,51,23,28,9
534064914,44,20,24,11
534064921,10,5,5,3
534064922,39,17,22,7
534064923,0,0,0,0
534064924,0,0,0,0
534064931,4,1,3,1
534064932,0,0,0,0
534064933,0,0,0,0
534064934,0,0,0,0
534064941,0,0,0,0
534064942,0,0,0,0
534064943,0,0,0,0
534064944,18,8,10,5
534064951,0,0,0,0
534064952,11,4,7,2
534064953,6,2,4,2
534064954,23,9,14,4
534064961,25,15,10,8
534064962,72,37,35,19
534064963,24,12,12,5
534064964,33,14,19,10
534064971,7,3,4,1
534065001,84,39,45,19
534065002,54,29,25,11
534065003,257,120,137,93
534065004,35,19,16,10
534065011,74,31,43,17
534065012,4,1,3,1
534065013,38,19,19,10
534065014,4,3,1,2
534065021,188,92,96,38
534065022,357,170,187,99
534065023,211,96,115,72
534065024,704,338,366,207
534065031,296,138,158,95
534065032,192,101,91,55
534065033,651,312,339,202
534065034,482,231,251,153
534065041,338,169,169,86
534065042,431,219,212,124
534065043,101,44,57,30
534065044,0,0,0,0
534065051,166,83,83,46
534065052,0,0,0,0
534065053,0,0,0,0
534065054,0,0,0,0
534065061,0,0,0,0
534065062,0,0,0,0
534065063,0,0,0,0
534065101,233,110,123,68
534065102,38,19,19,9
534065103,164,79,85,47
534065104,0,0,0,0
534065111,31,14,17,10
534065112,17,10,7,5
534065113,0,0,0,0
534065114,0,0,0,0
534065121,455,209,246,145
534065122,658,317,341,194
534065123,0,0,0,0
534065124,45,21,24,16
534065131,195,94,101,60
534065132,0,0,0,0
534065133,0,0,0,0
534065134,0,0,0,0
534065141,0,0,0,0
534065142,0,0,0,0
534065143,0,0,0,0
534065144,0,0,0,0
534065151,0,0,0,0
534065152,0,0,0,0
534065153,0,0,0,0
534065201,0,0,0,0
534065202,0,0,0,0
534065203,0,0,0,0
534065204,0,0,0,0
534065211,0,0,0,0
534065212,0,0,0,0
534065213,0,0,0,0
534065214,0,0,0,0
534065221,0,0,0,0
534065222,0,0,0,0
534065223,0,0,0,0
534065224,0,0,0,0
534065231,0,0,0,0
534065232,0,0,0,0
534065241,0,0,0,0
534065301,0,0,0,0
534065302,0,0,0,0
534065303,0,0,0,0
534065401,0,0,0,0
534073061,0,0,0,0
534073062,9,4,5,3
534073063,5,3,2,1
534073064,77,41,36,20
534073071,35,18,17,7
534073072,42,20,22,8
534073073,99,46,53,25
534073074,7,3,4,2
534073084,249,115,134,83
534073091,225,116,109,78
534073092,48,23,25,13
534073093,41,21,20,11
534073094,0,0,0,0
534073162,302,130,172,96
534073182,201,96,105,59
534073191,168,82,86,51
534073192,103,51,52,25
534073193,61,31,30,17
534073194,91,51,40,21
534073292,28,11,17,9
534073294,110,54,56,30
534073392,141,71,70,43
534074001,0,0,0,0
534074002,0,0,0,0
534074003,26,13,13,5
534074004,0,0,0,0
534074011,16,8,8,3
534074012,0,0,0,0
534074013,0,0,0,0
534074014,162,81,81,42
534074021,0,0,0,0
534074022,0,0,0,0
534074023,121,64,57,28
534074024,0,0,0,0
534074031,0,0,0,0
534074032,19,11,8,6
534074033,0,0,0,0
534074034,108,53,55,29
534074041,46,24,22,11
534074042,46,22,24,12
534074043,283,140,143,70
534074044,17,8,9,5
534074051,26,10,16,6
534074052,24,8,16,6
534074053,31,15,16,8
534074054,55,24,31,16
534074061,21,10,11,6
534074063,59,25,34,14
534074101,215,114,101,50
534074102,0,0,0,0
534074103,82,41,41,21
534074104,62,33,29,17
534074111,0,0,0,0
534074112,0,0,0,0
534074113,0,0,0,0
534074114,0,0,0,0
534074121,24,13,11,8
534074122,55,26,29,17
534074123,4,2,2,1
534074124,178,82,96,54
534074131,173,76,97,41
534074132,158,79,79,41
534074133,54,24,30,19
534074134,138,69,69,38
534074141,0,0,0,0
534074142,37,20,17,9
534074143,0,0,0,0
534074144,16,10,6,7
534074151,94,47,47,24
534074152,771,377,394,272
534074201,0,0,0,0
534074202,0,0,0,0
534074203,111,57,54,27
534074204,0,0,0,0
534074211,0,0,0,0
534074212,2,1,1,1
534074213,0,0,0,0
534074214,0,0,0,0
534074221,85,41,44,18
534074222,173,81,92,48
534074223,158,73,85,34
534074224,28,15,13,6
534074231,97,47,50,31
534074232,193,92,101,68
534074233,538,249,289,170
534074301,97,48,49,24
534074302,0,0,0,0
534074303,142,70,72,38
534074304,106,53,53,26
534074311,0,0,0,0
534074312,0,0,0,0
534074313,0,0,0,0
534074314,115,54,61,27
534074321,21,10,11,4
534074322,238,114,124,73
534074323,53,28,25,13
534074401,143,73,70,42
534074402,146,70,76,42
534074404,55,26,29,23
534074411,272,128,144,64
534074412,99,48,51,26
534074413,384,170,214,141
534074501,11,6,5,4
534074502,196,98,98,62
543906051,7,4,3,2
543906052,44,22,22,14
543906053,0,0,0,0
543906054,137,70,67,41
543906061,0,0,0,0
543906062,36,18,18,10
543906063,39,16,23,11
543906064,57,29,28,19
543906071,189,106,83,57
543906072,263,134,129,43
543906073,237,115,122,78
543906074,14,7,7,4
543906081,95,45,50,27
543906082,0,0,0,0
543906083,147,72,75,26
543906084,23,10,13,6
543906091,9,4,5,2
543906092,7,4,3,2
543906093,28,16,12,8
543906094,104,49,55,23
543906151,0,0,0,0
543906152,137,68,69,33
543906153,0,0,0,0
543906154,344,175,169,112
543906161,389,193,196,137
543906162,659,336,323,228
543906163,744,374,370,239
543906164,240,115,125,73
543906171,106,53,53,32
543906172,395,196,199,114
543906173,477,239,238,151
543906174,691,347,344,208
543906181,161,81,80,52
543906182,16,7,9,5
543906183,0,0,0,0
543906184,8,5,3,3
543906191,74,34,40,16
543906192,111,56,55,28
543906193,72,32,40,19
543906194,0,0,0,0
543906251,20,8,12,5
543906252,173,91,82,58
543906253,46,24,22,13
543906254,395,195,200,131
543906261,706,348,358,231
543906262,672,343,329,218
543906263,793,404,389,268
543906264,786,403,383,265
543906271,662,350,312,205
543906272,344,183,161,80
543906273,354,186,168,105
543906274,333,157,176,99
543906281,13,7,6,3
543906282,61,29,32,15
543906283,36,17,19,12
543906284,90,42,48,24
543906291,8,4,4,2
543906292,15,5,10,5
543906293,43,21,22,10
543906351,173,87,86,51
543906352,604,305,299,198
543906353,302,141,161,89
543906354,748,383,365,246
543906361,548,272,276,177
543906362,355,187,168,118
543906363,1311,648,663,445
543906364,550,283,267,176
543906371,392,204,188,122
543906372,562,275,287,151
543906373,167,81,86,45
543906374,32,17,15,7
543906381,73,36,37,20
543906382,14,7,7,4
543906383,17,9,8,4
543906384,26,12,14,5
543906444,96,57,39,22
543906451,101,50,51,29
543906452,852,450,402,301
543906453,238,116,122,81
543906454,871,441,430,296
543906461,862,433,429,269
543906462,180,95,85,46
543906463,207,102,105,66
543906464,135,74,61,40
543906471,43,22,21,10
543906472,11,5,6,3
543906473,14,6,8,3
543906541,93,43,50,31
543906542,80,43,37,26
543906543,148,74,74,50
543906544,372,186,186,113
543906551,1400,712,688,483
543906552,270,140,130,74
543906553,900,457,443,293
543906554,340,170,170,102
543906561,94,41,53,28
543906562,18,10,8,5
543906563,47,23,24,15
543906564,26,12,14,7
543906632,20,10,10,6
543906633,12,7,5,5
543906634,77,40,37,25
543906641,316,151,165,98
543906642,222,109,113,67
543906643,762,348,414,221
543906644,478,212,266,134
543906651,156,74,82,53
543906652,95,49,46,19
543906653,231,114,117,61
543906654,12,8,4,3
543906661,5,2,3,1
543906722,123,69,54,27
543906724,20,12,8,9
543906731,9,3,6,2
543906732,230,108,122,77
543906733,64,30,34,17
543906734,168,83,85,54
543906741,303,156,147,91
543906742,231,115,116,85
543906743,228,111,117,57
543906744,0,0,0,0
543906751,49,25,24,13
543906753,58,28,30,13
543906822,9,5,4,3
543906824,72,35,37,16
543906831,64,34,30,23
543906832,460,234,226,155
543906833,68,36,32,18
543906834,36,19,17,10
543906841,56,29,27,19
543906842,0,0,0,0
543906843,23,12,11,6
543906844,40,21,19,8
543906921,129,60,69,32
543906922,226,114,112,62
543906923,37,17,20,11
543906924,33,20,13,11
543906931,64,27,37,18
543906932,101,54,47,26
543906933,332,162,170,103
543906934,0,0,0,0
543906941,19,11,8,5
543906942,0,0,0,0
543906943,0,0,0,0
543907001,0,0,0,0
543907003,101,51,50,25
543907101,181,88,93,45
543916014,314,160,154,97
543916021,53,25,28,13
543916022,112,53,59,23
543916023,111,55,56,31
543916024,370,178,192,106
543916031,579,288,291,178
543916032,15,9,6,4
543916033,230,125,105,72
543916034,29,18,11,9
543916041,0,0,0,0
543916043,12,4,8,3
543916112,108,50,58,29
543916121,61,32,29,16
543916122,114,60,54,41
543916123,0,0,0,0
543916124,73,37,36,21
543916131,345,177,168,100
543916132,43,23,20,13
543916133,38,20,18,12
543916134,0,0,0,0
543916141,46,22,24,11
543916221,0,0,0,0
543916222,0,0,0,0
543916231,192,97,95,57
