KEY_CODE,total,male,femail,family
523926863,0,0,0,0
523926864,10,3,7,5
523926871,0,0,0,0
523926872,6,2,4,3
523926873,152,75,77,62
523926874,141,63,78,58
523926881,0,0,0,0
523926883,31,15,16,14
523926884,7,2,5,2
523926892,0,0,0,0
523926893,1,0,1,1
523926894,331,144,187,138
523926952,0,0,0,0
523926954,63,26,37,28
523926961,0,0,0,0
523926962,1,1,0,1
523926963,44,19,25,22
523926964,0,0,0,0
523926971,47,23,24,22
523926972,162,73,89,66
523926973,0,0,0,0
523926974,0,0,0,0
523926981,91,40,51,31
523926982,93,48,45,36
523926983,0,0,0,0
523926984,0,0,0,0
523926991,109,48,61,45
523926992,202,104,98,87
523926993,1,0,1,1
523926994,148,67,81,60
523947791,16,8,8,5
523947792,33,16,17,13
523947793,0,0,0,0
523947794,12,6,6,5
523947801,0,0,0,0
523947802,0,0,0,0
523947803,0,0,0,0
523947804,0,0,0,0
523947811,0,0,0,0
523947812,51,27,24,15
523947813,0,0,0,0
523947814,4,2,2,1
523947821,15,8,7,5
523947822,5,2,3,1
523947823,16,9,7,3
523947824,0,0,0,0
523947831,12,5,7,6
523947832,3,2,1,1
523947833,12,6,6,5
523947834,0,0,0,0
523947841,36,16,20,13
523947842,12,6,6,6
523947843,0,0,0,0
523947844,0,0,0,0
523947851,2,1,1,2
523947852,14,6,8,4
523947853,0,0,0,0
523947854,0,0,0,0
523947861,16,9,7,5
523947862,30,14,16,12
523947863,10,7,3,4
523947864,14,6,8,5
523947871,11,7,4,4
523947872,0,0,0,0
523947873,0,0,0,0
523947874,0,0,0,0
523947881,0,0,0,0
523947882,0,0,0,0
523947883,0,0,0,0
523947884,1,1,0,1
523947891,0,0,0,0
523947892,10,5,5,2
523927704,0,0,0,0
523927713,0,0,0,0
523927801,0,0,0,0
523927802,46,19,27,22
523927803,198,80,118,53
523927804,379,183,196,155
523927811,66,29,37,26
523927813,346,156,190,153
523927814,304,141,163,146
523927821,0,0,0,0
523927822,0,0,0,0
523927823,274,122,152,121
523927824,149,67,82,67
523927833,17,6,11,7
523927834,0,0,0,0
523927901,47,19,28,18
523927902,114,52,62,41
523927903,13,6,7,5
523927904,0,0,0,0
523927911,64,27,37,32
523927912,320,143,177,128
523927913,0,0,0,0
523927914,0,0,0,0
523927921,268,124,144,106
523927922,180,84,96,80
523927923,0,0,0,0
523927924,0,0,0,0
523927931,277,121,156,118
523927932,173,79,94,74
523927933,23,10,13,10
523927934,100,48,52,42
523927941,14,8,6,5
523927942,0,0,0,0
523927943,97,44,53,42
523927944,26,12,14,8
523927953,0,0,0,0
523936052,66,28,38,28
523936054,14,5,9,7
523936061,261,112,149,132
523936062,0,0,0,0
523936063,468,214,254,200
523936064,95,46,49,37
523936071,4,2,2,2
523936072,0,0,0,0
523936073,21,11,10,12
523936074,19,10,9,8
523936081,0,0,0,0
523936082,3,2,1,1
523936083,40,18,22,15
523936084,35,18,17,14
523936091,0,0,0,0
523936092,24,10,14,7
523936093,6,3,3,2
523936094,0,0,0,0
523936154,0,0,0,0
523936161,137,67,70,71
523936162,253,116,137,106
523936163,11,4,7,6
523936164,131,66,65,41
523936171,128,68,60,45
523936172,84,37,47,31
523936173,98,43,55,32
523936174,147,80,67,20
523936181,66,31,35,24
523936182,69,35,34,24
523936183,0,0,0,0
523936184,0,0,0,0
523936191,70,30,40,25
523936192,2,1,1,1
523936193,75,34,41,25
523936194,64,29,35,26
523936252,0,0,0,0
523936253,0,0,0,0
523936254,10,5,5,3
523936261,16,8,8,6
523936262,262,125,137,121
523936263,17,7,10,6
523936264,0,0,0,0
523936271,146,73,73,63
523936272,54,29,25,17
523936273,99,47,52,41
523936274,27,13,14,12
523936281,2,1,1,1
523936282,56,25,31,16
523936283,58,29,29,19
523936284,2,1,1,1
523936291,118,56,62,41
523936292,10,5,5,6
523936293,0,0,0,0
523936294,30,14,16,10
523936334,0,0,0,0
523936342,0,0,0,0
523936343,0,0,0,0
523936344,0,0,0,0
523936351,0,0,0,0
523936352,11,6,5,7
523936353,43,22,21,13
523936354,18,8,10,6
523936361,22,11,11,12
523936362,81,41,40,28
523936363,67,31,36,31
523936364,98,50,48,32
523936371,87,36,51,32
523936372,64,30,34,30
523936373,13,9,4,9
523936374,27,14,13,8
523936381,68,31,37,26
523936382,0,0,0,0
523936383,0,0,0,0
523936384,0,0,0,0
523936391,0,0,0,0
523936392,36,19,17,17
523936393,0,0,0,0
523936394,0,0,0,0
523936413,0,0,0,0
523936414,156,70,86,64
523936422,0,0,0,0
523936423,62,30,32,21
523936424,56,29,27,20
523936431,11,3,8,4
523936432,0,0,0,0
523936433,23,11,12,9
523936434,92,40,52,28
523936441,6,3,3,3
523936442,8,3,5,3
523936443,6,2,4,2
523936444,0,0,0,0
523936451,65,32,33,20
523936452,40,22,18,22
523936453,24,13,11,5
523936454,0,0,0,0
523936461,180,93,87,56
523936462,63,27,36,25
523936463,21,9,12,7
523936464,15,8,7,5
523936471,70,31,39,29
523936472,6,3,3,1
523936473,32,16,16,16
523936474,27,14,13,11
523936481,0,0,0,0
523936482,0,0,0,0
523936483,47,22,25,17
523936484,25,11,14,10
523936491,0,0,0,0
523936492,0,0,0,0
523936493,15,7,8,5
523936494,11,5,6,3
523936501,0,0,0,0
523936502,108,44,64,42
523936503,0,0,0,0
523936504,91,41,50,36
523936511,37,16,21,12
523936512,5,3,2,1
523936513,0,0,0,0
523936514,0,0,0,0
523936521,0,0,0,0
523936522,31,14,17,13
523936523,0,0,0,0
523936524,0,0,0,0
523936531,54,27,27,21
523936532,16,8,8,6
523936533,37,18,19,16
523936534,19,10,9,10
523936541,0,0,0,0
523936542,0,0,0,0
523936543,0,0,0,0
523936544,0,0,0,0
523936551,0,0,0,0
523936552,0,0,0,0
523936553,0,0,0,0
523936554,0,0,0,0
523936561,0,0,0,0
523936562,0,0,0,0
523936563,0,0,0,0
523936564,0,0,0,0
523936571,7,3,4,3
523936572,0,0,0,0
523936573,0,0,0,0
523936574,0,0,0,0
523936581,5,3,2,2
523936582,14,6,8,5
523936583,0,0,0,0
523936584,14,6,8,5
523936591,55,28,27,22
523936592,27,17,10,7
523936593,16,10,6,6
523936594,53,26,27,17
523936601,18,9,9,4
523936602,113,55,58,29
523936603,71,36,35,25
523936604,107,51,56,38
523936611,0,0,0,0
523936612,0,0,0,0
523936613,11,3,8,6
523936614,68,30,38,29
523936621,0,0,0,0
523936622,102,28,74,25
523936623,82,36,46,31
523936624,162,73,89,67
523936631,127,63,64,52
523936632,89,43,46,41
523936633,109,54,55,46
523936634,92,41,51,45
523936641,42,19,23,21
523936642,0,0,0,0
523936643,92,45,47,40
523936644,124,59,65,61
523936651,0,0,0,0
523936652,0,0,0,0
523936653,34,19,15,13
523936654,10,3,7,5
523936661,0,0,0,0
523936662,0,0,0,0
523936663,0,0,0,0
523936664,0,0,0,0
523936671,0,0,0,0
523936672,0,0,0,0
523936673,0,0,0,0
523936674,17,11,6,10
523936681,0,0,0,0
523936682,0,0,0,0
523936683,0,0,0,0
523936684,9,5,4,4
523936691,2,1,1,1
523936692,47,24,23,22
523936693,156,74,82,62
523936694,153,70,83,65
523936701,8,3,5,3
523936702,31,14,17,20
523936711,4,2,2,3
523936712,61,27,34,32
523936721,9,3,6,7
523936741,41,19,22,18
523936742,196,60,136,42
523936751,142,63,79,57
523936752,78,32,46,37
523936754,48,23,25,20
523936761,370,147,223,148
523936762,258,133,125,112
523936763,571,337,234,232
523936764,640,314,326,301
523936771,211,94,117,79
523936772,47,23,24,20
523936773,474,235,239,228
523936774,752,350,402,332
523936781,231,109,122,89
523936782,633,307,326,239
523936783,723,355,368,296
523936784,658,318,340,307
523936791,520,256,264,239
523936792,251,121,130,97
523936793,714,357,357,321
523936794,359,159,200,167
523936852,0,0,0,0
523936861,341,186,155,141
523936862,234,191,43,25
523936863,0,0,0,0
523936864,0,0,0,0
523936871,237,157,80,54
523936872,349,183,166,177
523936873,6,6,0,1
523936881,969,459,510,324
523936882,1263,586,677,586
523936883,153,78,75,70
523936884,840,383,457,380
523936891,1167,566,601,510
523936892,800,375,425,379
523936893,891,398,493,417
523936894,667,313,354,293
523936971,0,0,0,0
523936981,0,0,0,0
523936982,528,244,284,243
523936984,301,141,160,163
523936991,856,417,439,403
523936992,394,173,221,173
523936993,819,384,435,396
523936994,621,292,329,252
523937001,0,0,0,0
523937002,26,10,16,9
523937003,0,0,0,0
523937004,17,8,9,7
523937011,0,0,0,0
523937012,0,0,0,0
523937013,5,3,2,4
523937014,0,0,0,0
523937021,0,0,0,0
523937022,0,0,0,0
523937023,0,0,0,0
523937024,0,0,0,0
523937031,0,0,0,0
523937032,0,0,0,0
523937033,0,0,0,0
523937034,0,0,0,0
523937041,0,0,0,0
523937042,11,3,8,5
523937043,0,0,0,0
523937044,35,17,18,14
523937051,14,6,8,4
523937053,450,207,243,176
523937054,4,2,2,1
523937101,0,0,0,0
523937102,0,0,0,0
523937103,0,0,0,0
523937104,0,0,0,0
523937111,0,0,0,0
523937112,5,3,2,3
523937113,0,0,0,0
523937114,2,1,1,1
523937121,0,0,0,0
523937122,0,0,0,0
523937123,13,7,6,5
523937124,0,0,0,0
523937131,0,0,0,0
523937132,0,0,0,0
523937133,0,0,0,0
523937134,0,0,0,0
523937141,0,0,0,0
523937142,0,0,0,0
523937143,0,0,0,0
523937144,0,0,0,0
523937151,129,58,71,47
523937152,214,110,104,83
523937153,2,0,2,2
523937154,417,188,229,160
523937161,0,0,0,0
523937163,82,39,43,24
523937164,0,0,0,0
523937201,0,0,0,0
523937202,0,0,0,0
523937203,0,0,0,0
523937204,0,0,0,0
523937211,0,0,0,0
523937212,0,0,0,0
523937213,0,0,0,0
523937214,0,0,0,0
523937221,0,0,0,0
523937222,56,29,27,22
523937223,0,0,0,0
523937224,9,7,2,6
523937231,18,7,11,7
523937232,0,0,0,0
523937233,6,4,2,2
523937234,0,0,0,0
523937241,0,0,0,0
523937242,0,0,0,0
523937243,0,0,0,0
523937244,0,0,0,0
523937251,0,0,0,0
523937252,105,56,49,37
523937253,0,0,0,0
523937254,32,14,18,11
523937261,267,129,138,114
523937262,43,17,26,17
523937263,127,55,72,51
523937264,98,43,55,36
523937273,0,0,0,0
523937301,73,36,37,32
523937302,64,35,29,31
523937303,0,0,0,0
523937304,0,0,0,0
523937311,30,17,13,15
523937312,1,0,1,1
523937313,0,0,0,0
523937314,0,0,0,0
523937321,0,0,0,0
523937322,0,0,0,0
523937323,0,0,0,0
523937324,0,0,0,0
523937331,0,0,0,0
523937332,0,0,0,0
523937333,0,0,0,0
523937334,0,0,0,0
523937341,0,0,0,0
523937342,0,0,0,0
523937343,0,0,0,0
523937344,0,0,0,0
523937351,0,0,0,0
523937352,0,0,0,0
523937353,0,0,0,0
523937354,0,0,0,0
523937361,0,0,0,0
523937362,285,134,151,108
523937363,21,11,10,7
523937364,309,134,175,85
523937371,43,19,24,15
523937373,251,117,134,101
523937401,0,0,0,0
523937402,0,0,0,0
523937403,0,0,0,0
523937404,0,0,0,0
523937411,0,0,0,0
523937412,0,0,0,0
523937413,0,0,0,0
523937414,0,0,0,0
523937421,0,0,0,0
523937422,0,0,0,0
523937423,0,0,0,0
523937424,0,0,0,0
523937431,0,0,0,0
523937432,0,0,0,0
523937433,0,0,0,0
523937434,5,1,4,2
523937441,0,0,0,0
523937442,0,0,0,0
523937443,12,6,6,4
523937444,9,3,6,3
523937451,0,0,0,0
523937452,0,0,0,0
523937453,3,2,1,2
523937454,74,35,39,26
523937461,0,0,0,0
523937462,562,263,299,229
523937463,7,2,5,2
523937464,554,249,305,244
523937471,186,72,114,89
523937473,25,9,16,20
523937501,18,9,9,10
523937502,2,0,2,1
523937503,119,53,66,41
523937504,10,6,4,3
523937511,14,6,8,3
523937512,0,0,0,0
523937513,18,8,10,6
523937514,6,4,2,1
523937521,0,0,0,0
523937522,0,0,0,0
523937523,0,0,0,0
523937524,0,0,0,0
523937531,0,0,0,0
523937532,0,0,0,0
523937533,0,0,0,0
523937534,0,0,0,0
523937541,0,0,0,0
523937542,2,2,0,2
523937543,0,0,0,0
523937544,0,0,0,0
523937551,0,0,0,0
523937552,82,40,42,29
523937553,0,0,0,0
523937554,7,2,5,2
523937561,213,103,110,83
523937562,1034,467,567,393
523937563,350,168,182,148
523937564,413,188,225,167
523937601,75,33,42,27
523937602,64,33,31,22
523937603,66,26,40,25
523937604,60,30,30,17
523937611,103,54,49,32
523937612,4,2,2,3
523937613,66,32,34,19
523937614,0,0,0,0
523937621,0,0,0,0
523937622,11,7,4,4
523937623,0,0,0,0
523937624,14,6,8,6
523937631,13,6,7,4
523937632,0,0,0,0
523937633,46,29,17,20
523937634,35,17,18,13
523937641,5,2,3,1
523937642,0,0,0,0
523937643,36,17,19,13
523937644,44,16,28,12
523937651,0,0,0,0
523937652,11,5,6,3
523937653,15,6,9,4
523937654,0,0,0,0
523937661,330,154,176,122
523937662,264,104,160,79
523937663,273,133,140,105
523937664,216,103,113,98
523937673,0,0,0,0
523937701,234,117,117,85
523937702,57,30,27,27
523937703,132,66,66,51
523937704,41,21,20,15
523937711,104,48,56,39
523937712,119,56,63,35
523937713,7,3,4,4
523937714,19,9,10,6
523937721,2,0,2,2
523937722,0,0,0,0
523937723,0,0,0,0
523937724,0,0,0,0
523937731,0,0,0,0
523937732,32,20,12,13
523937733,0,0,0,0
523937734,0,0,0,0
523937741,73,38,35,30
523937742,38,17,21,15
523937743,8,3,5,2
523937744,94,48,46,33
523937751,17,11,6,8
523937752,11,5,6,5
523937753,67,31,36,22
523937754,215,106,109,85
523937761,378,185,193,158
523937762,294,138,156,140
523937763,369,163,206,132
523937764,200,99,101,76
523937771,53,29,24,28
523937773,166,72,94,74
523937774,0,0,0,0
523937801,235,114,121,95
523937802,145,67,78,51
523937803,217,104,113,98
523937804,188,105,83,96
523937811,46,22,24,14
523937812,60,29,31,26
523937813,271,115,156,65
523937814,201,98,103,72
523937821,44,21,23,15
523937822,0,0,0,0
523937823,0,0,0,0
523937824,2,1,1,1
523937831,1,1,0,1
523937832,2,1,1,1
523937833,53,29,24,20
523937834,51,22,29,16
523937841,16,8,8,6
523937842,0,0,0,0
523937843,17,9,8,7
523937844,13,6,7,8
523937851,32,13,19,14
523937852,132,70,62,54
523937853,47,24,23,16
523937854,24,13,11,10
523937861,83,41,42,33
523937862,105,56,49,38
523937863,19,10,9,5
523937864,97,47,50,33
523937871,371,170,201,140
523937872,114,56,58,41
523937873,344,155,189,118
523937874,114,56,58,38
523937901,288,139,149,119
523937902,199,125,74,114
523937903,636,324,312,257
523937904,7,3,4,3
523937911,153,70,83,56
523937912,0,0,0,0
523937913,259,124,135,97
523937914,69,34,35,28
523937921,0,0,0,0
523937922,34,14,20,12
523937923,162,87,75,61
523937924,150,74,76,66
523937931,50,25,25,17
523937932,154,73,81,53
523937933,196,87,109,78
523937934,57,29,28,22
523937941,0,0,0,0
523937942,0,0,0,0
523937943,0,0,0,0
523937944,0,0,0,0
523937951,0,0,0,0
523937952,4,2,2,1
523937953,60,31,29,20
523937954,2,1,1,2
523937961,85,41,44,33
523937962,45,22,23,20
523937963,11,7,4,3
523937964,23,12,11,12
523937971,136,65,71,48
523937972,7,3,4,4
523937973,46,27,19,13
523937974,64,37,27,23
523946442,0,0,0,0
523946444,0,0,0,0
523946451,0,0,0,0
523946452,62,29,33,31
523946453,0,0,0,0
523946454,0,0,0,0
523946461,418,191,227,150
523946462,263,133,130,76
523946463,312,155,157,138
523946464,259,129,130,95
523946471,12,6,6,6
523946472,92,49,43,35
523946473,145,73,72,40
523946474,82,40,42,32
523946481,111,49,62,44
523946482,36,16,20,12
523946483,45,19,26,17
523946484,52,18,34,24
523946491,37,17,20,12
523946492,2,1,1,1
523946493,58,25,33,22
523946494,23,10,13,9
523946542,0,0,0,0
523946551,0,0,0,0
523946561,18,10,8,9
523946562,816,384,432,312
523946564,256,121,135,104
523946571,154,75,79,56
523946572,57,28,29,22
523946573,33,16,17,15
523946574,0,0,0,0
523946581,49,25,24,20
523946582,34,17,17,10
523946583,64,35,29,26
523946584,49,24,25,19
523946591,9,5,4,4
523946592,0,0,0,0
523946593,0,0,0,0
523946594,0,0,0,0
523946082,516,251,265,260
523946084,52,26,26,32
523946091,895,418,477,389
523946092,599,275,324,260
523946093,596,276,320,240
523946094,407,192,215,163
523946182,131,58,73,58
523946183,0,0,0,0
523946184,421,209,212,168
523946191,698,287,411,222
523946192,403,195,208,164
523946193,94,45,49,39
523946194,78,35,43,32
523946274,17,10,7,7
523946281,23,11,12,11
523946282,599,272,327,259
523946283,355,173,182,149
523946284,833,392,441,353
523946291,130,59,71,60
523946292,241,116,125,79
523946293,600,283,317,243
523946294,165,80,85,63
523946354,0,0,0,0
523946363,2,1,1,1
523946364,82,37,45,34
523946371,695,326,369,294
523946372,837,364,473,317
523946373,366,167,199,141
523946374,397,201,196,148
523946381,815,389,426,327
523946382,37,20,17,17
523946383,254,116,138,98
523946384,15,8,7,5
523946391,290,137,153,102
523946392,191,96,95,70
523946393,60,31,29,23
523946394,28,13,15,12
523946661,88,41,47,34
523946662,289,139,150,95
523946663,152,75,77,58
523946664,5,3,2,2
523946671,0,0,0,0
523946672,0,0,0,0
523946673,0,0,0,0
523946674,20,9,11,7
523946681,91,29,62,14
523946682,45,23,22,13
523946683,0,0,0,0
523946684,35,20,15,12
523946691,0,0,0,0
523946692,2,1,1,1
523946693,15,6,9,7
523946694,9,4,5,4
523946752,0,0,0,0
523946754,50,28,22,20
523946761,338,159,179,118
523946762,4,2,2,2
523946763,172,74,98,50
523946764,0,0,0,0
523946771,0,0,0,0
523946772,30,16,14,7
523946773,0,0,0,0
523946774,0,0,0,0
523946781,27,15,12,11
523946782,28,12,16,11
523946783,0,0,0,0
523946784,22,10,12,7
523946791,26,13,13,8
523946792,0,0,0,0
523946793,45,24,21,15
523946794,1,0,1,1
523946852,78,38,40,32
523946854,0,0,0,0
523946861,10,4,6,2
523946862,0,0,0,0
523946863,0,0,0,0
523946864,0,0,0,0
523946871,0,0,0,0
523946872,0,0,0,0
523946873,0,0,0,0
523946874,0,0,0,0
523946881,0,0,0,0
523946882,0,0,0,0
523946883,0,0,0,0
523946884,0,0,0,0
523946891,23,13,10,7
523946892,20,8,12,9
523946893,0,0,0,0
523946894,0,0,0,0
523946961,0,0,0,0
523946962,104,52,52,43
523946964,0,0,0,0
523946971,80,47,33,37
523946972,0,0,0,0
523946973,46,22,24,19
523946974,23,11,12,8
523946981,0,0,0,0
523946982,0,0,0,0
523946983,0,0,0,0
523946984,0,0,0,0
523946991,0,0,0,0
523946992,0,0,0,0
523946993,0,0,0,0
523946994,0,0,0,0
523947001,458,222,236,163
523947002,45,12,33,26
523947003,383,187,196,142
523947004,94,46,48,33
523947011,199,104,95,80
523947012,149,69,80,56
523947013,201,105,96,85
523947014,208,97,111,84
523947021,75,39,36,29
523947022,5,3,2,2
523947023,178,83,95,64
523947024,15,7,8,5
523947031,162,73,89,62
523947032,170,79,91,68
523947033,98,47,51,30
523947034,45,25,20,18
523947041,18,10,8,9
523947042,37,17,20,12
523947043,54,26,28,18
523947044,58,32,26,22
523947051,0,0,0,0
523947052,0,0,0,0
523947053,0,0,0,0
523947054,0,0,0,0
523947061,0,0,0,0
523947062,65,33,32,21
523947063,0,0,0,0
523947064,32,13,19,12
523947071,99,43,56,35
523947072,141,73,68,52
523947073,72,30,42,25
523947074,164,80,84,63
523947081,0,0,0,0
523947083,2,1,1,1
523947101,353,162,191,136
523947102,268,139,129,117
523947103,11,9,2,3
523947104,78,37,41,32
523947111,148,71,77,53
523947112,70,37,33,22
523947113,194,97,97,73
523947114,27,13,14,7
523947121,52,27,25,26
523947122,34,16,18,13
523947123,59,29,30,21
523947124,49,29,20,21
523947131,80,34,46,22
523947132,47,25,22,13
523947133,7,1,6,3
523947134,57,28,29,17
523947141,59,31,28,21
523947142,40,20,20,14
523947143,35,18,17,11
523947144,15,5,10,4
523947151,23,11,12,8
523947152,56,26,30,20
523947153,58,29,29,17
523947154,84,40,44,25
523947161,54,25,29,19
523947162,27,13,14,10
523947163,48,23,25,22
523947164,113,57,56,38
523947171,42,21,21,15
523947172,48,22,26,16
523947173,172,76,96,67
523947174,21,9,12,8
523947181,21,10,11,8
523947182,0,0,0,0
523947183,25,11,14,13
523947184,0,0,0,0
523947201,205,96,109,79
523947202,175,92,83,57
523947203,157,72,85,68
523947204,150,73,77,54
523947211,185,88,97,63
523947212,80,36,44,26
523947213,152,64,88,58
523947214,303,150,153,27
523947221,15,9,6,5
523947222,38,21,17,17
523947223,60,34,26,22
523947224,19,7,12,7
523947231,55,30,25,15
523947232,8,4,4,4
523947233,85,41,44,27
523947234,35,16,19,13
523947241,45,21,24,14
523947242,0,0,0,0
523947243,8,3,5,3
523947244,0,0,0,0
523947251,66,31,35,23
523947252,146,66,80,52
523947253,7,2,5,3
523947254,31,15,16,9
523947261,83,39,44,26
523947262,124,57,67,52
523947263,15,8,7,6
523947264,163,72,91,63
523947271,174,76,98,64
523947272,19,8,11,8
523947273,30,12,18,13
523947274,11,5,6,4
523947281,214,105,109,86
523947282,69,32,37,25
523947283,117,47,70,51
523947284,233,100,133,87
523947291,0,0,0,0
523947293,163,68,95,56
523947294,0,0,0,0
523947301,124,62,62,44
523947302,26,9,17,8
523947303,93,48,45,38
523947304,42,21,21,15
523947311,33,15,18,14
523947312,75,37,38,24
523947313,96,33,63,14
523947314,200,90,110,67
523947321,66,32,34,21
523947322,71,37,34,24
523947323,114,21,93,9
523947324,33,14,19,9
523947331,81,36,45,30
523947332,45,20,25,21
523947333,0,0,0,0
523947334,43,20,23,15
523947341,75,36,39,26
523947342,0,0,0,0
523947343,14,8,6,6
523947344,5,3,2,1
523947351,64,31,33,24
523947352,119,58,61,43
523947353,48,24,24,19
523947354,55,26,29,16
523947361,26,15,11,10
523947362,36,19,17,14
523947363,60,30,30,19
523947364,34,14,20,15
523947371,86,47,39,28
523947372,28,14,14,10
523947373,4,1,3,4
523947374,67,30,37,25
523947381,54,24,30,18
523947382,0,0,0,0
523947383,38,20,18,13
523947384,67,32,35,21
523947391,199,83,116,61
523947392,108,45,63,45
523947393,37,19,18,9
523947394,98,43,55,30
523947401,0,0,0,0
523947402,27,13,14,9
523947403,9,5,4,3
523947404,9,3,6,4
523947411,163,78,85,50
523947412,30,15,15,11
523947413,57,25,32,19
523947414,41,23,18,14
523947421,49,26,23,17
523947422,17,9,8,5
523947423,134,65,69,37
523947424,36,18,18,18
523947431,0,0,0,0
523947432,32,16,16,12
523947433,40,20,20,15
523947434,39,15,24,13
523947441,25,12,13,10
523947442,0,0,0,0
523947443,25,10,15,7
523947444,31,14,17,7
523947451,0,0,0,0
523947452,67,34,33,24
523947453,1,1,0,1
523947454,49,24,25,14
523947461,48,27,21,15
523947462,51,25,26,18
523947463,82,40,42,26
523947464,40,23,17,18
523947471,88,41,47,30
523947472,41,17,24,12
523947473,23,10,13,8
523947474,38,19,19,16
523947481,0,0,0,0
523947482,6,3,3,3
523947483,0,0,0,0
523947484,60,29,31,19
523947491,3,2,1,1
523947492,3,1,2,1
523947493,98,45,53,31
523947494,58,30,28,23
523947501,0,0,0,0
523947502,0,0,0,0
523947503,0,0,0,0
523947504,0,0,0,0
523947511,16,7,9,5
523947512,167,78,89,49
523947513,9,3,6,3
523947514,62,30,32,16
523947521,33,14,19,11
523947522,5,3,2,3
523947523,5,3,2,2
523947524,0,0,0,0
523947531,22,11,11,10
523947532,30,14,16,12
523947533,0,0,0,0
523947534,0,0,0,0
523947541,57,25,32,22
523947542,58,32,26,20
523947543,2,1,1,2
523947544,12,5,7,2
523947551,12,7,5,4
523947552,42,21,21,12
523947553,9,5,4,3
523947554,14,8,6,6
523947561,51,29,22,17
523947562,35,15,20,15
523947563,38,18,20,16
523947564,69,32,37,25
523947571,45,21,24,19
523947572,10,7,3,4
523947573,29,12,17,10
523947574,0,0,0,0
523947581,0,0,0,0
523947582,3,2,1,2
523947583,0,0,0,0
523947584,0,0,0,0
523947591,131,69,62,49
523947592,91,46,45,25
523947593,52,25,27,15
523947594,44,23,21,11
523947601,0,0,0,0
523947602,0,0,0,0
523947603,0,0,0,0
523947604,0,0,0,0
523947611,13,6,7,5
523947612,63,29,34,24
523947613,35,15,20,12
523947614,80,36,44,26
523947621,1,1,0,1
523947622,0,0,0,0
523947623,6,3,3,1
523947624,0,0,0,0
523947631,0,0,0,0
523947632,0,0,0,0
523947633,0,0,0,0
523947634,0,0,0,0
523947641,2,1,1,1
523947642,0,0,0,0
523947643,0,0,0,0
523947644,0,0,0,0
523947651,13,5,8,5
523947652,44,19,25,13
523947653,16,7,9,6
523947654,47,24,23,19
523947661,51,25,26,23
523947662,27,13,14,8
523947663,93,44,49,25
523947664,129,40,89,19
523947671,23,13,10,6
523947672,4,0,4,1
523947673,0,0,0,0
523947674,25,9,16,8
523947681,0,0,0,0
523947682,21,10,11,8
523947683,0,0,0,0
523947684,86,58,28,13
523947691,105,51,54,36
523947692,18,9,9,7
523947693,27,14,13,11
523947694,25,12,13,7
523947701,0,0,0,0
523947702,0,0,0,0
523947703,0,0,0,0
523947704,0,0,0,0
523947711,28,13,15,14
523947712,49,24,25,17
523947713,0,0,0,0
523947714,37,17,20,11
523947721,48,22,26,14
523947722,12,2,10,5
523947723,26,12,14,9
523947724,34,16,18,15
523947731,0,0,0,0
523947732,12,6,6,4
523947733,23,12,11,8
523947734,22,9,13,10
523947741,0,0,0,0
523947742,6,3,3,1
523947743,7,5,2,3
523947744,0,0,0,0
523947751,16,7,9,7
523947752,16,2,14,11
523947753,0,0,0,0
523947754,2,0,2,2
523947761,44,26,18,14
523947762,59,25,34,16
523947763,11,5,6,4
523947764,58,32,26,27
523947771,3,2,1,2
523947772,1,0,1,1
523947773,43,25,18,12
523947774,9,5,4,4
523947781,0,0,0,0
523947782,21,10,11,6
523947783,0,0,0,0
523947784,0,0,0,0
523947893,7,3,4,2
523947894,20,11,9,6
523947901,0,0,0,0
523947902,0,0,0,0
523947903,0,0,0,0
523947904,0,0,0,0
523947911,0,0,0,0
523947912,46,20,26,19
523947913,0,0,0,0
523947914,0,0,0,0
523947921,24,13,11,10
523947922,0,0,0,0
523947923,58,31,27,22
523947924,0,0,0,0
523947931,0,0,0,0
523947932,0,0,0,0
523947933,0,0,0,0
523947934,0,0,0,0
523947941,0,0,0,0
523947942,0,0,0,0
523947943,0,0,0,0
523947944,0,0,0,0
523947951,0,0,0,0
523947952,1,0,1,1
523947953,0,0,0,0
523947954,0,0,0,0
523947961,8,2,6,3
523947962,5,2,3,3
523947963,0,0,0,0
523947964,0,0,0,0
523947971,9,3,6,4
523947972,13,6,7,3
523947973,0,0,0,0
523947974,7,3,4,3
523947981,0,0,0,0
523947982,0,0,0,0
523947983,0,0,0,0
523947984,0,0,0,0
523947991,0,0,0,0
523947992,19,9,10,7
523947993,28,14,14,9
523947994,26,15,11,10
523956071,129,62,67,43
523956072,384,168,216,139
523956073,84,42,42,26
523956074,482,231,251,193
523956081,73,38,35,28
523956082,22,11,11,9
523956083,264,130,134,101
523956084,59,26,33,23
523956091,14,6,8,6
523956092,14,7,7,4
523956093,30,13,17,15
523956094,134,70,64,45
523956163,0,0,0,0
523956164,0,0,0,0
523956171,141,66,75,46
523956172,387,184,203,158
523956173,202,82,120,33
523956174,136,71,65,56
523956181,270,131,139,97
523956182,89,46,43,37
523956183,6,3,3,3
523956184,58,28,30,21
523956191,100,48,52,38
523956192,18,8,10,5
523956193,7,4,3,3
523956194,0,0,0,0
523956252,0,0,0,0
523956261,237,117,120,91
523956262,39,16,23,19
523956263,60,27,33,24
523956264,258,125,133,101
523956271,37,16,21,13
523956272,90,42,48,30
523956273,37,21,16,20
523956274,65,25,40,22
523956281,12,5,7,5
523956282,45,18,27,17
523956283,13,7,6,5
523956284,10,5,5,6
523956291,56,28,28,19
523956292,0,0,0,0
523956293,45,21,24,18
523956294,99,51,48,32
523956361,782,392,390,315
523956362,448,215,233,177
523956363,565,265,300,232
523956364,386,175,211,155
523956371,476,233,243,157
523956372,127,60,67,49
523956373,120,58,62,47
523956374,128,60,68,44
523956381,0,0,0,0
523956382,26,15,11,8
523956383,0,0,0,0
523956384,0,0,0,0
523956391,0,0,0,0
523956392,0,0,0,0
523956393,0,0,0,0
523956394,6,4,2,2
523956461,283,137,146,95
523956462,361,176,185,132
523956464,138,74,64,49
523956471,0,0,0,0
523956472,7,4,3,4
523956473,72,36,36,22
523956474,14,6,8,5
523956481,16,8,8,5
523956482,80,36,44,33
523956483,8,4,4,4
523956484,37,21,16,15
523956491,61,29,32,22
523956492,102,49,53,37
523956493,58,29,29,21
523956494,44,24,20,14
523956562,29,16,13,8
523956571,82,37,45,29
523956572,0,0,0,0
523956573,164,88,76,64
523956574,14,5,9,6
523956581,0,0,0,0
523956582,0,0,0,0
523956583,10,6,4,2
523956584,16,9,7,6
523956591,5,1,4,3
523956592,5,3,2,2
523956593,24,14,10,12
523956594,0,0,0,0
523956662,57,24,33,21
523956664,248,120,128,107
523956671,384,193,191,161
523956672,2,2,0,2
523956673,596,269,327,253
523956674,150,70,80,64
523956681,14,8,6,5
523956682,0,0,0,0
523956683,7,3,4,3
523956684,0,0,0,0
523956691,0,0,0,0
523956692,0,0,0,0
523956693,0,0,0,0
523956694,1,0,1,1
523956762,278,132,146,121
523956763,13,5,8,5
523956764,142,74,68,61
523956771,240,106,134,93
523956772,154,48,106,30
523956773,19,9,10,8
523956774,24,11,13,5
523956781,114,54,60,45
523956782,54,25,29,15
523956783,2,1,1,1
523956784,9,4,5,6
523956791,38,18,20,10
523956792,16,10,6,5
523956793,0,0,0,0
523956794,4,1,3,2
523956852,0,0,0,0
523956853,0,0,0,0
523956854,0,0,0,0
523956861,10,5,5,4
523956862,14,6,8,6
523956863,0,0,0,0
523956864,0,0,0,0
523956871,0,0,0,0
523956872,0,0,0,0
523956873,0,0,0,0
523956874,0,0,0,0
523956881,0,0,0,0
523956882,0,0,0,0
523956883,0,0,0,0
523956884,0,0,0,0
523956891,0,0,0,0
523956892,4,2,2,2
523956893,0,0,0,0
523956894,0,0,0,0
523956951,0,0,0,0
523956952,106,52,54,41
523956954,475,239,236,178
523956961,0,0,0,0
523956962,0,0,0,0
523956963,79,38,41,33
523956964,3,2,1,2
523956971,0,0,0,0
523956972,0,0,0,0
523956973,0,0,0,0
523956974,0,0,0,0
523956981,0,0,0,0
523956982,0,0,0,0
523956983,0,0,0,0
523956984,0,0,0,0
523956991,0,0,0,0
523956992,0,0,0,0
523956993,0,0,0,0
523956994,0,0,0,0
523957001,9,4,5,4
523957002,0,0,0,0
523957003,17,9,8,10
523957004,0,0,0,0
523957011,5,3,2,2
523957012,17,9,8,7
523957013,29,12,17,9
523957014,26,14,12,11
523957021,29,15,14,15
523957022,20,7,13,6
523957023,89,45,44,28
523957024,25,11,14,11
523957031,0,0,0,0
523957032,0,0,0,0
523957033,27,13,14,11
523957034,0,0,0,0
523957041,0,0,0,0
523957042,0,0,0,0
523957043,0,0,0,0
523957044,0,0,0,0
523957051,0,0,0,0
523957052,0,0,0,0
523957053,0,0,0,0
523957054,0,0,0,0
523957061,0,0,0,0
523957062,0,0,0,0
523957063,0,0,0,0
523957064,0,0,0,0
523957071,0,0,0,0
523957072,0,0,0,0
523957073,7,4,3,4
523957074,34,17,17,16
523957081,0,0,0,0
523957082,0,0,0,0
523957083,12,6,6,4
523957084,5,2,3,3
523957091,0,0,0,0
523957092,0,0,0,0
523957093,20,11,9,11
523957094,13,8,5,7
523957101,0,0,0,0
523957102,0,0,0,0
523957103,0,0,0,0
523957104,0,0,0,0
523957111,8,3,5,5
523957112,28,13,15,11
523957113,18,10,8,7
523957114,63,33,30,20
523957121,16,9,7,8
523957122,66,27,39,23
523957123,40,21,19,16
523957124,0,0,0,0
523957131,24,15,9,11
523957132,8,3,5,2
523957133,125,46,79,31
523957134,53,24,29,19
523957141,0,0,0,0
523957142,0,0,0,0
523957143,71,33,38,20
523957144,29,14,15,9
523957151,6,3,3,3
523957152,0,0,0,0
523957153,47,23,24,16
523957154,46,23,23,12
523957161,4,2,2,2
523957162,0,0,0,0
523957163,23,11,12,9
523957164,31,12,19,11
523957171,0,0,0,0
523957172,39,19,20,15
523957173,3,1,2,2
523957174,18,9,9,9
523957181,19,9,10,8
523957182,5,2,3,2
523957183,20,10,10,8
523957184,36,19,17,10
523957191,13,5,8,4
523957192,9,4,5,3
523957193,32,19,13,17
523957194,4,2,2,2
523957201,4,1,3,1
523957202,16,7,9,3
523957203,19,10,9,9
523957204,0,0,0,0
523957211,56,26,30,18
523957212,53,24,29,16
523957213,29,14,15,10
523957214,41,22,19,15
523957221,22,10,12,8
523957222,10,5,5,5
523957223,26,12,14,10
523957224,9,4,5,3
523957231,29,15,14,11
523957232,36,18,18,13
523957233,0,0,0,0
523957234,15,8,7,6
523957241,11,6,5,5
523957242,20,9,11,8
523957243,24,13,11,9
523957244,4,3,1,1
523957251,22,13,9,7
523957252,26,11,15,9
523957253,0,0,0,0
523957254,0,0,0,0
523957261,6,2,4,2
523957262,15,7,8,5
523957263,0,0,0,0
523957264,0,0,0,0
523957271,1,0,1,1
523957272,0,0,0,0
523957273,0,0,0,0
523957274,0,0,0,0
523957281,1,0,1,1
523957282,5,2,3,2
523957283,0,0,0,0
523957284,0,0,0,0
523957291,12,7,5,3
523957292,21,11,10,7
523957293,2,2,0,2
523957294,7,3,4,3
523957301,0,0,0,0
523957302,0,0,0,0
523957303,21,9,12,10
523957304,35,16,19,14
523957311,0,0,0,0
523957312,0,0,0,0
523957313,5,2,3,3
523957314,0,0,0,0
523957321,0,0,0,0
523957322,0,0,0,0
523957323,0,0,0,0
523957324,0,0,0,0
523957331,0,0,0,0
523957332,0,0,0,0
523957333,0,0,0,0
523957334,0,0,0,0
523957341,0,0,0,0
523957342,5,2,3,2
523957343,2,1,1,2
523957344,9,5,4,3
523957351,7,4,3,2
523957352,0,0,0,0
523957353,41,20,21,10
523957354,0,0,0,0
523957361,0,0,0,0
523957362,0,0,0,0
523957363,0,0,0,0
523957364,0,0,0,0
523957371,0,0,0,0
523957372,0,0,0,0
523957373,0,0,0,0
523957374,0,0,0,0
523957381,0,0,0,0
523957382,0,0,0,0
523957383,0,0,0,0
523957384,68,67,1,1
523957391,0,0,0,0
523957392,0,0,0,0
523957393,3,3,0,1
523957394,0,0,0,0
523957401,87,38,49,33
523957402,68,31,37,29
523957403,20,10,10,8
523957404,0,0,0,0
523957411,109,57,52,39
523957412,0,0,0,0
523957413,3,2,1,2
523957414,0,0,0,0
523957421,6,2,4,2
523957422,0,0,0,0
523957423,29,13,16,15
523957424,27,11,16,13
523957431,0,0,0,0
523957432,0,0,0,0
523957433,9,6,3,4
523957434,0,0,0,0
523957441,0,0,0,0
523957442,9,6,3,4
523957443,5,3,2,3
523957444,0,0,0,0
523957451,48,25,23,17
523957452,22,11,11,11
523957453,10,5,5,4
523957454,9,5,4,5
523957461,9,6,3,2
523957462,0,0,0,0
523957463,13,8,5,4
523957464,0,0,0,0
523957471,0,0,0,0
523957472,15,7,8,6
523957473,1,0,1,1
523957474,17,6,11,6
523957481,4,2,2,3
523957482,0,0,0,0
523957483,14,6,8,4
523957484,9,6,3,4
523957491,0,0,0,0
523957492,0,0,0,0
523957493,0,0,0,0
523957494,5,3,2,2
523957501,1,1,0,1
523957502,0,0,0,0
523957503,0,0,0,0
523957504,0,0,0,0
523957511,0,0,0,0
523957512,0,0,0,0
523957513,0,0,0,0
523957514,0,0,0,0
523957521,6,3,3,4
523957522,10,4,6,3
523957523,8,6,2,5
523957524,3,1,2,2
523957531,16,8,8,7
523957532,0,0,0,0
523957533,0,0,0,0
523957534,1,1,0,1
523957541,0,0,0,0
523957542,8,4,4,2
523957543,5,3,2,2
523957544,7,3,4,2
523957551,4,1,3,1
523957552,0,0,0,0
523957553,0,0,0,0
523957554,12,6,6,5
523957561,0,0,0,0
523957562,21,8,13,7
523957563,0,0,0,0
523957564,57,30,27,23
523957571,43,21,22,16
523957572,14,8,6,4
523957573,21,12,9,7
523957574,49,22,27,16
523957581,5,4,1,2
523957582,10,6,4,3
523957583,0,0,0,0
523957584,11,4,7,6
523957591,0,0,0,0
523957592,4,2,2,3
523957593,23,10,13,7
523957594,34,17,17,12
523957601,0,0,0,0
523957602,4,2,2,1
523957603,18,8,10,8
523957604,13,7,6,6
523957611,7,3,4,2
523957612,2,1,1,1
523957613,8,4,4,3
523957614,0,0,0,0
523957621,39,19,20,14
523957622,9,3,6,5
523957623,7,4,3,4
523957624,19,8,11,8
523957631,2,1,1,1
523957632,23,11,12,9
523957633,12,7,5,5
523957634,0,0,0,0
523957641,10,6,4,4
523957642,17,6,11,7
523957643,0,0,0,0
523957644,0,0,0,0
523957651,14,4,10,3
523957652,36,20,16,9
523957653,0,0,0,0
523957654,7,4,3,3
523957661,51,26,25,20
523957662,29,14,15,11
523957663,38,20,18,18
523957664,33,18,15,9
523957671,21,11,10,10
523957672,8,4,4,2
523957673,46,23,23,15
523957674,34,18,16,16
523957681,32,15,17,12
523957682,42,20,22,16
523957683,61,32,29,19
523957684,103,56,47,38
523957691,212,86,126,17
523957692,63,37,26,21
523957693,97,43,54,38
523957694,56,25,31,25
523957701,68,33,35,28
523957702,56,28,28,18
523957703,27,11,16,10
523957704,2,0,2,2
523957711,46,23,23,15
523957712,3,0,3,2
523957713,0,0,0,0
523957714,10,5,5,5
523957721,3,1,2,1
523957722,0,0,0,0
523957723,23,9,14,11
523957724,0,0,0,0
523957731,13,6,7,7
523957732,29,12,17,9
523957733,8,5,3,5
523957734,0,0,0,0
523957741,6,5,1,3
523957742,15,9,6,7
523957743,0,0,0,0
523957744,0,0,0,0
523957751,5,3,2,1
523957752,18,8,10,11
523957753,0,0,0,0
523957754,0,0,0,0
523957761,30,12,18,9
523957762,88,40,48,37
523957763,0,0,0,0
523957764,24,12,12,9
523957771,144,60,84,54
523957772,73,30,43,26
523957773,5,3,2,2
523957774,2,1,1,1
523957781,36,14,22,11
523957782,28,15,13,10
523957783,0,0,0,0
523957784,14,7,7,4
523957791,20,9,11,9
523957792,30,17,13,11
523957793,3,1,2,1
523957794,11,5,6,5
523957801,0,0,0,0
523957802,0,0,0,0
523957803,0,0,0,0
523957804,0,0,0,0
523957811,8,4,4,2
523957812,3,1,2,2
523957813,0,0,0,0
523957814,0,0,0,0
523957821,0,0,0,0
523957822,0,0,0,0
523957823,5,2,3,4
523957824,5,2,3,2
523957831,13,7,6,6
523957832,0,0,0,0
523957833,6,4,2,3
523957834,0,0,0,0
523957841,0,0,0,0
523957842,0,0,0,0
523957843,0,0,0,0
523957844,0,0,0,0
523957851,13,8,5,4
523957852,11,5,6,3
523957853,0,0,0,0
523957854,0,0,0,0
523957861,1,0,1,1
523957862,0,0,0,0
523957863,0,0,0,0
523957864,9,5,4,4
523957871,3,2,1,1
523957872,0,0,0,0
523957873,0,0,0,0
523957874,0,0,0,0
523957881,0,0,0,0
523957882,0,0,0,0
523957883,0,0,0,0
523957884,0,0,0,0
523957891,0,0,0,0
523957892,0,0,0,0
523957893,0,0,0,0
523957894,0,0,0,0
523957901,0,0,0,0
523957902,1,1,0,1
523957903,0,0,0,0
523957904,0,0,0,0
523957911,5,4,1,3
523957912,0,0,0,0
523957913,0,0,0,0
523957914,0,0,0,0
523957921,0,0,0,0
523957922,0,0,0,0
523957923,0,0,0,0
523957924,0,0,0,0
523957931,13,7,6,5
523957932,0,0,0,0
523957933,5,2,3,4
523957934,0,0,0,0
523957941,2,1,1,1
523957942,0,0,0,0
523957943,10,4,6,3
523957944,0,0,0,0
523957951,0,0,0,0
523957952,4,2,2,2
523957953,0,0,0,0
523957954,0,0,0,0
523957961,0,0,0,0
523957962,6,3,3,3
523957963,0,0,0,0
523957964,9,4,5,4
523957971,4,3,1,1
523957972,0,0,0,0
523957973,0,0,0,0
523957974,0,0,0,0
523957981,0,0,0,0
523957982,0,0,0,0
523957983,0,0,0,0
523957984,0,0,0,0
523957991,0,0,0,0
523957992,0,0,0,0
523957993,0,0,0,0
523957994,0,0,0,0
523966682,0,0,0,0
523966691,131,65,66,51
523966692,735,351,384,291
523966693,0,0,0,0
523966694,281,136,145,114
523977111,178,97,81,65
523977112,90,44,46,30
523977113,162,85,77,63
523977114,95,36,59,22
523977121,25,12,13,7
523977122,20,11,9,6
523977123,35,16,19,14
523977124,48,22,26,17
523977131,0,0,0,0
523977132,0,0,0,0
523977133,0,0,0,0
523977134,0,0,0,0
523977141,0,0,0,0
523977142,0,0,0,0
523977143,0,0,0,0
523977144,0,0,0,0
523977151,0,0,0,0
523977152,0,0,0,0
523977153,0,0,0,0
523977154,0,0,0,0
523977161,0,0,0,0
523977162,0,0,0,0
523977163,4,2,2,2
523977164,0,0,0,0
523977171,0,0,0,0
523977172,0,0,0,0
523977173,0,0,0,0
523977174,0,0,0,0
523977181,26,12,14,12
523977182,12,10,2,9
523977183,0,0,0,0
523977184,0,0,0,0
523977191,22,10,12,6
523977192,127,60,67,33
523977193,63,32,31,16
523977194,0,0,0,0
523977201,34,17,17,11
523977202,10,4,6,4
523977203,13,6,7,4
523977204,15,6,9,5
523977211,33,17,16,9
523977212,36,19,17,12
523966051,6,4,2,3
523966052,319,158,161,121
523966053,19,9,10,12
523966054,55,31,24,19
523966061,219,98,121,78
523966062,3,1,2,1
523966063,0,0,0,0
523966064,19,9,10,7
523966071,0,0,0,0
523966072,0,0,0,0
523966073,0,0,0,0
523966074,0,0,0,0
523966081,0,0,0,0
523966082,0,0,0,0
523966083,0,0,0,0
523966084,0,0,0,0
523966091,0,0,0,0
523966092,0,0,0,0
523966093,0,0,0,0
523966094,0,0,0,0
523966151,17,7,10,6
523966152,137,50,87,18
523966153,3,1,2,2
523966154,12,4,8,3
523966161,37,24,13,10
523966162,0,0,0,0
523966163,2,1,1,1
523966164,0,0,0,0
523966171,0,0,0,0
523966172,0,0,0,0
523966173,0,0,0,0
523966174,6,3,3,2
523966181,0,0,0,0
523966182,0,0,0,0
523966183,0,0,0,0
523966184,0,0,0,0
523966191,26,15,11,9
523966192,0,0,0,0
523966193,30,11,19,9
523966194,0,0,0,0
523966251,0,0,0,0
523966252,10,5,5,6
523966253,0,0,0,0
523966254,24,12,12,9
523966261,0,0,0,0
523966262,0,0,0,0
523966263,37,15,22,10
523966264,9,4,5,2
523966271,0,0,0,0
523966272,12,6,6,4
523966273,0,0,0,0
523966274,0,0,0,0
523966281,2,1,1,1
523966282,0,0,0,0
523966283,0,0,0,0
523966284,1,0,1,1
523966291,28,12,16,11
523966292,0,0,0,0
523966293,56,27,29,16
523966294,0,0,0,0
523966352,71,37,34,24
523966354,30,15,15,13
523966361,11,5,6,7
523966362,0,0,0,0
523966363,224,110,114,80
523966364,3,1,2,2
523966371,0,0,0,0
523966372,0,0,0,0
523966373,0,0,0,0
523966374,0,0,0,0
523966381,29,17,12,9
523966382,9,5,4,3
523966383,51,28,23,14
523966384,43,21,22,14
523966391,26,13,13,7
523966392,0,0,0,0
523966393,0,0,0,0
523966394,1,1,0,1
523966461,66,32,34,17
523966462,134,68,66,48
523966464,11,6,5,4
523966471,18,10,8,8
523966472,27,13,14,7
523966473,131,59,72,45
523966474,387,190,197,130
523966481,36,18,18,16
523966482,24,10,14,9
523966483,184,87,97,39
523966484,0,0,0,0
523966491,0,0,0,0
523966492,0,0,0,0
523966493,0,0,0,0
523966494,0,0,0,0
523966571,3,2,1,1
523966572,229,120,109,85
523966574,20,10,10,10
523966581,103,53,50,43
523966582,9,3,6,7
523966583,45,21,24,16
523966584,11,6,5,8
523966591,42,21,21,14
523966592,101,48,53,34
523966593,120,60,60,44
523966594,564,284,280,216
523966792,81,39,42,35
523966794,23,14,9,9
523966892,14,8,6,4
523966894,50,23,27,17
523966991,0,0,0,0
523966992,53,25,28,19
523966993,47,28,19,16
523966994,101,54,47,35
523967001,0,0,0,0
523967002,0,0,0,0
523967003,0,0,0,0
523967004,0,0,0,0
523967011,0,0,0,0
523967012,0,0,0,0
523967013,0,0,0,0
523967014,0,0,0,0
523967021,0,0,0,0
523967022,0,0,0,0
523967023,0,0,0,0
523967024,0,0,0,0
523967031,0,0,0,0
523967032,39,21,18,14
523967033,0,0,0,0
523967034,21,10,11,9
523967041,0,0,0,0
523967042,0,0,0,0
523967043,0,0,0,0
523967044,0,0,0,0
523967051,0,0,0,0
523967052,0,0,0,0
523967053,0,0,0,0
523967054,0,0,0,0
523967061,18,9,9,6
523967062,4,1,3,2
523967063,32,18,14,11
523967064,50,37,13,5
523967071,0,0,0,0
523967072,0,0,0,0
523967073,16,8,8,5
523967074,45,22,23,13
523967081,0,0,0,0
523967082,0,0,0,0
523967083,0,0,0,0
523967084,0,0,0,0
523967091,0,0,0,0
523967092,0,0,0,0
523967093,0,0,0,0
523967094,0,0,0,0
523967101,0,0,0,0
523967102,0,0,0,0
523967103,0,0,0,0
523967104,0,0,0,0
523967111,0,0,0,0
523967112,1,0,1,1
523967113,32,17,15,13
523967114,11,5,6,4
523967121,3,2,1,1
523967122,0,0,0,0
523967123,11,4,7,3
523967124,7,4,3,3
523967131,5,2,3,1
523967132,26,11,15,7
523967133,2,1,1,1
523967134,6,3,3,3
523967141,0,0,0,0
523967142,8,3,5,2
523967143,32,15,17,6
523967144,8,5,3,2
523967151,0,0,0,0
523967152,0,0,0,0
523967153,0,0,0,0
523967154,0,0,0,0
523967161,0,0,0,0
523967162,13,6,7,6
523967163,20,10,10,5
523967164,56,26,30,19
523967171,0,0,0,0
523967172,0,0,0,0
523967173,0,0,0,0
523967174,0,0,0,0
523967181,0,0,0,0
523967182,0,0,0,0
523967183,0,0,0,0
523967184,0,0,0,0
523967191,0,0,0,0
523967192,0,0,0,0
523967193,0,0,0,0
523967194,0,0,0,0
523967201,0,0,0,0
523967202,0,0,0,0
523967203,0,0,0,0
523967204,15,7,8,2
523967211,35,18,17,12
523967212,0,0,0,0
523967213,7,5,2,3
523967214,0,0,0,0
523967221,0,0,0,0
523967222,26,16,10,12
523967223,0,0,0,0
523967224,0,0,0,0
523967231,0,0,0,0
523967232,6,3,3,3
523967233,0,0,0,0
523967234,0,0,0,0
523967241,23,11,12,8
523967242,41,20,21,9
523967243,10,5,5,3
523967244,6,3,3,2
523967251,0,0,0,0
523967252,0,0,0,0
523967253,0,0,0,0
523967254,6,3,3,1
523967261,60,28,32,17
523967262,35,21,14,10
523967263,138,46,92,33
523967264,12,6,6,3
523967271,0,0,0,0
523967272,4,2,2,1
523967273,9,7,2,2
523967274,3,1,2,2
523967281,0,0,0,0
523967282,0,0,0,0
523967283,0,0,0,0
523967284,0,0,0,0
523967291,0,0,0,0
523967292,0,0,0,0
523967293,0,0,0,0
523967294,0,0,0,0
523967301,7,2,5,2
523967302,17,10,7,4
523967303,79,36,43,26
523967304,49,22,27,14
523967311,7,3,4,3
523967312,0,0,0,0
523967313,0,0,0,0
523967314,0,0,0,0
523967321,0,0,0,0
523967322,0,0,0,0
523967323,25,10,15,6
523967324,5,3,2,2
523967331,0,0,0,0
523967332,0,0,0,0
523967333,0,0,0,0
523967334,0,0,0,0
523967341,10,6,4,3
523967342,6,3,3,2
523967343,20,11,9,6
523967344,43,22,21,14
523967351,2,1,1,1
523967352,20,9,11,10
523967353,0,0,0,0
523967354,33,16,17,11
523967361,34,16,18,12
523967362,0,0,0,0
523967363,49,27,22,14
523967364,0,0,0,0
523967371,0,0,0,0
523967372,0,0,0,0
523967373,0,0,0,0
523967374,0,0,0,0
523967381,0,0,0,0
523967382,0,0,0,0
523967383,0,0,0,0
523967384,0,0,0,0
523967391,0,0,0,0
523967392,0,0,0,0
523967393,0,0,0,0
523967394,0,0,0,0
523967401,56,27,29,19
523967402,0,0,0,0
523967403,22,13,9,8
523967404,50,27,23,1
523967411,0,0,0,0
523967412,0,0,0,0
523967413,0,0,0,0
523967414,0,0,0,0
523967421,13,7,6,3
523967422,0,0,0,0
523967423,6,4,2,3
523967424,0,0,0,0
523967431,0,0,0,0
523967432,7,3,4,2
523967433,31,17,14,10
523967434,29,13,16,6
523967441,15,9,6,7
523967442,10,1,9,2
523967443,26,12,14,8
523967444,0,0,0,0
523967451,0,0,0,0
523967452,73,32,41,23
523967453,45,21,24,17
523967454,31,19,12,13
523967461,0,0,0,0
523967462,0,0,0,0
523967463,0,0,0,0
523967464,0,0,0,0
523967471,0,0,0,0
523967472,0,0,0,0
523967473,6,3,3,2
523967474,0,0,0,0
523967481,0,0,0,0
523967482,0,0,0,0
523967483,0,0,0,0
523967484,0,0,0,0
523967491,0,0,0,0
523967492,0,0,0,0
523967493,0,0,0,0
523967494,0,0,0,0
523967501,34,16,18,12
523967502,54,24,30,21
523967503,274,136,138,99
523967504,109,51,58,36
523967511,54,30,24,17
523967512,101,50,51,33
523967513,69,38,31,25
523967514,109,59,50,43
523967521,56,28,28,17
523967522,8,4,4,3
523967523,16,6,10,7
523967524,43,19,24,14
523967531,53,22,31,14
523967532,100,48,52,27
523967533,84,45,39,24
523967534,85,37,48,28
523967541,56,31,25,17
523967542,53,24,29,17
523967543,133,63,70,39
523967544,26,13,13,8
523967551,4,2,2,2
523967552,85,41,44,20
523967553,24,11,13,8
523967554,29,14,15,10
523967561,0,0,0,0
523967562,15,9,6,6
523967563,22,8,14,8
523967564,18,12,6,8
523967571,1,1,0,1
523967572,0,0,0,0
523967573,19,9,10,7
523967574,27,14,13,8
523967581,0,0,0,0
523967582,0,0,0,0
523967583,0,0,0,0
523967584,0,0,0,0
523967591,0,0,0,0
523967592,0,0,0,0
523967593,0,0,0,0
523967594,0,0,0,0
523967601,329,166,163,124
523967602,192,90,102,64
523967603,181,93,88,56
523967604,56,28,28,21
523967611,206,105,101,71
523967612,269,127,142,101
523967613,87,43,44,27
523967614,83,40,43,27
523967621,136,64,72,42
523967622,58,26,32,23
523967623,53,23,30,19
523967624,54,27,27,20
523967631,146,75,71,53
523967632,23,12,11,6
523967633,20,11,9,7
523967634,54,28,26,20
523967641,90,46,44,24
523967642,86,40,46,29
523967643,52,30,22,17
523967644,41,19,22,13
523967651,44,24,20,13
523967652,32,18,14,11
523967653,6,3,3,3
523967654,0,0,0,0
523967661,29,17,12,9
523967662,0,0,0,0
523967663,0,0,0,0
523967664,0,0,0,0
523967671,5,2,3,2
523967672,2,1,1,1
523967673,0,0,0,0
523967674,0,0,0,0
523967681,0,0,0,0
523967682,0,0,0,0
523967683,0,0,0,0
523967684,0,0,0,0
523967691,12,4,8,3
523967692,0,0,0,0
523967693,0,0,0,0
523967694,0,0,0,0
523967701,102,46,56,41
523967702,46,26,20,17
523967703,20,10,10,8
523967704,0,0,0,0
523967711,55,28,27,17
523967712,39,21,18,12
523967713,30,12,18,11
523967714,33,16,17,9
523967721,4,2,2,1
523967722,55,23,32,15
523967723,65,33,32,21
523967724,70,37,33,24
523967731,29,15,14,11
523967732,0,0,0,0
523967733,0,0,0,0
523967734,0,0,0,0
523967741,0,0,0,0
523967742,10,3,7,3
523967743,0,0,0,0
523967744,2,0,2,2
523967751,0,0,0,0
523967752,8,3,5,4
523967753,0,0,0,0
523967754,0,0,0,0
523967761,6,2,4,2
523967762,14,8,6,5
523967763,0,0,0,0
523967764,0,0,0,0
523967771,0,0,0,0
523967772,6,4,2,2
523967773,0,0,0,0
523967774,0,0,0,0
523967781,14,8,6,3
523967782,0,0,0,0
523967783,3,1,2,1
523967784,0,0,0,0
523967791,16,8,8,5
523967792,48,21,27,17
523967793,0,0,0,0
523967794,33,17,16,11
523967801,29,16,13,8
523967802,0,0,0,0
523967803,18,9,9,7
523967804,0,0,0,0
523967811,0,0,0,0
523967812,0,0,0,0
523967813,0,0,0,0
523967814,0,0,0,0
523967821,0,0,0,0
523967822,6,3,3,2
523967823,0,0,0,0
523967824,0,0,0,0
523967831,0,0,0,0
523967832,0,0,0,0
523967833,0,0,0,0
523967834,0,0,0,0
523967841,0,0,0,0
523967842,0,0,0,0
523967843,0,0,0,0
523967844,0,0,0,0
523967851,5,3,2,3
523967852,0,0,0,0
523967853,0,0,0,0
523967854,0,0,0,0
523967861,8,4,4,2
523967862,29,15,14,8
523967863,15,7,8,4
523967864,21,13,8,6
523967871,11,5,6,3
523967872,19,10,9,9
523967873,1,0,1,1
523967874,1,1,0,1
523967881,0,0,0,0
523967882,0,0,0,0
523967883,0,0,0,0
523967884,0,0,0,0
523967891,16,9,7,4
523967892,41,21,20,13
523967893,28,13,15,10
523967894,60,29,31,16
523967901,28,14,14,10
523967902,0,0,0,0
523967903,8,3,5,3
523967904,0,0,0,0
523967911,0,0,0,0
523967912,0,0,0,0
523967913,17,8,9,4
523967914,0,0,0,0
523967921,0,0,0,0
523967922,0,0,0,0
523967923,0,0,0,0
523967924,0,0,0,0
523967931,0,0,0,0
523967932,0,0,0,0
523967933,0,0,0,0
523967934,0,0,0,0
523967941,0,0,0,0
523967942,0,0,0,0
523967943,0,0,0,0
523967944,0,0,0,0
523967951,0,0,0,0
523967952,5,3,2,2
523967953,0,0,0,0
523967954,5,2,3,2
523967961,0,0,0,0
523967962,0,0,0,0
523967963,0,0,0,0
523967964,0,0,0,0
523967971,0,0,0,0
523967972,0,0,0,0
523967973,0,0,0,0
523967974,0,0,0,0
523967981,0,0,0,0
523967982,0,0,0,0
523967983,0,0,0,0
523967984,0,0,0,0
523967991,27,13,14,10
523967992,72,37,35,25
523967993,29,13,16,10
523967994,125,58,67,37
523975791,0,0,0,0
523975792,0,0,0,0
523975793,0,0,0,0
523975794,0,0,0,0
523976084,0,0,0,0
523976091,234,111,123,84
523976092,158,77,81,66
523976093,141,76,65,46
523976094,88,43,45,33
523976182,0,0,0,0
523976183,0,0,0,0
523976184,0,0,0,0
523976191,17,11,6,5
523976192,69,33,36,19
523976193,1,0,1,1
523976194,26,12,14,8
523976272,0,0,0,0
523976274,0,0,0,0
523976281,0,0,0,0
523976282,66,33,33,19
523976283,73,34,39,27
523976284,172,84,88,53
523976291,142,68,74,46
523976292,18,9,9,8
523976293,103,51,52,40
523976294,6,4,2,2
523976372,0,0,0,0
523976381,454,218,236,161
523976382,338,164,174,119
523976383,488,230,258,160
523976384,432,214,218,153
523976391,237,122,115,83
523976392,13,5,8,4
523976393,68,32,36,25
523976394,54,29,25,13
523976474,81,36,45,31
523976481,261,125,136,96
523976482,577,261,316,212
523976483,330,164,166,136
523976484,634,325,309,259
523976491,119,57,62,43
523976492,48,28,20,13
523976493,68,36,32,20
523976494,191,94,97,51
523976563,0,0,0,0
523976564,17,7,10,5
523976571,20,9,11,6
523976572,286,140,146,110
523976573,178,90,88,46
523976574,179,83,96,66
523976581,401,191,210,143
523976582,536,264,272,225
523976583,268,151,117,117
523976584,705,344,361,284
523976591,265,128,137,87
523976592,384,184,200,118
523976593,452,228,224,153
523976594,230,118,112,81
523976643,0,0,0,0
523976644,0,0,0,0
523976651,0,0,0,0
523976652,0,0,0,0
523976653,86,40,46,28
523976654,366,181,185,126
523976661,0,0,0,0
523976662,71,42,29,22
523976663,309,110,199,68
523976664,127,60,67,39
523976671,126,58,68,33
523976672,68,36,32,23
523976673,28,14,14,9
523976674,22,9,13,9
523976681,22,8,14,8
523976682,207,107,100,71
523976683,43,20,23,10
523976684,43,25,18,13
523976691,222,111,111,76
523976692,97,44,53,26
523976693,40,22,18,14
523976694,53,30,23,15
523976722,0,0,0,0
523976724,0,0,0,0
523976731,0,0,0,0
523976732,0,0,0,0
523976733,0,0,0,0
523976734,0,0,0,0
523976741,0,0,0,0
523976742,46,23,23,20
523976743,0,0,0,0
523976744,152,82,70,58
523976751,727,360,367,277
523976752,857,484,373,383
523976753,972,475,497,344
523976754,933,445,488,313
523976761,186,103,83,70
523976762,131,72,59,34
523976763,241,118,123,69
523976764,180,80,100,56
523976771,75,38,37,21
523976772,60,28,32,21
523976773,59,30,29,19
523976774,18,9,9,7
523976781,48,21,27,14
523976782,104,47,57,31
523976783,131,64,67,41
523976784,117,59,58,42
523976791,35,14,21,9
523976792,22,9,13,8
523976793,67,15,52,5
523976794,0,0,0,0
523976851,0,0,0,0
523976852,36,15,21,13
523976853,0,0,0,0
523976854,0,0,0,0
523976861,75,40,35,24
523976862,144,68,76,52
523976863,0,0,0,0
523976864,0,0,0,0
523976871,394,191,203,117
523976872,119,53,66,43
523976873,753,393,360,254
523976874,841,427,414,300
523976881,23,12,11,11
523976882,335,175,160,111
523976883,743,408,335,321
523976884,842,440,402,313
523976891,209,105,104,77
523976892,49,22,27,15
523976893,549,276,273,213
523976894,122,57,65,37
523976951,0,0,0,0
523976952,0,0,0,0
523976961,0,0,0,0
523976962,0,0,0,0
523976963,0,0,0,0
523976964,0,0,0,0
523976971,143,105,38,96
523976972,1007,539,468,403
523976973,0,0,0,0
523976974,355,199,156,148
523976981,884,447,437,327
523976982,902,461,441,332
523976983,1328,701,627,560
523976984,804,415,389,296
523976991,467,313,154,284
523976992,78,37,41,26
523976993,398,204,194,143
523976994,1019,540,479,403
523977001,55,31,24,20
523977002,37,17,20,16
523977003,82,37,45,23
523977004,55,27,28,17
523977011,20,11,9,4
523977012,0,0,0,0
523977013,22,11,11,8
523977014,0,0,0,0
523977021,9,4,5,4
523977022,0,0,0,0
523977023,23,11,12,7
523977024,0,0,0,0
523977031,0,0,0,0
523977032,0,0,0,0
523977033,0,0,0,0
523977034,0,0,0,0
523977041,0,0,0,0
523977042,0,0,0,0
523977043,0,0,0,0
523977044,0,0,0,0
523977051,16,9,7,7
523977052,0,0,0,0
523977053,0,0,0,0
523977054,0,0,0,0
523977061,0,0,0,0
523977062,0,0,0,0
523977063,0,0,0,0
523977064,46,22,24,13
523977071,9,6,3,3
523977072,0,0,0,0
523977073,15,5,10,8
523977074,0,0,0,0
523977081,0,0,0,0
523977082,0,0,0,0
523977083,0,0,0,0
523977084,0,0,0,0
523977091,7,5,2,2
523977092,152,62,90,46
523977093,33,21,12,9
523977094,102,52,50,33
523977101,261,119,142,91
523977102,210,108,102,77
523977103,232,113,119,81
523977104,113,56,57,37
523977213,24,12,12,8
523977214,30,17,13,10
523977221,14,8,6,4
523977222,19,10,9,7
523977223,28,14,14,9
523977224,3,1,2,1
523977231,7,4,3,4
523977232,17,7,10,4
523977233,43,25,18,11
523977234,34,17,17,11
523977241,0,0,0,0
523977242,0,0,0,0
523977243,32,17,15,9
523977244,0,0,0,0
523977251,0,0,0,0
523977252,7,3,4,3
523977253,0,0,0,0
523977254,0,0,0,0
523977261,4,3,1,2
523977262,0,0,0,0
523977263,0,0,0,0
523977264,0,0,0,0
523977271,0,0,0,0
523977272,0,0,0,0
523977273,0,0,0,0
523977274,0,0,0,0
523977281,0,0,0,0
523977282,0,0,0,0
523977283,0,0,0,0
523977284,0,0,0,0
523977291,126,67,59,39
523977292,119,60,59,36
523977293,19,10,9,6
523977294,29,19,10,12
523977301,22,8,14,6
523977302,10,3,7,3
523977303,94,41,53,27
523977304,50,27,23,14
523977311,17,8,9,4
523977312,0,0,0,0
523977313,58,24,34,17
523977314,49,21,28,11
523977321,10,5,5,2
523977322,7,4,3,4
523977323,5,3,2,2
523977324,3,1,2,1
523977331,0,0,0,0
523977332,7,4,3,4
523977333,11,6,5,3
523977334,30,15,15,10
523977341,5,1,4,2
523977342,19,10,9,6
523977343,42,12,30,8
523977344,12,7,5,4
523977351,31,17,14,14
523977352,1,1,0,1
523977353,19,9,10,5
523977354,91,58,33,3
523977361,7,2,5,2
523977362,0,0,0,0
523977363,35,15,20,10
523977364,12,7,5,5
523977371,0,0,0,0
523977372,0,0,0,0
523977373,26,15,11,7
523977374,27,13,14,7
523977381,71,38,33,20
523977382,165,78,87,42
523977383,60,32,28,16
523977384,59,27,32,16
523977391,54,24,30,15
523977392,41,20,21,13
523977393,95,50,45,29
523977394,6,4,2,3
523977401,128,66,62,44
523977402,98,51,47,32
523977403,44,18,26,15
523977404,19,10,9,9
523977411,118,54,64,18
523977412,62,32,30,18
523977413,64,31,33,17
523977414,31,15,16,8
523977421,36,17,19,10
523977422,20,10,10,4
523977423,35,15,20,9
523977424,2,1,1,1
523977431,27,13,14,8
523977432,7,3,4,3
523977433,46,25,21,13
523977434,46,24,22,11
523977441,49,21,28,12
523977442,18,12,6,6
523977443,40,18,22,10
523977444,48,25,23,17
523977451,26,12,14,7
523977452,43,20,23,14
523977453,66,29,37,19
523977454,32,16,16,9
523977461,1,1,0,1
523977462,2,1,1,1
523977463,25,12,13,8
523977464,13,8,5,3
523977471,26,7,19,8
523977472,52,26,26,17
523977473,54,28,26,15
523977474,0,0,0,0
523977481,86,50,36,30
523977482,91,48,43,26
523977483,61,29,32,23
523977484,175,80,95,56
523977491,115,61,54,35
523977492,20,10,10,6
523977493,189,101,88,64
523977494,16,6,10,7
523977501,31,15,16,8
523977502,8,5,3,3
523977503,98,53,45,27
523977504,68,33,35,23
523977511,39,17,22,12
523977512,20,9,11,6
523977513,68,32,36,23
523977514,35,17,18,10
523977521,3,1,2,1
523977522,0,0,0,0
523977523,0,0,0,0
523977524,43,21,22,14
523977531,77,38,39,22
523977532,22,11,11,5
523977533,41,17,24,12
523977534,32,17,15,7
523977541,39,18,21,12
523977542,15,8,7,4
523977543,579,300,279,214
523977544,38,17,21,10
523977551,34,19,15,10
523977552,21,14,7,6
523977553,103,57,46,29
523977554,327,162,165,100
523977561,94,54,40,31
523977562,157,77,80,50
523977563,235,108,127,79
523977564,250,126,124,86
523977571,99,48,51,36
523977572,14,7,7,5
523977573,90,42,48,26
523977574,91,47,44,30
523977581,45,24,21,19
523977582,94,44,50,32
523977583,147,77,70,47
523977584,55,31,24,19
523977591,139,71,68,46
523977592,11,7,4,4
523977593,40,16,24,12
523977594,14,8,6,4
523977601,50,22,28,17
523977602,106,59,47,32
523977603,43,21,22,17
523977604,30,13,17,7
523977611,0,0,0,0
523977612,0,0,0,0
523977613,0,0,0,0
523977614,5,3,2,2
523977621,29,13,16,9
523977622,98,46,52,33
523977623,18,10,8,7
523977624,41,25,16,20
523977631,32,14,18,11
523977632,89,48,41,25
523977633,475,234,241,157
523977634,1303,786,517,584
523977641,830,425,405,302
523977642,69,31,38,28
523977643,533,279,254,171
523977644,63,32,31,19
523977651,71,37,34,25
523977652,380,180,200,134
523977653,31,12,19,10
523977654,547,284,263,179
523977661,725,347,378,282
523977662,462,219,243,183
523977663,368,170,198,112
523977664,334,159,175,125
523977671,479,232,247,154
523977672,241,115,126,77
523977673,115,53,62,35
523977674,33,16,17,9
523977681,142,68,74,43
523977682,72,29,43,22
523977683,35,16,19,11
523977684,57,25,32,14
523977691,38,17,21,11
523977692,27,14,13,8
523977693,94,47,47,32
523977694,28,10,18,8
523977701,90,41,49,31
523977702,76,39,37,23
523977703,0,0,0,0
523977704,17,8,9,6
523977711,16,7,9,4
523977712,42,22,20,12
523977713,72,34,38,20
523977714,62,28,34,20
523977721,22,12,10,7
523977722,50,24,26,17
523977723,53,26,27,12
523977724,107,57,50,26
523977731,959,574,385,429
523977732,1144,578,566,370
523977733,342,172,170,113
523977734,1553,776,777,605
523977741,64,33,31,25
523977742,74,37,37,28
523977743,235,115,120,70
523977744,75,26,49,11
523977751,114,62,52,33
523977752,66,31,35,19
523977753,60,33,27,17
523977754,56,26,30,17
523977761,27,9,18,6
523977762,184,89,95,63
523977763,153,75,78,42
523977764,104,45,59,31
523977771,99,52,47,28
523977772,23,8,15,6
523977773,27,17,10,6
523977774,0,0,0,0
523977781,57,29,28,14
523977782,8,5,3,5
523977783,1,1,0,1
523977784,18,9,9,7
523977791,32,14,18,11
523977792,10,5,5,4
523977793,22,9,13,7
523977794,0,0,0,0
523977801,99,48,51,28
523977802,163,80,83,58
523977803,288,141,147,101
523977804,92,42,50,36
523977811,160,83,77,63
523977812,45,18,27,18
523977813,28,15,13,10
523977814,791,463,328,395
523977821,110,51,59,32
523977822,145,56,89,23
523977823,428,212,216,173
523977824,1023,520,503,387
523977831,1439,707,732,591
523977832,1586,739,847,605
523977833,2220,1095,1125,840
523977834,1726,891,835,628
523977841,518,261,257,200
523977842,41,18,23,14
523977843,821,405,416,325
523977844,737,411,326,328
523977851,52,28,24,18
523977852,29,14,15,9
523977853,463,225,238,169
523977854,0,0,0,0
523977861,0,0,0,0
523977862,0,0,0,0
523977863,0,0,0,0
523977864,0,0,0,0
523977871,36,17,19,9
523977872,0,0,0,0
523977873,0,0,0,0
523977874,2,1,1,1
523977881,0,0,0,0
523977882,0,0,0,0
523977883,0,0,0,0
523977884,0,0,0,0
523977891,5,3,2,2
523977892,0,0,0,0
523977893,0,0,0,0
523977894,0,0,0,0
523977901,100,84,16,78
523977902,168,77,91,58
523977903,659,396,263,338
523977904,1271,640,631,467
523977911,609,356,253,295
523977912,1324,666,658,534
523977913,1156,578,578,479
523977914,1139,567,572,525
523977921,1433,722,711,600
523977922,1227,631,596,514
523977923,830,430,400,409
523977924,1646,814,832,722
523977931,1310,652,658,498
523977932,1666,844,822,595
523977933,1710,918,792,724
523977934,1546,786,760,587
523977941,752,371,381,278
523977942,919,546,373,423
523977943,718,353,365,279
523977944,107,101,6,99
523977951,296,160,136,86
523977952,0,0,0,0
523977953,0,0,0,0
523977954,107,50,57,39
523977961,0,0,0,0
523977962,1,0,1,1
523977963,264,132,132,93
523977964,9,5,4,2
523977971,0,0,0,0
523977972,0,0,0,0
523977973,4,2,2,2
523977974,0,0,0,0
523977981,0,0,0,0
523977982,13,5,8,4
523977983,0,0,0,0
523977984,0,0,0,0
523977991,0,0,0,0
523977992,15,8,7,3
523977993,0,0,0,0
523977994,8,4,4,3
524052833,0,0,0,0
524052834,41,17,24,16
524052841,237,142,95,119
524052842,474,284,190,293
524052843,64,59,5,64
524052844,5,5,0,5
524052851,619,306,313,304
524052852,692,378,314,360
524052853,1049,552,497,614
524052854,395,195,200,180
524052861,290,146,144,147
524052863,382,191,191,142
524052864,65,37,28,32
524052901,80,37,43,36
524052902,48,26,22,22
524052903,0,0,0,0
524052904,7,5,2,2
524052911,44,22,22,16
524052912,1,1,0,1
524052913,69,37,32,22
524052914,10,4,6,5
524052921,0,0,0,0
524052922,4,2,2,2
524052923,30,16,14,18
524052924,16,9,7,5
524052931,0,0,0,0
524052932,22,14,8,13
524052933,0,0,0,0
524052934,0,0,0,0
524060883,0,0,0,0
524060884,0,0,0,0
524060891,0,0,0,0
524060892,0,0,0,0
524060893,0,0,0,0
524060894,0,0,0,0
524060901,16,9,7,5
524060902,0,0,0,0
524060903,35,17,18,12
524060904,0,0,0,0
524060911,0,0,0,0
524060912,0,0,0,0
524060913,0,0,0,0
524060914,0,0,0,0
524060921,0,0,0,0
524060922,0,0,0,0
524060923,0,0,0,0
524060924,0,0,0,0
524060931,0,0,0,0
524060932,0,0,0,0
524060933,0,0,0,0
524060934,14,7,7,4
524060941,36,17,19,15
524060942,47,23,24,17
524060943,29,14,15,13
524060944,65,29,36,19
524060951,96,48,48,31
524060952,22,11,11,8
524060953,83,40,43,23
524060954,106,49,57,29
524060961,92,48,44,25
524060962,83,40,43,26
524060963,36,17,19,11
524060964,0,0,0,0
524060971,0,0,0,0
524060972,0,0,0,0
524060973,0,0,0,0
524060974,0,0,0,0
524060981,0,0,0,0
524060982,0,0,0,0
524060983,0,0,0,0
524060984,0,0,0,0
524040301,0,0,0,0
524040303,63,30,33,26
524040304,0,0,0,0
524040401,2,1,1,1
524040402,394,185,209,147
524040403,0,0,0,0
524040404,98,47,51,39
524040411,314,138,176,130
524040413,423,192,231,129
524040414,185,95,90,77
524040501,43,21,22,14
524040502,0,0,0,0
524040503,24,12,12,8
524040504,0,0,0,0
524040511,80,39,41,31
524040512,274,129,145,95
524040513,5,1,4,2
524040514,151,75,76,53
524040521,0,0,0,0
524040523,119,53,66,41
524040524,0,0,0,0
524040601,2,1,1,2
524040602,0,0,0,0
524040603,0,0,0,0
524040604,0,0,0,0
524040611,9,4,5,4
524040612,34,20,14,16
524040613,0,0,0,0
524040614,0,0,0,0
524040621,175,87,88,61
524040622,112,57,55,40
524040623,0,0,0,0
524040624,0,0,0,0
524040631,26,16,10,9
524040632,0,0,0,0
524040633,128,65,63,45
524040634,110,50,60,41
524040643,6,3,3,3
524040653,0,0,0,0
524040654,2,2,0,1
524040701,0,0,0,0
524040702,4,1,3,2
524040703,21,10,11,5
524040704,0,0,0,0
524040711,3,1,2,1
524040712,0,0,0,0
524040713,0,0,0,0
524040714,0,0,0,0
524040721,0,0,0,0
524040722,0,0,0,0
524040723,0,0,0,0
524040724,0,0,0,0
524040731,0,0,0,0
524040732,37,18,19,16
524040733,0,0,0,0
524040734,11,3,8,6
524040741,125,62,63,46
524040742,608,282,326,246
524040743,53,19,34,24
524040744,22,7,15,8
524040751,344,157,187,120
524040752,212,94,118,82
524040753,53,22,31,22
524040754,19,10,9,5
524040761,0,0,0,0
524040762,0,0,0,0
524040763,140,67,73,49
524040764,0,0,0,0
524040801,0,0,0,0
524040802,0,0,0,0
524040803,0,0,0,0
524040804,0,0,0,0
524040811,0,0,0,0
524040812,0,0,0,0
524040813,0,0,0,0
524040814,0,0,0,0
524040821,0,0,0,0
524040822,0,0,0,0
524040823,0,0,0,0
524040824,0,0,0,0
524040831,5,2,3,2
524040832,64,33,31,20
524040833,7,4,3,3
524040834,24,11,13,10
524040841,17,9,8,7
524040842,0,0,0,0
524040843,0,0,0,0
524040844,37,15,22,11
524040851,26,13,13,10
524040852,17,8,9,4
524040853,8,6,2,3
524040854,0,0,0,0
524040861,41,22,19,14
524040862,21,9,12,12
524040863,0,0,0,0
524040864,199,104,95,74
524040873,24,11,13,7
524040874,0,0,0,0
524040901,0,0,0,0
524040902,0,0,0,0
524040903,6,3,3,3
524040904,9,4,5,4
524040911,0,0,0,0
524040912,0,0,0,0
524040913,0,0,0,0
524040914,0,0,0,0
524040921,0,0,0,0
524040922,0,0,0,0
524040923,0,0,0,0
524040924,0,0,0,0
524040931,0,0,0,0
524040932,26,11,15,10
524040933,2,1,1,1
524040934,19,6,13,6
524040941,4,2,2,2
524040942,0,0,0,0
524040943,0,0,0,0
524040944,0,0,0,0
524040951,0,0,0,0
524040952,0,0,0,0
524040953,0,0,0,0
524040954,0,0,0,0
524040961,0,0,0,0
524040962,0,0,0,0
524040963,0,0,0,0
524040964,0,0,0,0
524040971,7,3,4,2
524040972,142,65,77,55
524040973,0,0,0,0
524040974,509,233,276,200
524040981,214,103,111,86
524040983,2,1,1,1
524050001,4,3,1,3
524050002,23,10,13,11
524050003,8,5,3,5
524050004,15,6,9,5
524050011,17,11,6,9
524050012,15,8,7,4
524050013,0,0,0,0
524050014,0,0,0,0
524050021,26,12,14,8
524050022,24,15,9,8
524050023,49,21,28,17
524050024,20,10,10,7
524050031,0,0,0,0
524050032,0,0,0,0
524050033,38,19,19,14
524050034,0,0,0,0
524050041,0,0,0,0
524050042,0,0,0,0
524050043,20,9,11,6
524050044,28,13,15,9
524050051,3,1,2,1
524050052,3,1,2,1
524050053,116,60,56,35
524050054,68,34,34,25
524050061,32,15,17,14
524050062,21,9,12,9
524050063,72,34,38,30
524050064,128,57,71,50
524050071,0,0,0,0
524050072,118,58,60,55
524050073,312,127,185,31
524050074,76,39,37,37
524050081,0,0,0,0
524050083,54,25,29,19
524050101,0,0,0,0
524050102,20,11,9,7
524050103,5,1,4,2
524050104,18,8,10,5
524050111,0,0,0,0
524050112,12,6,6,5
524050113,21,11,10,7
524050114,0,0,0,0
524050121,4,2,2,2
524050122,0,0,0,0
524050123,10,6,4,3
524050124,9,4,5,3
524050131,19,10,9,9
524050132,0,0,0,0
524050133,26,9,17,9
524050134,20,10,10,7
524050141,128,64,64,52
524050142,47,27,20,20
524050143,45,24,21,18
524050144,4,1,3,2
524050151,73,38,35,24
524050152,16,7,9,5
524050153,49,25,24,15
524050154,50,23,27,16
524050161,3,1,2,1
524050162,156,76,80,66
524050163,27,15,12,12
524050164,41,21,20,15
524050171,1,0,1,1
524050172,78,37,41,31
524050173,148,68,80,61
524050174,363,170,193,140
524050181,808,386,422,330
524050183,739,361,378,323
524050201,0,0,0,0
524050202,16,7,9,4
524050203,6,3,3,3
524050204,17,8,9,6
524050211,24,13,11,11
524050212,17,10,7,9
524050213,7,3,4,3
524050214,9,5,4,5
524050221,15,10,5,6
524050222,3,2,1,2
524050223,3,1,2,2
524050224,0,0,0,0
524050231,11,5,6,5
524050232,8,3,5,3
524050233,9,6,3,4
524050234,9,5,4,3
524050241,26,16,10,9
524050242,0,0,0,0
524050243,3,1,2,1
524050244,0,0,0,0
524050251,0,0,0,0
524050252,0,0,0,0
524050253,0,0,0,0
524050254,58,30,28,20
524050261,25,12,13,10
524050262,51,25,26,12
524050263,116,55,61,52
524050264,423,208,215,168
524050271,147,65,82,81
524050272,245,113,132,116
524050273,29,18,11,21
524050274,325,153,172,140
524050281,939,451,488,408
524050282,7,4,3,3
524050283,987,448,539,475
524050284,110,56,54,46
524050301,12,7,5,3
524050302,10,3,7,3
524050303,3,1,2,2
524050304,8,3,5,2
524050311,0,0,0,0
524050312,0,0,0,0
524050313,0,0,0,0
524050314,0,0,0,0
524050321,0,0,0,0
524050322,0,0,0,0
524050323,2,1,1,1
524050324,0,0,0,0
524050331,0,0,0,0
524050332,0,0,0,0
524050333,13,5,8,5
524050334,0,0,0,0
524050341,0,0,0,0
524050342,61,36,25,24
524050343,2,1,1,1
524050344,0,0,0,0
524050351,32,15,17,8
524050352,101,55,46,33
524050353,86,42,44,26
524050354,36,14,22,13
524050361,30,15,15,14
524050362,176,85,91,76
524050363,102,50,52,36
524050364,49,22,27,24
524050371,211,102,109,82
524050372,459,207,252,207
524050373,103,46,57,38
524050374,245,125,120,97
524050381,336,151,185,165
524050382,366,189,177,180
524050383,32,15,17,16
524050384,763,357,406,348
524050391,41,27,14,18
524050393,243,98,145,124
524050394,0,0,0,0
524050401,0,0,0,0
524050402,14,8,6,4
524050403,33,16,17,13
524050404,25,11,14,8
524050411,8,2,6,4
524050412,10,5,5,4
524050413,38,17,21,12
524050414,55,27,28,19
524050421,8,4,4,4
524050422,41,20,21,13
524050423,46,21,25,17
524050424,54,26,28,21
524050431,49,20,29,17
524050432,25,13,12,9
524050433,101,47,54,32
524050434,29,16,13,12
524050441,52,24,28,15
524050442,49,27,22,15
524050443,27,12,15,10
524050444,77,39,38,22
524050451,60,24,36,26
524050452,171,84,87,55
524050453,271,133,138,119
524050454,111,53,58,42
524050461,56,30,26,23
524050462,206,96,110,89
524050463,67,26,41,25
524050464,247,123,124,111
524050471,244,109,135,86
524050472,156,67,89,70
524050473,268,119,149,98
524050474,286,142,144,105
524050481,72,35,37,21
524050482,856,412,444,352
524050483,236,113,123,84
524050484,605,266,339,164
524050491,604,284,320,299
524050492,526,230,296,343
524050493,537,243,294,201
524050494,634,261,373,292
524050501,30,15,15,8
524050502,15,5,10,8
524050503,59,27,32,25
524050504,127,59,68,50
524050511,10,4,6,3
524050512,73,34,39,22
524050513,101,50,51,38
524050514,114,54,60,46
524050521,57,25,32,20
524050522,139,66,73,53
524050523,66,27,39,28
524050524,166,83,83,70
524050531,86,41,45,27
524050532,84,35,49,35
524050533,150,82,68,64
524050534,14,6,8,5
524050541,138,63,75,58
524050542,147,74,73,49
524050543,108,52,56,44
524050544,38,20,18,14
524050551,117,56,61,38
524050552,111,57,54,38
524050553,78,40,38,27
524050554,50,28,22,19
524050561,64,31,33,24
524050562,37,14,23,9
524050563,17,7,10,7
524050564,14,9,5,5
524050571,167,84,83,79
524050572,143,66,77,63
524050573,33,15,18,11
524050574,22,11,11,8
524050581,61,31,30,27
524050582,32,16,16,15
524050583,161,84,77,60
524050584,50,26,24,14
524050591,121,58,63,51
524050592,105,50,55,35
524050593,40,19,21,14
524050594,0,0,0,0
524050601,211,108,103,80
524050602,36,14,22,11
524050603,54,28,26,25
524050604,33,16,17,11
524050611,38,20,18,20
524050612,17,10,7,6
524050613,46,21,25,16
524050614,69,35,34,20
524050621,12,7,5,5
524050622,57,32,25,17
524050623,21,12,9,10
524050624,33,14,19,12
524050631,79,43,36,30
524050632,55,26,29,18
524050633,42,21,21,13
524050634,17,7,10,5
524050641,57,31,26,18
524050642,48,26,22,18
524050643,16,6,10,5
524050644,5,3,2,2
524050651,38,16,22,15
524050652,48,21,27,15
524050653,7,3,4,3
524050654,31,17,14,10
524050661,56,31,25,19
524050662,11,4,7,5
524050663,0,0,0,0
524050664,0,0,0,0
524050671,13,6,7,5
524050672,101,47,54,29
524050673,0,0,0,0
524050674,45,21,24,13
524050681,23,12,11,8
524050682,0,0,0,0
524050683,17,8,9,6
524050684,0,0,0,0
524050691,0,0,0,0
524050692,0,0,0,0
524050693,0,0,0,0
524050694,0,0,0,0
524050701,24,12,12,9
524050702,16,7,9,6
524050703,14,8,6,4
524050704,7,3,4,3
524050711,21,8,13,9
524050712,20,9,11,9
524050713,5,2,3,2
524050714,0,0,0,0
524050721,25,13,12,9
524050722,4,2,2,2
524050723,0,0,0,0
524050724,0,0,0,0
524050731,0,0,0,0
524050732,0,0,0,0
524050733,0,0,0,0
524050734,0,0,0,0
524050741,25,14,11,6
524050742,0,0,0,0
524050743,0,0,0,0
524050744,0,0,0,0
524050751,0,0,0,0
524050752,20,10,10,6
524050753,0,0,0,0
524050754,42,17,25,13
524050761,0,0,0,0
524050762,0,0,0,0
524050763,0,0,0,0
524050764,0,0,0,0
524050771,0,0,0,0
524050772,0,0,0,0
524050773,0,0,0,0
524050774,0,0,0,0
524050781,12,2,10,4
524050782,0,0,0,0
524050783,0,0,0,0
524050784,0,0,0,0
524050791,0,0,0,0
524050792,0,0,0,0
524050793,0,0,0,0
524050794,0,0,0,0
524050801,0,0,0,0
524050802,0,0,0,0
524050803,0,0,0,0
524050804,0,0,0,0
524050811,0,0,0,0
524050812,0,0,0,0
524050813,0,0,0,0
524050814,0,0,0,0
524050821,0,0,0,0
524050822,0,0,0,0
524050823,0,0,0,0
524050824,0,0,0,0
524050831,0,0,0,0
524050832,0,0,0,0
524050833,0,0,0,0
524050834,0,0,0,0
524050841,0,0,0,0
524050842,0,0,0,0
524050843,0,0,0,0
524050844,0,0,0,0
524050851,0,0,0,0
524050852,24,13,11,11
524050853,0,0,0,0
524050854,0,0,0,0
524050861,0,0,0,0
524050862,0,0,0,0
524050863,0,0,0,0
524050864,0,0,0,0
524050871,0,0,0,0
524050872,0,0,0,0
524050873,0,0,0,0
524050874,0,0,0,0
524050881,0,0,0,0
524050882,1,0,1,1
524050883,0,0,0,0
524050884,0,0,0,0
524050891,0,0,0,0
524050892,0,0,0,0
524050893,0,0,0,0
524050894,0,0,0,0
524050901,0,0,0,0
524050902,0,0,0,0
524050903,0,0,0,0
524050904,0,0,0,0
524050911,0,0,0,0
524050912,0,0,0,0
524050913,0,0,0,0
524050914,0,0,0,0
524050921,0,0,0,0
524050922,0,0,0,0
524050923,0,0,0,0
524050924,0,0,0,0
524050931,0,0,0,0
524050932,0,0,0,0
524050933,0,0,0,0
524050934,0,0,0,0
524050941,0,0,0,0
524050942,0,0,0,0
524050943,0,0,0,0
524050944,0,0,0,0
524050951,0,0,0,0
524050952,0,0,0,0
524050953,0,0,0,0
524050954,0,0,0,0
524050961,0,0,0,0
524050962,0,0,0,0
524050963,0,0,0,0
524050964,0,0,0,0
524050971,0,0,0,0
524050972,0,0,0,0
524050973,0,0,0,0
524050974,0,0,0,0
524050981,0,0,0,0
524050982,0,0,0,0
524050983,0,0,0,0
524050984,0,0,0,0
524050991,0,0,0,0
524050992,0,0,0,0
524050993,0,0,0,0
524050994,0,0,0,0
524051352,0,0,0,0
524051354,7,2,5,3
524051361,0,0,0,0
524051362,0,0,0,0
524051363,0,0,0,0
524051364,0,0,0,0
524051373,4,2,2,1
524051374,0,0,0,0
524051383,0,0,0,0
524051384,0,0,0,0
524051401,20,14,6,2
524051402,2,1,1,1
524051403,689,259,430,369
524051404,195,104,91,86
524051411,274,127,147,98
524051412,574,286,288,224
524051413,143,63,80,54
524051414,133,63,70,53
524051421,107,54,53,50
524051423,650,307,343,259
524051424,679,326,353,253
524051433,285,141,144,123
524051434,196,97,99,59
524051441,9,6,3,2
524051442,0,0,0,0
524051443,72,39,33,33
524051444,34,17,17,15
524051452,177,85,92,70
524051454,458,213,245,210
524051461,61,35,26,28
524051462,0,0,0,0
524051463,215,105,110,87
524051464,0,0,0,0
524051471,8,5,3,5
524051472,130,64,66,52
524051473,35,19,16,10
524051474,28,12,16,12
524051481,6,3,3,2
524051482,0,0,0,0
524051483,55,29,26,20
524051484,297,145,152,105
524051493,0,0,0,0
524051494,0,0,0,0
524051501,1,1,0,1
524051502,0,0,0,0
524051503,0,0,0,0
524051504,1,0,1,1
524051511,0,0,0,0
524051512,25,13,12,11
524051513,0,0,0,0
524051514,24,12,12,8
524051521,397,193,204,145
524051522,65,35,30,27
524051523,185,69,116,39
524051524,0,0,0,0
524051531,222,106,116,75
524051532,142,66,76,67
524051533,0,0,0,0
524051534,7,4,3,4
524051541,0,0,0,0
524051542,24,8,16,15
524051543,0,0,0,0
524051544,0,0,0,0
524051551,240,107,133,102
524051552,414,192,222,169
524051553,193,89,104,76
524051554,90,41,49,36
524051561,0,0,0,0
524051562,3,1,2,1
524051563,0,0,0,0
524051564,0,0,0,0
524051571,0,0,0,0
524051572,0,0,0,0
524051573,25,10,15,10
524051574,20,14,6,8
524051581,0,0,0,0
524051582,29,15,14,8
524051583,39,23,16,17
524051584,38,17,21,14
524051591,9,5,4,4
524051592,0,0,0,0
524051593,54,30,24,27
524051594,98,49,49,38
524051601,8,3,5,4
524051602,0,0,0,0
524051603,1,1,0,1
524051604,0,0,0,0
524051611,0,0,0,0
524051612,0,0,0,0
524051613,0,0,0,0
524051614,0,0,0,0
524051621,17,7,10,8
524051622,0,0,0,0
524051623,31,14,17,8
524051624,0,0,0,0
524051631,0,0,0,0
524051632,2,1,1,2
524051633,0,0,0,0
524051634,0,0,0,0
524051641,0,0,0,0
524051642,0,0,0,0
524051643,0,0,0,0
524051644,0,0,0,0
524051651,58,28,30,20
524051652,3,0,3,3
524051653,13,4,9,7
524051654,20,10,10,7
524051661,0,0,0,0
524051662,0,0,0,0
524051663,0,0,0,0
524051664,0,0,0,0
524051671,16,7,9,6
524051672,31,15,16,15
524051673,21,11,10,7
524051674,8,5,3,4
524051681,149,73,76,72
524051682,151,77,74,72
524051683,33,17,16,16
524051684,0,0,0,0
524051691,14,7,7,8
524051692,566,255,311,219
524051693,28,15,13,11
524051694,117,53,64,56
524051701,0,0,0,0
524051702,0,0,0,0
524051703,0,0,0,0
524051704,0,0,0,0
524051711,0,0,0,0
524051712,0,0,0,0
524051713,0,0,0,0
524051714,0,0,0,0
524051721,0,0,0,0
524051722,0,0,0,0
524051723,0,0,0,0
524051724,0,0,0,0
524051731,0,0,0,0
524051732,0,0,0,0
524051733,0,0,0,0
524051734,0,0,0,0
524051741,0,0,0,0
524051742,0,0,0,0
524051743,0,0,0,0
524051744,0,0,0,0
524051751,0,0,0,0
524051752,56,31,25,24
524051753,0,0,0,0
524051754,7,5,2,4
524051761,0,0,0,0
524051762,0,0,0,0
524051763,0,0,0,0
524051764,0,0,0,0
524051771,7,5,2,4
524051772,3,2,1,1
524051773,4,2,2,1
524051774,34,15,19,12
524051781,0,0,0,0
524051782,0,0,0,0
524051783,32,17,15,12
524051784,21,8,13,5
524051791,0,0,0,0
524051792,0,0,0,0
524051793,36,22,14,13
524051794,21,10,11,9
524051801,0,0,0,0
524051802,0,0,0,0
524051803,0,0,0,0
524051804,0,0,0,0
524051811,0,0,0,0
524051812,0,0,0,0
524051813,0,0,0,0
524051814,5,3,2,2
524051821,0,0,0,0
524051822,0,0,0,0
524051823,5,3,2,4
524051824,0,0,0,0
524051831,0,0,0,0
524051832,0,0,0,0
524051833,0,0,0,0
524051834,0,0,0,0
524051841,0,0,0,0
524051842,0,0,0,0
524051843,0,0,0,0
524051844,0,0,0,0
524051851,0,0,0,0
524051852,0,0,0,0
524051853,0,0,0,0
524051854,0,0,0,0
524051861,0,0,0,0
524051862,0,0,0,0
524051863,0,0,0,0
524051864,0,0,0,0
524051871,0,0,0,0
524051872,0,0,0,0
524051873,6,4,2,2
524051874,8,5,3,3
524051881,16,9,7,7
524051882,113,54,59,34
524051883,56,25,31,20
524051884,24,13,11,8
524051891,38,17,21,13
524051892,81,34,47,28
524051893,36,15,21,13
524051894,33,17,16,14
524051901,0,0,0,0
524051902,0,0,0,0
524051903,0,0,0,0
524051904,0,0,0,0
524051911,0,0,0,0
524051912,41,20,21,19
524051913,0,0,0,0
524051914,0,0,0,0
524051921,19,8,11,12
524051922,0,0,0,0
524051923,0,0,0,0
524051924,0,0,0,0
524051931,0,0,0,0
524051932,0,0,0,0
524051933,0,0,0,0
524051934,0,0,0,0
524051941,0,0,0,0
524051942,0,0,0,0
524051943,0,0,0,0
524051944,0,0,0,0
524051951,0,0,0,0
524051952,0,0,0,0
524051953,0,0,0,0
524051954,0,0,0,0
524051961,0,0,0,0
524051962,25,12,13,5
524051963,0,0,0,0
524051964,72,59,13,5
524051971,44,24,20,20
524051972,36,19,17,15
524051973,13,6,7,4
524051974,0,0,0,0
524051981,48,26,22,16
524051982,10,5,5,4
524051983,50,23,27,15
524051984,25,10,15,6
524051991,0,0,0,0
524051992,64,30,34,24
524051993,0,0,0,0
524051994,19,10,9,6
524052514,0,0,0,0
524052523,0,0,0,0
524052524,0,0,0,0
524052601,497,227,270,207
524052602,4,2,2,2
524052603,109,51,58,47
524052604,233,110,123,87
524052611,63,31,32,27
524052612,7,3,4,4
524052613,109,43,66,39
524052614,242,121,121,87
524052621,101,43,58,43
524052622,49,25,24,15
524052623,309,152,157,116
524052624,151,74,77,52
524052631,0,0,0,0
524052633,75,38,37,24
524052651,0,0,0,0
524052652,0,0,0,0
524052653,10,10,0,10
524052654,59,30,29,26
524052663,0,0,0,0
524052701,0,0,0,0
524052702,21,12,9,8
524052703,5,3,2,3
524052704,0,0,0,0
524052711,3,1,2,2
524052712,17,9,8,5
524052713,0,0,0,0
524052714,34,15,19,14
524052721,47,34,13,29
524052722,8,4,4,4
524052723,15,6,9,4
524052724,4,2,2,2
524052731,248,115,133,86
524052733,285,142,143,110
524052734,107,52,55,44
524052744,158,77,81,66
524052751,396,202,194,170
524052752,335,151,184,147
524052753,1473,710,763,629
524052754,580,292,288,302
524052761,50,27,23,21
524052763,226,110,116,88
524052801,63,35,28,16
524052802,0,0,0,0
524052803,143,73,70,53
524052804,42,22,20,13
524052811,79,34,45,29
524052812,52,23,29,22
524052813,47,22,25,16
524052814,6,4,2,4
524052821,71,36,35,33
524052822,33,15,18,13
524052823,21,9,12,9
524052824,3,2,1,2
524052831,0,0,0,0
524052832,328,175,153,155
524052941,26,16,10,15
524052942,243,120,123,104
524052943,43,28,15,28
524052944,168,126,42,141
524052951,529,294,235,321
524052952,242,169,73,187
524052953,0,0,0,0
524052954,0,0,0,0
524052961,40,27,13,26
524052962,88,60,28,58
524052963,164,86,78,77
524052964,312,167,145,140
524060001,0,0,0,0
524060002,0,0,0,0
524060003,0,0,0,0
524060004,0,0,0,0
524060011,0,0,0,0
524060012,0,0,0,0
524060013,0,0,0,0
524060014,0,0,0,0
524060021,0,0,0,0
524060022,0,0,0,0
524060023,0,0,0,0
524060024,0,0,0,0
524060031,0,0,0,0
524060032,0,0,0,0
524060033,0,0,0,0
524060034,0,0,0,0
524060041,0,0,0,0
524060042,0,0,0,0
524060043,31,15,16,13
524060044,16,7,9,7
524060051,0,0,0,0
524060052,0,0,0,0
524060053,0,0,0,0
524060054,0,0,0,0
524060061,0,0,0,0
524060062,0,0,0,0
524060063,0,0,0,0
524060064,0,0,0,0
524060071,0,0,0,0
524060072,0,0,0,0
524060073,0,0,0,0
524060074,0,0,0,0
524060081,0,0,0,0
524060082,0,0,0,0
524060083,0,0,0,0
524060084,0,0,0,0
524060091,0,0,0,0
524060092,0,0,0,0
524060093,0,0,0,0
524060094,0,0,0,0
524060101,8,4,4,4
524060102,46,22,24,23
524060103,4,2,2,2
524060104,198,41,157,16
524060111,0,0,0,0
524060112,0,0,0,0
524060113,6,3,3,2
524060114,0,0,0,0
524060121,0,0,0,0
524060122,0,0,0,0
524060123,0,0,0,0
524060124,0,0,0,0
524060131,0,0,0,0
524060132,0,0,0,0
524060133,0,0,0,0
524060134,0,0,0,0
524060141,4,1,3,4
524060142,0,0,0,0
524060143,0,0,0,0
524060144,9,6,3,5
524060151,0,0,0,0
524060152,0,0,0,0
524060153,0,0,0,0
524060154,0,0,0,0
524060161,0,0,0,0
524060162,0,0,0,0
524060163,0,0,0,0
524060164,0,0,0,0
524060171,0,0,0,0
524060172,0,0,0,0
524060173,0,0,0,0
524060174,0,0,0,0
524060181,0,0,0,0
524060182,0,0,0,0
524060183,0,0,0,0
524060184,0,0,0,0
524060191,0,0,0,0
524060192,0,0,0,0
524060193,0,0,0,0
524060194,0,0,0,0
524060201,0,0,0,0
524060202,0,0,0,0
524060203,0,0,0,0
524060204,29,13,16,8
524060211,6,3,3,1
524060212,7,3,4,2
524060213,17,9,8,5
524060214,6,4,2,2
524060221,0,0,0,0
524060222,0,0,0,0
524060223,0,0,0,0
524060224,10,5,5,4
524060231,0,0,0,0
524060232,0,0,0,0
524060233,0,0,0,0
524060234,0,0,0,0
524060241,0,0,0,0
524060242,9,5,4,4
524060243,0,0,0,0
524060244,4,3,1,3
524060251,0,0,0,0
524060252,0,0,0,0
524060253,34,15,19,11
524060254,0,0,0,0
524060261,12,7,5,3
524060262,0,0,0,0
524060263,0,0,0,0
524060264,0,0,0,0
524060271,0,0,0,0
524060272,0,0,0,0
524060273,0,0,0,0
524060274,0,0,0,0
524060281,0,0,0,0
524060282,0,0,0,0
524060283,0,0,0,0
524060284,0,0,0,0
524060291,0,0,0,0
524060292,0,0,0,0
524060293,0,0,0,0
524060294,0,0,0,0
524060301,0,0,0,0
524060302,0,0,0,0
524060303,0,0,0,0
524060304,0,0,0,0
524060311,49,27,22,13
524060312,0,0,0,0
524060313,17,9,8,8
524060314,52,26,26,15
524060321,0,0,0,0
524060322,2,1,1,1
524060323,0,0,0,0
524060324,4,1,3,1
524060331,1,1,0,1
524060332,0,0,0,0
524060333,12,7,5,3
524060334,0,0,0,0
524060341,0,0,0,0
524060342,5,1,4,3
524060343,0,0,0,0
524060344,0,0,0,0
524060351,6,4,2,2
524060352,10,6,4,4
524060353,0,0,0,0
524060354,0,0,0,0
524060361,0,0,0,0
524060362,0,0,0,0
524060363,0,0,0,0
524060364,0,0,0,0
524060371,0,0,0,0
524060372,0,0,0,0
524060373,0,0,0,0
524060374,0,0,0,0
524060381,0,0,0,0
524060382,0,0,0,0
524060383,0,0,0,0
524060384,0,0,0,0
524060391,0,0,0,0
524060392,0,0,0,0
524060393,0,0,0,0
524060394,0,0,0,0
524060401,0,0,0,0
524060402,0,0,0,0
524060403,0,0,0,0
524060404,0,0,0,0
524060411,0,0,0,0
524060412,39,19,20,14
524060413,16,8,8,5
524060414,18,8,10,7
524060421,3,2,1,1
524060422,3,2,1,1
524060423,0,0,0,0
524060424,9,4,5,5
524060431,9,5,4,2
524060432,0,0,0,0
524060433,12,3,9,4
524060434,0,0,0,0
524060441,0,0,0,0
524060442,0,0,0,0
524060443,0,0,0,0
524060444,0,0,0,0
524060451,0,0,0,0
524060452,3,2,1,1
524060453,5,1,4,1
524060454,60,32,28,15
524060461,0,0,0,0
524060462,0,0,0,0
524060463,0,0,0,0
524060464,0,0,0,0
524060471,0,0,0,0
524060472,0,0,0,0
524060473,0,0,0,0
524060474,0,0,0,0
524060481,0,0,0,0
524060482,0,0,0,0
524060483,0,0,0,0
524060484,0,0,0,0
524060491,0,0,0,0
524060492,0,0,0,0
524060493,0,0,0,0
524060494,0,0,0,0
524060501,0,0,0,0
524060502,0,0,0,0
524060503,0,0,0,0
524060504,0,0,0,0
524060511,37,19,18,7
524060512,24,11,13,7
524060513,15,8,7,6
524060514,18,8,10,5
524060521,33,17,16,12
524060522,8,3,5,4
524060523,67,35,32,23
524060524,14,8,6,6
524060531,4,1,3,2
524060532,0,0,0,0
524060533,0,0,0,0
524060534,0,0,0,0
524060541,0,0,0,0
524060542,0,0,0,0
524060543,0,0,0,0
524060544,0,0,0,0
524060551,13,7,6,4
524060552,5,2,3,4
524060553,0,0,0,0
524060554,24,12,12,8
524060561,0,0,0,0
524060562,0,0,0,0
524060563,0,0,0,0
524060564,0,0,0,0
524060571,0,0,0,0
524060572,0,0,0,0
524060573,0,0,0,0
524060574,0,0,0,0
524060581,0,0,0,0
524060582,0,0,0,0
524060583,0,0,0,0
524060584,0,0,0,0
524060591,0,0,0,0
524060592,3,2,1,1
524060593,0,0,0,0
524060594,1,1,0,1
524060601,0,0,0,0
524060602,0,0,0,0
524060603,0,0,0,0
524060604,0,0,0,0
524060611,0,0,0,0
524060612,89,43,46,25
524060613,15,7,8,5
524060614,12,7,5,4
524060621,103,45,58,36
524060622,0,0,0,0
524060623,0,0,0,0
524060624,0,0,0,0
524060631,0,0,0,0
524060632,0,0,0,0
524060633,0,0,0,0
524060634,0,0,0,0
524060641,0,0,0,0
524060642,0,0,0,0
524060643,0,0,0,0
524060644,0,0,0,0
524060651,0,0,0,0
524060652,12,5,7,3
524060653,0,0,0,0
524060654,29,15,14,11
524060661,3,1,2,1
524060662,0,0,0,0
524060663,20,11,9,9
524060664,0,0,0,0
524060671,0,0,0,0
524060672,0,0,0,0
524060673,16,9,7,6
524060674,48,25,23,15
524060681,0,0,0,0
524060682,0,0,0,0
524060683,12,5,7,3
524060684,0,0,0,0
524060691,0,0,0,0
524060692,1,0,1,1
524060693,1,1,0,1
524060694,0,0,0,0
524060701,18,8,10,7
524060702,18,10,8,6
524060703,56,27,29,21
524060704,23,10,13,8
524060711,60,29,31,20
524060712,8,5,3,2
524060713,20,10,10,10
524060714,0,0,0,0
524060721,0,0,0,0
524060722,0,0,0,0
524060723,0,0,0,0
524060724,0,0,0,0
524060731,0,0,0,0
524060732,0,0,0,0
524060733,0,0,0,0
524060734,0,0,0,0
524060741,0,0,0,0
524060742,0,0,0,0
524060743,0,0,0,0
524060744,0,0,0,0
524060751,0,0,0,0
524060752,63,30,33,24
524060753,4,2,2,1
524060754,8,3,5,2
524060761,66,35,31,25
524060762,41,24,17,13
524060763,62,28,34,17
524060764,142,67,75,48
524060771,15,6,9,5
524060772,67,32,35,20
524060773,153,81,72,54
524060774,70,35,35,30
524060781,40,19,21,12
524060782,89,47,42,31
524060783,65,33,32,21
524060784,54,23,31,17
524060791,72,37,35,27
524060792,16,9,7,6
524060793,44,27,17,20
524060794,117,52,65,40
524060801,71,42,29,25
524060802,0,0,0,0
524060803,25,14,11,9
524060804,0,0,0,0
524060811,0,0,0,0
524060812,0,0,0,0
524060813,0,0,0,0
524060814,0,0,0,0
524060821,0,0,0,0
524060822,0,0,0,0
524060823,0,0,0,0
524060824,0,0,0,0
524060831,0,0,0,0
524060832,0,0,0,0
524060833,0,0,0,0
524060834,0,0,0,0
524060841,0,0,0,0
524060842,0,0,0,0
524060843,0,0,0,0
524060844,0,0,0,0
524060851,0,0,0,0
524060852,0,0,0,0
524060853,48,24,24,14
524060854,24,12,12,8
524060861,5,4,1,2
524060862,47,21,26,16
524060863,51,25,26,16
524060864,56,28,28,14
524060871,92,50,42,32
524060872,77,35,42,27
524060873,0,0,0,0
524060874,0,0,0,0
524060881,0,0,0,0
524060882,0,0,0,0
524060991,0,0,0,0
524060992,0,0,0,0
524060993,0,0,0,0
524060994,0,0,0,0
524061001,0,0,0,0
524061002,0,0,0,0
524061003,0,0,0,0
524061004,46,21,25,17
524061011,0,0,0,0
524061012,0,0,0,0
524061013,4,3,1,2
524061014,0,0,0,0
524061021,0,0,0,0
524061022,0,0,0,0
524061023,0,0,0,0
524061024,0,0,0,0
524061031,0,0,0,0
524061032,0,0,0,0
524061033,3,1,2,1
524061034,0,0,0,0
524061041,0,0,0,0
524061042,0,0,0,0
524061043,0,0,0,0
524061044,0,0,0,0
524061051,0,0,0,0
524061052,0,0,0,0
524061053,0,0,0,0
524061054,0,0,0,0
524061061,0,0,0,0
524061062,5,2,3,3
524061063,0,0,0,0
524061064,0,0,0,0
524061071,0,0,0,0
524061072,2,1,1,1
524061073,0,0,0,0
524061074,0,0,0,0
524061081,45,23,22,18
524061082,22,9,13,6
524061083,21,11,10,7
524061084,0,0,0,0
524061091,0,0,0,0
524061092,19,10,9,5
524061093,0,0,0,0
524061094,0,0,0,0
524061101,0,0,0,0
524061102,18,9,9,10
524061103,0,0,0,0
524061104,1,0,1,1
524061111,0,0,0,0
524061112,0,0,0,0
524061113,0,0,0,0
524061114,0,0,0,0
524061121,0,0,0,0
524061122,0,0,0,0
524061123,0,0,0,0
524061124,0,0,0,0
524061131,0,0,0,0
524061132,0,0,0,0
524061133,0,0,0,0
524061134,0,0,0,0
524061141,0,0,0,0
524061142,1,0,1,1
524061143,0,0,0,0
524061144,0,0,0,0
524061151,20,8,12,6
524061152,0,0,0,0
524061153,8,5,3,3
524061154,17,9,8,6
524061161,0,0,0,0
524061162,0,0,0,0
524061163,0,0,0,0
524061164,0,0,0,0
524061171,0,0,0,0
524061172,0,0,0,0
524061173,0,0,0,0
524061174,0,0,0,0
524061181,0,0,0,0
524061182,0,0,0,0
524061183,0,0,0,0
524061184,0,0,0,0
524061191,0,0,0,0
524061192,10,5,5,3
524061193,0,0,0,0
524061194,2,1,1,1
524061201,0,0,0,0
524061202,16,10,6,5
524061203,0,0,0,0
524061204,0,0,0,0
524061211,0,0,0,0
524061212,0,0,0,0
524061213,3,1,2,2
524061214,0,0,0,0
524061221,0,0,0,0
524061222,0,0,0,0
524061223,0,0,0,0
524061224,0,0,0,0
524061231,0,0,0,0
524061232,0,0,0,0
524061233,0,0,0,0
524061234,0,0,0,0
524061241,0,0,0,0
524061242,0,0,0,0
524061243,0,0,0,0
524061244,0,0,0,0
524061251,0,0,0,0
524061252,23,12,11,6
524061253,0,0,0,0
524061254,14,8,6,7
524061261,0,0,0,0
524061262,0,0,0,0
524061263,0,0,0,0
524061264,0,0,0,0
524061271,0,0,0,0
524061272,0,0,0,0
524061273,0,0,0,0
524061274,0,0,0,0
524061281,0,0,0,0
524061282,0,0,0,0
524061283,0,0,0,0
524061284,0,0,0,0
524061291,0,0,0,0
524061292,0,0,0,0
524061293,0,0,0,0
524061294,0,0,0,0
524061301,0,0,0,0
524061302,0,0,0,0
524061303,0,0,0,0
524061304,0,0,0,0
524061311,16,9,7,5
524061312,0,0,0,0
524061313,0,0,0,0
524061314,0,0,0,0
524061321,0,0,0,0
524061322,0,0,0,0
524061323,0,0,0,0
524061324,0,0,0,0
524061331,5,2,3,2
524061332,0,0,0,0
524061333,0,0,0,0
524061334,0,0,0,0
524061341,0,0,0,0
524061342,0,0,0,0
524061343,0,0,0,0
524061344,0,0,0,0
524061351,0,0,0,0
524061352,6,2,4,5
524061353,0,0,0,0
524061354,3,2,1,3
524061361,0,0,0,0
524061362,0,0,0,0
524061363,0,0,0,0
524061364,0,0,0,0
524061371,0,0,0,0
524061372,0,0,0,0
524061373,0,0,0,0
524061374,0,0,0,0
524061381,0,0,0,0
524061382,0,0,0,0
524061383,0,0,0,0
524061384,13,6,7,4
524061391,0,0,0,0
524061392,0,0,0,0
524061393,0,0,0,0
524061394,0,0,0,0
524061401,0,0,0,0
524061402,0,0,0,0
524061403,0,0,0,0
524061404,0,0,0,0
524061411,0,0,0,0
524061412,0,0,0,0
524061413,0,0,0,0
524061414,0,0,0,0
524061421,0,0,0,0
524061422,0,0,0,0
524061423,2,1,1,1
524061424,0,0,0,0
524061431,0,0,0,0
524061432,0,0,0,0
524061433,0,0,0,0
524061434,0,0,0,0
524061441,0,0,0,0
524061442,0,0,0,0
524061443,0,0,0,0
524061444,0,0,0,0
524061451,0,0,0,0
524061452,0,0,0,0
524061453,0,0,0,0
524061454,0,0,0,0
524061461,0,0,0,0
524061462,0,0,0,0
524061463,0,0,0,0
524061464,0,0,0,0
524061471,5,4,1,1
524061472,23,8,15,6
524061473,2,2,0,1
524061474,4,2,2,1
524061481,0,0,0,0
524061482,28,12,16,10
524061483,39,19,20,12
524061484,0,0,0,0
524061491,0,0,0,0
524061492,0,0,0,0
524061493,5,2,3,2
524061494,0,0,0,0
524061501,0,0,0,0
524061502,0,0,0,0
524061503,0,0,0,0
524061504,0,0,0,0
524061511,0,0,0,0
524061512,0,0,0,0
524061513,0,0,0,0
524061514,4,3,1,2
524061521,17,6,11,5
524061522,0,0,0,0
524061523,1,0,1,1
524061524,0,0,0,0
524061531,0,0,0,0
524061532,0,0,0,0
524061533,0,0,0,0
524061534,0,0,0,0
524061541,3,2,1,1
524061542,15,9,6,7
524061543,5,2,3,2
524061544,82,39,43,21
524061551,8,5,3,5
524061552,0,0,0,0
524061553,0,0,0,0
524061554,17,10,7,10
524061561,0,0,0,0
524061562,0,0,0,0
524061563,0,0,0,0
524061564,0,0,0,0
524061571,11,5,6,4
524061572,0,0,0,0
524061573,22,12,10,5
524061574,14,8,6,4
524061581,20,10,10,7
524061582,0,0,0,0
524061583,19,10,9,5
524061584,0,0,0,0
524061591,0,0,0,0
524061592,0,0,0,0
524061593,0,0,0,0
524061594,0,0,0,0
524061601,0,0,0,0
524061602,59,31,28,23
524061603,13,7,6,5
524061604,56,27,29,21
524061611,9,5,4,3
524061612,5,3,2,1
524061613,0,0,0,0
524061614,8,5,3,3
524061621,0,0,0,0
524061622,19,9,10,8
524061623,0,0,0,0
524061624,0,0,0,0
524061631,0,0,0,0
524061632,0,0,0,0
524061633,5,2,3,2
524061634,0,0,0,0
524061641,40,18,22,13
524061642,19,10,9,11
524061643,0,0,0,0
524061644,0,0,0,0
524061651,0,0,0,0
524061652,0,0,0,0
524061653,0,0,0,0
524061654,0,0,0,0
524061661,0,0,0,0
524061662,7,5,2,1
524061663,0,0,0,0
524061664,18,10,8,5
524061671,24,11,13,7
524061672,0,0,0,0
524061673,0,0,0,0
524061674,0,0,0,0
524061681,25,13,12,7
524061682,0,0,0,0
524061683,22,10,12,8
524061684,7,4,3,2
524061691,0,0,0,0
524061692,0,0,0,0
524061693,0,0,0,0
524061694,0,0,0,0
524061701,43,19,24,20
524061702,0,0,0,0
524061703,3,1,2,2
524061704,0,0,0,0
524061711,0,0,0,0
524061712,0,0,0,0
524061713,0,0,0,0
524061714,0,0,0,0
524061721,0,0,0,0
524061722,0,0,0,0
524061723,68,33,35,23
524061724,38,20,18,16
524061731,0,0,0,0
524061732,2,1,1,1
524061733,0,0,0,0
524061734,28,16,12,9
524061741,89,46,43,31
524061742,0,0,0,0
524061743,35,17,18,12
524061744,0,0,0,0
524061751,0,0,0,0
524061752,0,0,0,0
524061753,0,0,0,0
524061754,0,0,0,0
524061761,12,8,4,2
524061762,28,14,14,12
524061763,2,2,0,1
524061764,12,5,7,4
524061771,0,0,0,0
524061772,4,2,2,2
524061773,0,0,0,0
524061774,36,18,18,13
524061781,26,14,12,7
524061782,0,0,0,0
524061783,0,0,0,0
524061784,0,0,0,0
524061791,0,0,0,0
524061792,0,0,0,0
524061793,0,0,0,0
524061794,24,11,13,6
524061801,0,0,0,0
524061802,0,0,0,0
524061803,0,0,0,0
524061804,0,0,0,0
524061811,0,0,0,0
524061812,0,0,0,0
524061813,0,0,0,0
524061814,0,0,0,0
524061821,0,0,0,0
524061822,0,0,0,0
524061823,0,0,0,0
524061824,0,0,0,0
524073401,6,2,4,4
524073402,139,71,68,50
524073403,36,14,22,13
524073404,183,86,97,76
524073411,180,96,84,73
524073412,286,137,149,104
524073413,176,90,86,67
524073414,253,128,125,93
524073421,52,26,26,17
524073423,68,33,35,24
524073424,0,0,0,0
524061831,38,18,20,14
524061832,67,32,35,22
524061833,38,17,21,13
524061834,31,19,12,13
524061841,0,0,0,0
524061842,41,18,23,13
524061843,0,0,0,0
524061844,0,0,0,0
524061851,16,8,8,4
524061852,0,0,0,0
524061853,1,1,0,1
524061854,0,0,0,0
524061861,48,27,21,21
524061862,6,3,3,1
524061863,40,22,18,15
524061864,10,5,5,2
524061871,0,0,0,0
524061872,2,2,0,2
524061873,0,0,0,0
524061874,10,7,3,5
524061881,42,20,22,15
524061882,0,0,0,0
524061883,12,7,5,3
524061884,71,34,37,22
524061891,0,0,0,0
524061892,8,4,4,2
524061893,90,47,43,29
524061894,53,22,31,14
524061901,0,0,0,0
524061902,0,0,0,0
524061903,0,0,0,0
524061904,0,0,0,0
524061911,0,0,0,0
524061912,0,0,0,0
524061913,0,0,0,0
524061914,0,0,0,0
524061921,0,0,0,0
524061922,0,0,0,0
524061923,28,13,15,8
524061924,39,16,23,14
524061931,27,14,13,7
524061932,113,47,66,45
524061933,75,37,38,25
524061934,8,4,4,2
524061941,4,3,1,2
524061942,0,0,0,0
524061943,0,0,0,0
524061944,0,0,0,0
524061951,7,4,3,3
524061952,0,0,0,0
524061953,0,0,0,0
524061954,46,21,25,14
524061961,19,10,9,4
524061962,13,5,8,4
524061963,55,27,28,23
524061964,40,19,21,14
524061971,0,0,0,0
524061972,7,4,3,2
524061973,26,14,12,10
524061974,26,12,14,10
524061981,28,17,11,10
524061982,83,44,39,28
524061983,106,53,53,36
524061984,26,12,14,9
524061991,38,17,21,13
524061992,111,56,55,38
524061993,0,0,0,0
524061994,43,21,22,11
524062001,0,0,0,0
524062002,16,9,7,7
524062003,16,7,9,4
524062004,16,8,8,5
524062011,64,34,30,24
524062012,60,27,33,18
524062013,51,30,21,16
524062014,13,7,6,3
524062021,15,5,10,4
524062022,0,0,0,0
524062023,0,0,0,0
524062024,0,0,0,0
524062031,0,0,0,0
524062032,0,0,0,0
524062033,0,0,0,0
524062034,54,28,26,19
524062041,180,133,47,120
524062042,31,18,13,10
524062043,85,65,20,57
524062044,29,24,5,26
524062051,0,0,0,0
524062052,9,4,5,4
524062053,0,0,0,0
524062054,0,0,0,0
524062061,118,88,30,90
524062062,177,84,93,67
524062063,0,0,0,0
524062064,0,0,0,0
524062071,3,2,1,3
524062073,14,8,6,10
524062074,1,1,0,1
524062101,8,5,3,3
524062102,14,6,8,5
524062103,0,0,0,0
524062104,34,15,19,10
524062111,11,8,3,6
524062112,0,0,0,0
524062113,20,12,8,4
524062114,0,0,0,0
524062121,0,0,0,0
524062122,0,0,0,0
524062123,18,9,9,4
524062124,0,0,0,0
524062131,0,0,0,0
524062132,44,27,17,18
524062133,9,3,6,2
524062134,89,51,38,41
524062141,60,37,23,30
524062142,0,0,0,0
524062143,2,1,1,1
524062144,0,0,0,0
524062151,0,0,0,0
524062152,0,0,0,0
524062153,0,0,0,0
524062154,0,0,0,0
524062161,0,0,0,0
524062162,0,0,0,0
524062163,22,8,14,11
524062164,41,20,21,19
524062171,14,7,7,7
524062172,151,71,80,71
524062173,263,123,140,132
524062174,393,190,203,151
524062183,121,65,56,51
524062184,42,21,21,19
524062191,0,0,0,0
524062192,0,0,0,0
524062193,546,254,292,197
524062194,29,15,14,8
524062201,0,0,0,0
524062202,70,32,38,24
524062203,0,0,0,0
524062204,30,18,12,11
524062211,21,10,11,6
524062212,46,20,26,12
524062213,30,14,16,11
524062214,43,21,22,15
524062221,51,22,29,14
524062222,20,9,11,5
524062223,39,16,23,15
524062224,0,0,0,0
524062231,94,48,46,28
524062232,62,33,29,24
524062233,86,40,46,27
524062234,49,17,32,12
524062241,0,0,0,0
524062242,0,0,0,0
524062243,0,0,0,0
524062244,0,0,0,0
524062251,0,0,0,0
524062252,0,0,0,0
524062253,0,0,0,0
524062254,11,6,5,4
524062261,37,17,20,15
524062262,101,52,49,52
524062263,16,6,10,7
524062264,70,36,34,34
524062271,225,109,116,115
524062272,133,59,74,57
524062273,177,85,92,85
524062274,149,72,77,67
524062281,671,324,347,291
524062282,539,254,285,231
524062283,289,133,156,112
524062284,656,310,346,264
524062291,688,330,358,261
524062292,0,0,0,0
524062293,127,63,64,59
524062294,0,0,0,0
524062301,0,0,0,0
524062302,0,0,0,0
524062303,0,0,0,0
524062304,0,0,0,0
524062311,25,12,13,9
524062312,15,6,9,8
524062313,0,0,0,0
524062314,68,35,33,25
524062321,43,24,19,18
524062322,42,21,21,15
524062323,50,29,21,19
524062324,77,36,41,26
524062331,85,42,43,35
524062332,13,5,8,7
524062333,222,87,135,59
524062334,15,6,9,7
524062341,0,0,0,0
524062342,0,0,0,0
524062343,0,0,0,0
524062344,0,0,0,0
524062351,0,0,0,0
524062352,51,27,24,19
524062353,0,0,0,0
524062354,25,11,14,7
524062361,25,11,14,11
524062362,0,0,0,0
524062363,91,48,43,27
524062364,0,0,0,0
524062371,153,38,115,22
524062372,49,26,23,20
524062373,39,17,22,13
524062374,12,6,6,4
524062381,103,46,57,42
524062382,503,234,269,191
524062383,1,0,1,1
524062384,182,84,98,78
524062391,69,26,43,30
524062392,0,0,0,0
524062393,0,0,0,0
524062394,6,3,3,2
524062401,0,0,0,0
524062402,0,0,0,0
524062403,0,0,0,0
524062404,0,0,0,0
524062411,1,1,0,1
524062412,64,33,31,26
524062413,39,19,20,15
524062414,253,122,131,94
524062421,71,23,48,9
524062422,8,4,4,3
524062423,46,21,25,18
524062424,47,20,27,17
524062431,21,9,12,6
524062432,1,0,1,1
524062433,0,0,0,0
524062434,0,0,0,0
524062441,0,0,0,0
524062442,0,0,0,0
524062443,1,0,1,1
524062444,0,0,0,0
524062451,0,0,0,0
524062452,0,0,0,0
524062453,0,0,0,0
524062454,7,4,3,3
524062461,84,45,39,31
524062462,44,23,21,15
524062463,0,0,0,0
524062464,57,25,32,18
524062471,2,1,1,1
524062472,46,23,23,20
524062473,26,14,12,11
524062474,16,8,8,6
524062481,8,5,3,5
524062482,73,18,55,11
524062483,62,32,30,22
524062484,31,14,17,15
524062491,86,43,43,40
524062492,62,30,32,24
524062493,77,38,39,42
524062494,21,11,10,6
524062501,0,0,0,0
524062502,0,0,0,0
524062503,0,0,0,0
524062504,24,11,13,8
524062511,44,26,18,13
524062512,71,35,36,20
524062513,105,52,53,31
524062514,53,25,28,18
524062521,30,18,12,11
524062522,4,2,2,3
524062523,0,0,0,0
524062524,0,0,0,0
524062531,0,0,0,0
524062532,0,0,0,0
524062533,0,0,0,0
524062534,0,0,0,0
524062541,0,0,0,0
524062542,0,0,0,0
524062543,0,0,0,0
524062544,9,4,5,3
524062551,0,0,0,0
524062552,37,16,21,13
524062553,0,0,0,0
524062554,4,1,3,2
524062561,34,16,18,12
524062562,62,30,32,17
524062563,20,10,10,7
524062564,41,18,23,12
524062571,67,32,35,24
524062572,27,12,15,11
524062573,94,48,46,31
524062574,116,56,60,46
524062581,9,3,6,5
524062582,0,0,0,0
524062583,10,4,6,6
524062584,0,0,0,0
524062591,112,55,57,59
524062592,87,44,43,41
524062593,69,30,39,32
524062594,60,32,28,28
524062601,0,0,0,0
524062602,49,22,27,13
524062603,0,0,0,0
524062604,15,10,5,4
524062611,79,39,40,26
524062612,4,2,2,2
524062613,77,37,40,29
524062614,0,0,0,0
524062621,0,0,0,0
524062622,18,11,7,8
524062623,0,0,0,0
524062624,47,21,26,15
524062631,44,19,25,13
524062632,8,5,3,3
524062633,15,7,8,5
524062634,13,7,6,6
524062641,7,4,3,3
524062642,11,4,7,8
524062643,7,3,4,4
524062644,2,1,1,2
524062651,0,0,0,0
524062652,0,0,0,0
524062653,0,0,0,0
524062654,0,0,0,0
524062661,0,0,0,0
524062662,12,6,6,3
524062663,0,0,0,0
524062664,0,0,0,0
524062671,56,27,29,20
524062672,124,55,69,41
524062673,16,10,6,6
524062674,35,14,21,11
524062681,0,0,0,0
524062682,10,4,6,4
524062683,39,22,17,16
524062684,44,20,24,15
524062691,0,0,0,0
524062692,13,4,9,4
524062693,4,3,1,1
524062694,8,4,4,4
524062701,8,5,3,3
524062702,30,10,20,9
524062703,32,16,16,11
524062704,18,8,10,6
524062711,84,39,45,28
524062712,66,27,39,18
524062713,5,3,2,3
524062714,28,15,13,10
524062721,106,29,77,13
524062722,26,15,11,9
524062723,34,18,16,9
524062724,0,0,0,0
524062731,0,0,0,0
524062732,0,0,0,0
524062733,0,0,0,0
524062734,0,0,0,0
524062741,0,0,0,0
524062742,0,0,0,0
524062743,0,0,0,0
524062744,0,0,0,0
524062751,0,0,0,0
524062752,0,0,0,0
524062753,0,0,0,0
524062754,1,0,1,1
524062761,2,1,1,1
524062762,0,0,0,0
524062763,2,1,1,1
524062764,0,0,0,0
524062771,13,5,8,4
524062772,58,27,31,18
524062773,33,20,13,12
524062774,44,20,24,15
524062781,40,18,22,12
524062782,8,4,4,4
524062783,88,46,42,30
524062784,0,0,0,0
524062791,0,0,0,0
524062792,13,7,6,3
524062793,0,0,0,0
524062794,36,17,19,11
524062801,22,11,11,8
524062802,6,3,3,1
524062803,14,7,7,6
524062804,0,0,0,0
524062811,0,0,0,0
524062812,0,0,0,0
524062813,0,0,0,0
524062814,0,0,0,0
524062821,0,0,0,0
524062822,0,0,0,0
524062823,0,0,0,0
524062824,0,0,0,0
524062831,0,0,0,0
524062832,0,0,0,0
524062833,0,0,0,0
524062834,0,0,0,0
524062841,0,0,0,0
524062842,0,0,0,0
524062843,0,0,0,0
524062844,3,1,2,2
524062851,32,16,16,10
524062852,0,0,0,0
524062853,44,22,22,16
524062854,0,0,0,0
524062861,0,0,0,0
524062862,0,0,0,0
524062863,0,0,0,0
524062864,0,0,0,0
524062871,0,0,0,0
524062872,33,16,17,11
524062873,0,0,0,0
524062874,6,3,3,2
524062881,50,22,28,14
524062882,26,13,13,8
524062883,24,14,10,8
524062884,46,22,24,18
524062891,27,14,13,9
524062892,46,25,21,15
524062893,40,22,18,12
524062894,98,28,70,9
524062901,67,32,35,21
524062902,71,41,30,29
524062903,57,27,30,17
524062904,64,26,38,20
524062911,209,74,135,40
524062912,0,0,0,0
524062913,0,0,0,0
524062914,0,0,0,0
524062921,0,0,0,0
524062922,0,0,0,0
524062923,0,0,0,0
524062924,15,8,7,4
524062931,0,0,0,0
524062932,0,0,0,0
524062933,15,7,8,4
524062934,7,5,2,2
524062941,0,0,0,0
524062942,23,10,13,6
524062943,0,0,0,0
524062944,2,1,1,1
524062951,64,32,32,21
524062952,0,0,0,0
524062953,106,43,63,18
524062954,26,15,11,9
524062961,0,0,0,0
524062962,0,0,0,0
524062963,0,0,0,0
524062964,26,14,12,8
524062971,53,26,27,14
524062972,46,21,25,17
524062973,20,12,8,7
524062974,79,37,42,26
524062981,32,12,20,12
524062982,0,0,0,0
524062983,11,6,5,4
524062984,0,0,0,0
524062991,15,6,9,7
524062992,35,16,19,11
524062993,56,28,28,22
524062994,6,3,3,2
524063103,1,0,1,1
524063201,1,1,0,1
524063202,0,0,0,0
524063203,0,0,0,0
524063204,0,0,0,0
524063301,0,0,0,0
524063302,0,0,0,0
524063303,25,13,12,8
524063304,6,3,3,2
524063313,0,0,0,0
524063401,19,9,10,7
524063402,0,0,0,0
524063403,4,3,1,2
524063404,31,16,15,13
524063411,30,11,19,10
524063413,132,69,63,45
524063501,19,8,11,5
524063502,45,23,22,13
524063503,46,22,24,17
524063504,36,19,17,14
524063511,79,36,43,29
524063513,7,1,6,7
524063514,0,0,0,0
524063601,208,91,117,71
524063602,80,41,39,30
524063603,93,45,48,37
524063604,269,135,134,96
524063611,3,2,1,1
524063612,6,3,3,3
524063613,40,20,20,17
524063614,165,74,91,54
524063701,3,1,2,2
524063702,181,89,92,63
524063703,0,0,0,0
524063704,117,59,58,40
524063711,74,40,34,27
524063712,25,12,13,10
524063713,93,45,48,34
524063714,61,29,32,23
524063723,0,0,0,0
524063801,0,0,0,0
524063802,16,7,9,6
524063803,7,4,3,2
524063804,92,43,49,41
524063811,474,229,245,174
524063812,173,86,87,62
524063813,438,219,219,158
524063814,243,119,124,80
524063821,21,9,12,8
524063823,44,24,20,23
524063901,32,18,14,10
524063902,279,134,145,102
524063903,22,10,12,8
524063904,527,264,263,203
524063911,621,282,339,234
524063912,144,69,75,59
524063913,779,373,406,304
524063914,665,334,331,262
524063921,156,81,75,58
524063923,285,134,151,124
524070001,16,8,8,7
524070002,0,0,0,0
524070003,151,77,74,50
524070004,33,17,16,10
524070011,0,0,0,0
524070012,0,0,0,0
524070013,0,0,0,0
524070014,0,0,0,0
524070021,0,0,0,0
524070022,0,0,0,0
524070023,0,0,0,0
524070024,0,0,0,0
524070031,23,9,14,8
524070032,60,32,28,18
524070033,84,45,39,26
524070034,101,48,53,36
524070041,467,119,348,28
524070042,215,58,157,25
524070043,22,13,9,9
524070044,202,92,110,72
524070051,87,41,46,26
524070052,6,2,4,2
524070053,88,37,51,27
524070054,0,0,0,0
524070061,0,0,0,0
524070062,0,0,0,0
524070063,0,0,0,0
524070064,0,0,0,0
524070071,0,0,0,0
524070072,0,0,0,0
524070073,0,0,0,0
524070074,0,0,0,0
524070081,0,0,0,0
524070082,0,0,0,0
524070083,0,0,0,0
524070084,0,0,0,0
524070091,0,0,0,0
524070092,0,0,0,0
524070093,0,0,0,0
524070094,0,0,0,0
524070101,31,16,15,12
524070102,260,72,188,9
524070103,5,2,3,2
524070104,0,0,0,0
524070111,0,0,0,0
524070112,0,0,0,0
524070113,0,0,0,0
524070114,0,0,0,0
524070121,0,0,0,0
524070122,0,0,0,0
524070123,0,0,0,0
524070124,0,0,0,0
524070131,3,1,2,2
524070132,40,19,21,9
524070133,0,0,0,0
524070134,0,0,0,0
524070141,68,37,31,23
524070142,25,12,13,8
524070143,19,11,8,9
524070144,14,6,8,7
524070151,51,25,26,24
524070152,0,0,0,0
524070153,0,0,0,0
524070154,0,0,0,0
524070161,0,0,0,0
524070162,0,0,0,0
524070163,0,0,0,0
524070164,0,0,0,0
524070171,0,0,0,0
524070172,0,0,0,0
524070173,0,0,0,0
524070174,0,0,0,0
524070181,0,0,0,0
524070182,0,0,0,0
524070183,0,0,0,0
524070184,0,0,0,0
524070191,0,0,0,0
524070192,0,0,0,0
524070193,16,6,10,6
524070194,0,0,0,0
524070201,0,0,0,0
524070202,0,0,0,0
524070203,7,5,2,2
524070204,18,10,8,6
524070211,0,0,0,0
524070212,0,0,0,0
524070213,0,0,0,0
524070214,0,0,0,0
524070221,0,0,0,0
524070222,0,0,0,0
524070223,0,0,0,0
524070224,0,0,0,0
524070231,61,31,30,22
524070232,18,8,10,5
524070233,0,0,0,0
524070234,16,9,7,10
524070241,65,33,32,20
524070242,67,32,35,21
524070243,92,48,44,30
524070244,2,1,1,2
524070251,84,41,43,27
524070252,0,0,0,0
524070253,98,43,55,33
524070254,48,24,24,13
524070261,0,0,0,0
524070262,0,0,0,0
524070263,0,0,0,0
524070264,0,0,0,0
524070271,0,0,0,0
524070272,0,0,0,0
524070273,20,11,9,5
524070274,0,0,0,0
524070281,0,0,0,0
524070282,0,0,0,0
524070283,0,0,0,0
524070284,0,0,0,0
524070291,16,8,8,7
524070292,51,24,27,16
524070293,0,0,0,0
524070294,2,1,1,1
524070301,0,0,0,0
524070302,11,6,5,4
524070303,0,0,0,0
524070304,0,0,0,0
524070311,0,0,0,0
524070312,9,5,4,5
524070313,0,0,0,0
524070314,4,2,2,1
524070321,22,13,9,9
524070322,0,0,0,0
524070323,0,0,0,0
524070324,35,19,16,13
524070331,0,0,0,0
524070332,23,11,12,8
524070333,19,12,7,7
524070334,28,17,11,12
524070341,12,9,3,6
524070342,30,14,16,9
524070343,37,22,15,11
524070344,3,3,0,3
524070351,79,41,38,24
524070352,97,53,44,46
524070353,65,31,34,21
524070354,26,12,14,9
524070361,0,0,0,0
524070362,27,10,17,9
524070363,93,44,49,34
524070364,37,21,16,9
524070371,76,39,37,18
524070372,24,11,13,7
524070373,21,9,12,6
524070374,40,19,21,12
524070381,0,0,0,0
524070382,0,0,0,0
524070383,0,0,0,0
524070384,25,11,14,7
524070391,0,0,0,0
524070392,5,2,3,3
524070393,0,0,0,0
524070394,0,0,0,0
524070401,0,0,0,0
524070402,0,0,0,0
524070403,0,0,0,0
524070404,0,0,0,0
524070411,0,0,0,0
524070412,0,0,0,0
524070413,0,0,0,0
524070414,4,2,2,2
524070421,1,1,0,1
524070422,0,0,0,0
524070423,0,0,0,0
524070424,0,0,0,0
524070431,2,1,1,1
524070432,0,0,0,0
524070433,0,0,0,0
524070434,1,1,0,1
524070441,4,1,3,2
524070442,64,29,35,20
524070443,69,33,36,22
524070444,29,16,13,12
524070451,89,43,46,30
524070452,66,34,32,23
524070453,82,39,43,27
524070454,51,21,30,18
524070461,43,21,22,15
524070462,62,32,30,25
524070463,35,17,18,12
524070464,109,53,56,42
524070471,0,0,0,0
524070472,0,0,0,0
524070473,0,0,0,0
524070474,0,0,0,0
524070481,0,0,0,0
524070482,15,8,7,4
524070483,0,0,0,0
524070484,2,2,0,1
524070491,0,0,0,0
524070492,0,0,0,0
524070493,1,1,0,1
524070494,20,9,11,7
524070501,0,0,0,0
524070502,0,0,0,0
524070503,0,0,0,0
524070504,0,0,0,0
524070511,0,0,0,0
524070512,0,0,0,0
524070513,0,0,0,0
524070514,0,0,0,0
524070521,0,0,0,0
524070522,0,0,0,0
524070523,0,0,0,0
524070524,0,0,0,0
524070531,0,0,0,0
524070532,0,0,0,0
524070533,0,0,0,0
524070534,0,0,0,0
524070541,1,1,0,1
524070542,0,0,0,0
524070543,19,10,9,5
524070544,31,14,17,13
524070551,4,2,2,2
524070552,56,31,25,20
524070553,105,50,55,34
524070554,145,70,75,55
524070561,326,151,175,124
524070562,10,4,6,4
524070563,526,245,281,182
524070564,91,36,55,42
524070571,8,4,4,4
524070572,0,0,0,0
524070573,10,5,5,3
524070574,0,0,0,0
524070581,0,0,0,0
524070582,7,4,3,3
524070583,60,32,28,19
524070584,27,13,14,8
524070591,11,4,7,3
524070592,20,10,10,6
524070593,32,15,17,11
524070594,0,0,0,0
524070601,15,8,7,4
524070602,0,0,0,0
524070603,5,2,3,2
524070604,0,0,0,0
524070611,0,0,0,0
524070612,4,2,2,1
524070613,0,0,0,0
524070614,0,0,0,0
524070621,0,0,0,0
524070622,0,0,0,0
524070623,0,0,0,0
524070624,0,0,0,0
524070631,0,0,0,0
524070632,0,0,0,0
524070633,0,0,0,0
524070634,19,9,10,4
524070641,60,29,31,16
524070642,89,43,46,27
524070643,100,53,47,28
524070644,87,41,46,22
524070651,8,4,4,4
524070652,41,19,22,13
524070653,42,22,20,11
524070654,177,91,86,58
524070661,95,48,47,38
524070662,16,7,9,6
524070663,0,0,0,0
524070664,0,0,0,0
524070671,2,1,1,1
524070672,0,0,0,0
524070673,0,0,0,0
524070674,110,47,63,31
524070681,43,18,25,15
524070682,0,0,0,0
524070683,3,2,1,2
524070684,0,0,0,0
524070691,0,0,0,0
524070692,0,0,0,0
524070693,0,0,0,0
524070694,0,0,0,0
524070701,28,14,14,8
524070702,0,0,0,0
524070703,14,8,6,5
524070704,8,5,3,2
524070711,0,0,0,0
524070712,0,0,0,0
524070713,0,0,0,0
524070714,0,0,0,0
524070721,0,0,0,0
524070722,0,0,0,0
524070723,0,0,0,0
524070724,0,0,0,0
524070731,5,2,3,3
524070732,80,42,38,23
524070733,51,26,25,14
524070734,149,77,72,58
524070741,74,32,42,26
524070742,41,18,23,14
524070743,39,20,19,12
524070744,315,153,162,100
524070751,147,71,76,48
524070752,39,21,18,16
524070753,89,44,45,33
524070754,98,46,52,29
524070761,58,28,30,20
524070762,0,0,0,0
524070763,0,0,0,0
524070764,0,0,0,0
524070771,24,14,10,10
524070772,44,19,25,17
524070773,9,4,5,4
524070774,0,0,0,0
524070781,0,0,0,0
524070782,0,0,0,0
524070783,0,0,0,0
524070784,0,0,0,0
524070791,0,0,0,0
524070792,0,0,0,0
524070793,0,0,0,0
524070794,0,0,0,0
524070801,38,19,19,16
524070802,28,14,14,6
524070803,36,15,21,13
524070804,0,0,0,0
524070811,0,0,0,0
524070812,0,0,0,0
524070813,0,0,0,0
524070814,0,0,0,0
524070821,0,0,0,0
524070822,46,23,23,12
524070823,0,0,0,0
524070824,83,46,37,26
524070831,98,49,49,33
524070832,60,25,35,17
524070833,141,69,72,51
524070834,106,49,57,30
524070841,56,26,30,15
524070842,196,98,98,70
524070843,154,70,84,48
524070844,99,48,51,26
524070851,93,50,43,34
524070852,8,2,6,4
524070853,2,0,2,2
524070854,23,12,11,6
524070861,0,0,0,0
524070862,64,33,31,15
524070863,121,62,59,36
524070864,81,40,41,26
524070871,88,38,50,31
524070872,0,0,0,0
524070873,1,0,1,1
524070874,0,0,0,0
524070881,0,0,0,0
524070882,19,8,11,6
524070883,0,0,0,0
524070884,0,0,0,0
524070891,10,3,7,3
524070892,0,0,0,0
524070893,99,51,48,34
524070894,155,44,111,8
524070901,10,3,7,6
524070902,2,1,1,1
524070903,58,30,28,14
524070904,12,6,6,4
524070911,34,19,15,10
524070912,3,1,2,1
524070913,20,10,10,4
524070914,0,0,0,0
524070921,2,0,2,2
524070922,76,35,41,24
524070923,43,23,20,9
524070924,59,32,27,16
524070931,7,4,3,2
524070932,53,26,27,15
524070933,12,6,6,5
524070934,57,27,30,20
524070941,1,0,1,1
524070942,281,139,142,84
524070943,48,24,24,13
524070944,168,82,86,50
524070951,168,85,83,59
524070952,130,69,61,41
524070953,0,0,0,0
524070954,0,0,0,0
524070961,71,34,37,22
524070962,2,1,1,1
524070963,13,7,6,5
524070964,0,0,0,0
524070971,0,0,0,0
524070972,0,0,0,0
524070973,0,0,0,0
524070974,0,0,0,0
524070981,0,0,0,0
524070982,0,0,0,0
524070983,10,0,10,10
524070984,0,0,0,0
524070991,0,0,0,0
524070992,0,0,0,0
524070993,0,0,0,0
524070994,0,0,0,0
524071001,0,0,0,0
524071002,0,0,0,0
524071003,0,0,0,0
524071004,0,0,0,0
524071011,0,0,0,0
524071012,0,0,0,0
524071013,0,0,0,0
524071014,10,5,5,3
524071021,1,1,0,1
524071022,2,1,1,1
524071023,58,30,28,17
524071024,60,29,31,20
524071031,91,46,45,34
524071032,0,0,0,0
524071033,23,14,9,6
524071034,0,0,0,0
524071041,0,0,0,0
524071042,3,3,0,3
524071043,0,0,0,0
524071044,4,1,3,3
524071051,55,28,27,20
524071052,194,92,102,80
524071053,73,34,39,25
524071054,0,0,0,0
524071061,108,45,63,40
524071062,13,8,5,5
524071063,0,0,0,0
524071064,0,0,0,0
524071071,70,36,34,27
524071072,80,40,40,26
524071073,56,28,28,16
524071074,14,6,8,7
524071081,36,18,18,13
524071082,0,0,0,0
524071083,2,2,0,2
524071084,0,0,0,0
524071091,0,0,0,0
524071092,6,4,2,3
524071093,3,1,2,1
524071094,65,31,34,20
524071101,0,0,0,0
524071102,0,0,0,0
524071103,0,0,0,0
524071104,0,0,0,0
524071111,0,0,0,0
524071112,0,0,0,0
524071113,0,0,0,0
524071114,0,0,0,0
524071121,26,15,11,11
524071122,28,12,16,11
524071123,11,5,6,6
524071124,106,51,55,39
524071131,34,17,17,14
524071132,0,0,0,0
524071133,65,30,35,24
524071134,0,0,0,0
524071141,0,0,0,0
524071142,0,0,0,0
524071143,0,0,0,0
524071144,0,0,0,0
524071151,10,5,5,2
524071152,0,0,0,0
524071153,0,0,0,0
524071154,0,0,0,0
524071161,0,0,0,0
524071162,21,12,9,8
524071163,66,35,31,18
524071164,77,35,42,33
524071171,23,9,14,8
524071172,0,0,0,0
524071173,2,1,1,1
524071174,0,0,0,0
524071181,0,0,0,0
524071182,0,0,0,0
524071183,0,0,0,0
524071184,0,0,0,0
524071191,0,0,0,0
524071192,15,8,7,5
524071193,0,0,0,0
524071194,0,0,0,0
524071201,0,0,0,0
524071202,0,0,0,0
524071203,0,0,0,0
524071204,0,0,0,0
524071211,0,0,0,0
524071212,0,0,0,0
524071213,0,0,0,0
524071214,50,24,26,17
524071221,35,16,19,11
524071222,75,35,40,31
524071223,21,11,10,6
524071224,68,34,34,27
524071231,17,8,9,9
524071232,0,0,0,0
524071233,5,1,4,3
524071234,15,12,3,13
524071241,0,0,0,0
524071242,0,0,0,0
524071243,8,4,4,3
524071244,0,0,0,0
524071251,0,0,0,0
524071252,11,6,5,4
524071253,0,0,0,0
524071254,0,0,0,0
524071261,62,30,32,13
524071262,18,10,8,6
524071263,4,1,3,1
524071264,0,0,0,0
524071271,0,0,0,0
524071272,0,0,0,0
524071273,0,0,0,0
524071274,0,0,0,0
524071281,0,0,0,0
524071282,0,0,0,0
524071283,0,0,0,0
524071284,23,10,13,10
524071291,0,0,0,0
524071292,5,3,2,2
524071293,14,4,10,4
524071294,86,42,44,34
524071301,0,0,0,0
524071302,0,0,0,0
524071303,0,0,0,0
524071304,12,7,5,4
524071311,0,0,0,0
524071312,7,4,3,4
524071313,0,0,0,0
524071314,9,4,5,3
524071321,31,18,13,13
524071322,0,0,0,0
524071323,1,0,1,1
524071324,0,0,0,0
524071331,21,16,5,13
524071332,0,0,0,0
524071333,0,0,0,0
524071334,0,0,0,0
524071341,0,0,0,0
524071342,0,0,0,0
524071343,0,0,0,0
524071344,0,0,0,0
524071351,0,0,0,0
524071352,0,0,0,0
524071353,0,0,0,0
524071354,0,0,0,0
524071361,8,3,5,2
524071362,0,0,0,0
524071363,0,0,0,0
524071364,0,0,0,0
524071371,0,0,0,0
524071372,0,0,0,0
524071373,0,0,0,0
524071374,0,0,0,0
524071381,0,0,0,0
524071382,49,21,28,17
524071383,0,0,0,0
524071384,0,0,0,0
524071391,500,234,266,70
524071392,192,103,89,82
524071393,170,89,81,58
524071394,358,144,214,111
524071401,26,12,14,9
524071402,0,0,0,0
524071403,0,0,0,0
524071404,0,0,0,0
524071411,11,5,6,4
524071412,85,40,45,32
524071413,0,0,0,0
524071414,83,42,41,23
524071421,0,0,0,0
524071422,0,0,0,0
524071423,48,24,24,14
524071424,0,0,0,0
524071431,0,0,0,0
524071432,0,0,0,0
524071433,0,0,0,0
524071434,0,0,0,0
524071441,0,0,0,0
524071442,7,3,4,2
524071443,34,16,18,17
524071444,3,2,1,2
524071451,0,0,0,0
524071452,5,2,3,2
524071453,0,0,0,0
524071454,4,2,2,1
524071461,0,0,0,0
524071462,0,0,0,0
524071463,4,3,1,2
524071464,0,0,0,0
524071471,0,0,0,0
524071472,1,1,0,1
524071473,0,0,0,0
524071474,0,0,0,0
524071481,0,0,0,0
524071482,0,0,0,0
524071483,0,0,0,0
524071484,0,0,0,0
524071491,144,68,76,59
524071492,502,238,264,195
524071493,295,142,153,91
524071494,201,91,110,80
524071501,33,17,16,12
524071502,0,0,0,0
524071503,0,0,0,0
524071504,10,6,4,6
524071511,2,1,1,1
524071512,28,13,15,8
524071513,8,4,4,2
524071514,63,35,28,24
524071521,18,8,10,6
524071522,15,10,5,4
524071523,25,13,12,9
524071524,0,0,0,0
524071531,0,0,0,0
524071532,4,1,3,2
524071533,0,0,0,0
524071534,4,2,2,3
524071541,2,1,1,1
524071542,4,2,2,2
524071543,0,0,0,0
524071544,26,13,13,9
524071551,3,1,2,2
524071552,0,0,0,0
524071553,0,0,0,0
524071554,10,6,4,5
524071561,0,0,0,0
524071562,0,0,0,0
524071563,13,7,6,8
524071564,10,5,5,5
524071571,2,2,0,2
524071572,1,1,0,1
524071573,0,0,0,0
524071574,0,0,0,0
524071581,0,0,0,0
524071582,62,26,36,19
524071583,0,0,0,0
524071584,68,30,38,23
524071591,251,133,118,97
524071592,219,94,125,89
524071593,147,66,81,42
524071594,106,58,48,39
524071601,0,0,0,0
524071602,8,4,4,3
524071603,0,0,0,0
524071604,0,0,0,0
524071611,49,22,27,18
524071612,97,47,50,38
524071613,11,5,6,3
524071614,76,36,40,25
524071621,70,32,38,24
524071622,0,0,0,0
524071623,9,4,5,2
524071624,0,0,0,0
524071631,0,0,0,0
524071632,3,2,1,1
524071633,0,0,0,0
524071634,0,0,0,0
524071641,0,0,0,0
524071642,0,0,0,0
524071643,2,1,1,1
524071644,6,3,3,2
524071651,0,0,0,0
524071652,0,0,0,0
524071653,0,0,0,0
524071654,0,0,0,0
524071661,0,0,0,0
524071662,0,0,0,0
524071663,0,0,0,0
524071664,0,0,0,0
524071671,0,0,0,0
524071672,0,0,0,0
524071673,28,15,13,9
524071674,33,18,15,11
524071681,0,0,0,0
524071682,0,0,0,0
524071683,4,2,2,1
524071684,170,88,82,46
524071691,82,34,48,27
524071692,26,15,11,10
524071693,126,65,61,52
524071694,36,20,16,16
524071701,0,0,0,0
524071702,0,0,0,0
524071703,0,0,0,0
524071704,3,2,1,1
524071711,4,2,2,1
524071712,107,52,55,35
524071713,27,11,16,7
524071714,19,9,10,6
524071721,37,21,16,13
524071722,0,0,0,0
524071723,9,3,6,3
524071724,0,0,0,0
524071731,0,0,0,0
524071732,0,0,0,0
524071733,0,0,0,0
524071734,0,0,0,0
524071741,0,0,0,0
524071742,22,12,10,7
524071743,33,13,20,13
524071744,0,0,0,0
524071751,0,0,0,0
524071752,6,3,3,2
524071753,25,12,13,6
524071754,0,0,0,0
524071761,0,0,0,0
524071762,8,3,5,4
524071763,0,0,0,0
524071764,0,0,0,0
524071771,32,16,16,9
524071772,0,0,0,0
524071773,2,1,1,1
524071774,0,0,0,0
524071781,0,0,0,0
524071782,5,3,2,3
524071783,0,0,0,0
524071784,0,0,0,0
524071791,166,84,82,53
524071792,43,21,22,15
524071793,0,0,0,0
524071794,23,13,10,6
524071801,0,0,0,0
524071802,0,0,0,0
524071803,0,0,0,0
524071804,18,9,9,8
524071811,55,26,29,20
524071812,84,37,47,27
524071813,54,27,27,20
524071814,107,51,56,37
524071821,95,45,50,30
524071822,6,2,4,2
524071823,9,4,5,4
524071824,3,1,2,1
524071831,0,0,0,0
524071832,0,0,0,0
524071833,3,1,2,2
524071834,30,13,17,9
524071841,3,1,2,2
524071842,0,0,0,0
524071843,0,0,0,0
524071844,0,0,0,0
524071851,41,22,19,18
524071852,7,5,2,2
524071853,17,8,9,7
524071854,2,2,0,1
524071861,0,0,0,0
524071862,0,0,0,0
524071863,0,0,0,0
524071864,5,2,3,2
524071871,20,12,8,7
524071872,0,0,0,0
524071873,110,54,56,35
524071874,0,0,0,0
524071881,0,0,0,0
524071882,0,0,0,0
524071883,0,0,0,0
524071884,0,0,0,0
524071891,0,0,0,0
524071892,0,0,0,0
524071893,0,0,0,0
524071894,41,20,21,11
524071901,0,0,0,0
524071902,0,0,0,0
524071903,0,0,0,0
524071904,0,0,0,0
524071911,44,20,24,17
524071912,59,28,31,21
524071913,18,9,9,6
524071914,43,24,19,18
524071921,6,3,3,3
524071922,0,0,0,0
524071923,0,0,0,0
524071924,0,0,0,0
524071931,1,1,0,1
524071932,69,34,35,25
524071933,11,8,3,4
524071934,57,29,28,25
524071941,0,0,0,0
524071942,0,0,0,0
524071943,0,0,0,0
524071944,0,0,0,0
524071951,0,0,0,0
524071952,0,0,0,0
524071953,0,0,0,0
524071954,0,0,0,0
524071961,0,0,0,0
524071962,92,55,37,42
524071963,7,4,3,2
524071964,78,45,33,23
524071971,0,0,0,0
524071972,0,0,0,0
524071973,15,5,10,4
524071974,14,6,8,2
524071981,0,0,0,0
524071982,0,0,0,0
524071983,21,10,11,7
524071984,7,3,4,2
524071991,25,11,14,6
524071992,50,23,27,14
524071993,22,10,12,8
524071994,39,19,20,12
524072001,96,48,48,30
524072002,56,27,29,17
524072003,106,49,57,35
524072004,11,6,5,2
524072011,0,0,0,0
524072012,0,0,0,0
524072013,17,8,9,5
524072014,0,0,0,0
524072021,0,0,0,0
524072022,11,6,5,3
524072023,0,0,0,0
524072024,0,0,0,0
524072031,36,20,16,12
524072032,48,22,26,14
524072033,0,0,0,0
524072034,53,28,25,18
524072041,23,10,13,6
524072042,17,7,10,4
524072043,15,7,8,6
524072044,38,20,18,15
524072051,15,8,7,7
524072052,6,3,3,3
524072053,19,9,10,6
524072054,5,1,4,3
524072061,0,0,0,0
524072062,0,0,0,0
524072063,10,4,6,3
524072064,40,21,19,14
524072071,107,50,57,33
524072072,43,21,22,11
524072073,32,17,15,12
524072074,32,12,20,12
524072081,11,6,5,3
524072082,0,0,0,0
524072083,0,0,0,0
524072084,3,1,2,2
524072091,58,27,31,24
524072092,29,15,14,10
524072093,21,9,12,9
524072094,16,8,8,5
524072101,27,14,13,8
524072102,55,27,28,17
524072103,83,41,42,25
524072104,47,22,25,15
524072111,14,9,5,5
524072112,0,0,0,0
524072113,37,22,15,16
524072114,0,0,0,0
524072121,0,0,0,0
524072122,0,0,0,0
524072123,0,0,0,0
524072124,0,0,0,0
524072131,27,12,15,8
524072132,59,30,29,19
524072133,24,13,11,7
524072134,21,10,11,7
524072141,21,9,12,6
524072142,59,31,28,18
524072143,10,4,6,3
524072144,28,15,13,8
524072151,41,19,22,15
524072152,49,27,22,19
524072153,39,16,23,17
524072154,17,7,10,6
524072161,53,26,27,17
524072162,50,24,26,21
524072163,58,27,31,18
524072164,50,24,26,15
524072171,88,38,50,32
524072172,61,32,29,17
524072173,182,91,91,68
524072174,136,64,72,58
524072181,0,0,0,0
524072182,0,0,0,0
524072183,23,10,13,11
524072184,37,20,17,12
524072191,0,0,0,0
524072192,45,20,25,13
524072193,0,0,0,0
524072194,42,15,27,14
524072201,115,59,56,39
524072202,79,42,37,26
524072203,17,11,6,7
524072204,0,0,0,0
524072211,2,1,1,1
524072212,0,0,0,0
524072213,0,0,0,0
524072214,0,0,0,0
524072221,0,0,0,0
524072222,25,11,14,8
524072223,0,0,0,0
524072224,44,21,23,13
524072231,70,37,33,19
524072232,0,0,0,0
524072233,51,25,26,18
524072234,18,9,9,4
524072241,0,0,0,0
524072242,4,3,1,3
524072243,15,9,6,4
524072244,0,0,0,0
524072251,0,0,0,0
524072252,0,0,0,0
524072253,1,1,0,1
524072254,4,2,2,1
524072261,0,0,0,0
524072262,42,23,19,15
524072263,37,20,17,12
524072264,25,7,18,6
524072271,4,2,2,3
524072272,17,8,9,6
524072273,20,8,12,7
524072274,54,29,25,19
524072281,39,19,20,12
524072282,51,24,27,18
524072283,7,3,4,3
524072284,0,0,0,0
524072291,2,1,1,1
524072292,0,0,0,0
524072293,0,0,0,0
524072294,0,0,0,0
524072301,20,8,12,6
524072302,0,0,0,0
524072303,58,27,31,24
524072304,61,30,31,18
524072311,0,0,0,0
524072312,14,7,7,4
524072313,9,4,5,3
524072314,51,27,24,16
524072321,36,17,19,10
524072322,24,13,11,7
524072323,96,50,46,39
524072324,173,86,87,69
524072331,68,32,36,19
524072332,37,19,18,10
524072333,122,58,64,41
524072334,74,33,41,27
524072341,51,27,24,16
524072342,32,18,14,12
524072343,170,81,89,72
524072344,456,224,232,165
524072351,17,10,7,6
524072352,6,2,4,2
524072353,308,153,155,106
524072354,117,57,60,39
524072361,42,17,25,18
524072362,28,11,17,7
524072363,135,67,68,47
524072364,36,18,18,12
524072371,62,31,31,21
524072372,43,20,23,14
524072373,35,19,16,14
524072374,0,0,0,0
524072381,0,0,0,0
524072382,0,0,0,0
524072383,0,0,0,0
524072384,0,0,0,0
524072391,2,1,1,1
524072392,0,0,0,0
524072393,49,27,22,16
524072394,17,7,10,4
524072401,144,62,82,48
524072402,21,10,11,8
524072403,258,128,130,83
524072404,72,38,34,28
524072411,33,15,18,13
524072412,73,38,35,27
524072413,94,41,53,32
524072414,13,6,7,4
524072421,53,25,28,18
524072422,17,6,11,7
524072423,35,18,17,8
524072424,2,1,1,1
524072431,23,13,10,6
524072432,11,5,6,7
524072433,0,0,0,0
524072434,53,26,27,18
524072441,158,79,79,53
524072442,181,92,89,63
524072443,38,18,20,12
524072444,105,54,51,28
524072451,216,83,133,48
524072452,77,38,39,32
524072453,137,66,71,56
524072454,14,6,8,7
524072461,43,23,20,16
524072462,23,14,9,6
524072463,22,9,13,8
524072464,21,8,13,4
524072471,0,0,0,0
524072472,0,0,0,0
524072473,27,14,13,10
524072474,18,9,9,7
524072481,20,10,10,8
524072482,21,8,13,6
524072483,59,26,33,17
524072484,32,15,17,10
524072491,16,8,8,8
524072492,9,5,4,4
524072493,81,39,42,28
524072494,49,23,26,14
524072501,47,23,24,15
524072502,8,2,6,5
524072503,27,11,16,9
524072504,83,40,43,27
524072511,99,48,51,34
524072512,4,2,2,2
524072513,58,27,31,19
524072514,0,0,0,0
524072521,120,65,55,40
524072522,50,23,27,16
524072523,20,10,10,10
524072524,34,12,22,12
524072531,78,36,42,25
524072532,12,6,6,3
524072533,0,0,0,0
524072534,0,0,0,0
524072541,42,22,20,12
524072542,73,36,37,22
524072543,63,28,35,19
524072544,136,70,66,36
524072551,72,34,38,27
524072552,50,23,27,13
524072553,41,22,19,15
524072554,91,53,38,30
524072561,55,35,20,1
524072562,9,5,4,4
524072563,47,25,22,15
524072564,25,13,12,10
524072571,52,26,26,17
524072572,33,19,14,12
524072573,22,12,10,9
524072574,57,26,31,22
524072581,31,16,15,16
524072582,14,7,7,4
524072583,61,27,34,24
524072584,19,10,9,9
524072591,38,17,21,12
524072592,26,12,14,10
524072593,50,23,27,15
524072594,144,75,69,52
524072601,108,52,56,32
524072602,86,42,44,24
524072603,66,32,34,23
524072604,40,15,25,18
524072611,43,22,21,16
524072612,0,0,0,0
524072613,2,2,0,2
524072614,0,0,0,0
524072621,0,0,0,0
524072622,36,14,22,12
524072623,0,0,0,0
524072624,1,1,0,1
524072631,29,14,15,10
524072632,49,28,21,14
524072633,32,15,17,12
524072634,51,24,27,15
524072641,3,1,2,1
524072642,44,23,21,14
524072643,0,0,0,0
524072644,21,10,11,5
524072651,118,57,61,42
524072652,56,28,28,20
524072653,40,24,16,12
524072654,96,44,52,34
524072661,16,9,7,6
524072662,52,28,24,13
524072663,84,41,43,26
524072664,87,44,43,27
524072671,13,7,6,4
524072672,50,23,27,19
524072673,12,6,6,3
524072674,134,57,77,50
524072681,56,26,30,22
524072682,192,75,117,40
524072683,112,48,64,47
524072684,103,52,51,32
524072691,155,83,72,51
524072692,179,91,88,60
524072693,33,16,17,12
524072694,131,56,75,46
524072701,4,2,2,2
524072702,0,0,0,0
524072703,0,0,0,0
524072704,0,0,0,0
524072711,0,0,0,0
524072712,0,0,0,0
524072713,0,0,0,0
524072714,0,0,0,0
524072721,24,12,12,6
524072722,63,35,28,19
524072723,3,1,2,1
524072724,7,4,3,3
524072731,44,23,21,15
524072732,78,40,38,23
524072733,0,0,0,0
524072734,44,18,26,14
524072741,12,6,6,4
524072742,76,35,41,25
524072743,76,33,43,25
524072744,86,32,54,11
524072751,5,2,3,2
524072752,63,27,36,20
524072753,52,24,28,15
524072754,56,25,31,22
524072761,89,47,42,26
524072762,68,32,36,20
524072763,27,15,12,9
524072764,26,14,12,10
524072771,6,3,3,3
524072772,240,77,163,14
524072773,59,27,32,19
524072774,9,3,6,2
524072781,14,6,8,6
524072782,68,35,33,28
524072783,0,0,0,0
524072784,95,44,51,27
524072791,86,46,40,34
524072792,60,26,34,20
524072793,74,35,39,22
524072794,128,66,62,53
524072801,0,0,0,0
524072802,19,10,9,5
524072803,0,0,0,0
524072804,0,0,0,0
524072811,0,0,0,0
524072812,0,0,0,0
524072813,4,1,3,2
524072814,0,0,0,0
524072821,0,0,0,0
524072822,0,0,0,0
524072823,0,0,0,0
524072824,1,0,1,1
524072831,4,3,1,2
524072832,0,0,0,0
524072833,5,2,3,2
524072834,10,6,4,2
524072841,0,0,0,0
524072842,55,29,26,19
524072843,50,27,23,12
524072844,19,8,11,4
524072851,14,7,7,7
524072852,54,19,35,18
524072853,63,30,33,23
524072854,74,40,34,24
524072861,43,25,18,14
524072862,13,6,7,3
524072863,22,12,10,9
524072864,43,25,18,13
524072871,41,24,17,13
524072872,96,52,44,15
524072873,35,14,21,12
524072874,2,1,1,1
524072881,13,6,7,3
524072882,55,27,28,15
524072883,37,19,18,11
524072884,24,12,12,7
524072891,103,54,49,41
524072892,395,200,195,138
524072893,128,59,69,40
524072894,415,208,207,177
524072901,0,0,0,0
524072902,0,0,0,0
524072903,2,1,1,1
524072904,0,0,0,0
524072911,33,17,16,10
524072912,22,13,9,8
524072913,0,0,0,0
524072914,53,25,28,17
524072921,0,0,0,0
524072922,0,0,0,0
524072923,69,32,37,21
524072924,0,0,0,0
524072931,2,1,1,1
524072932,3,2,1,1
524072933,12,8,4,4
524072934,8,3,5,4
524072941,17,8,9,5
524072942,48,24,24,13
524072943,0,0,0,0
524072944,29,14,15,11
524072951,71,31,40,21
524072952,24,11,13,9
524072953,9,5,4,4
524072954,20,11,9,6
524072961,0,0,0,0
524072962,54,24,30,15
524072963,39,20,19,13
524072964,48,26,22,13
524072971,54,21,33,18
524072972,55,28,27,15
524072973,17,7,10,5
524072974,23,13,10,10
524072981,56,31,25,19
524072982,37,19,18,14
524072983,35,19,16,12
524072984,10,5,5,5
524072991,42,21,21,15
524072992,68,34,34,24
524072993,22,12,10,6
524072994,80,37,43,36
524073001,62,28,34,31
524073002,479,228,251,205
524073003,16,8,8,4
524073004,199,95,104,79
524073011,620,292,328,253
524073012,900,433,467,350
524073013,320,157,163,132
524073014,535,263,272,202
524073021,694,324,370,257
524073023,11,5,6,3
524073101,228,112,116,78
524073102,327,160,167,130
524073103,250,119,131,90
524073104,250,122,128,93
524073111,251,122,129,88
524073112,358,171,187,158
524073113,150,69,81,56
524073114,174,84,90,58
524073121,0,0,0,0
524073201,56,26,30,17
524073202,55,27,28,20
524073203,16,7,9,4
524073204,9,5,4,3
524073211,153,76,77,49
524073212,252,123,129,76
524073213,217,81,136,42
524073214,143,71,72,49
524073223,0,0,0,0
524073301,0,0,0,0
524073302,4,2,2,1
524073303,33,17,16,11
524073304,122,62,60,38
524073311,94,56,38,28
524073312,293,146,147,114
524073313,250,121,129,108
524073314,263,134,129,113
524073321,11,5,6,5
524073323,11,5,6,5
524073501,43,26,17,20
524073502,203,96,107,89
524073503,171,90,81,72
524073504,456,201,255,179
524073511,612,284,328,228
524073512,243,124,119,84
524073513,415,192,223,153
524073514,81,40,41,36
524073521,23,10,13,12
524073522,0,0,0,0
524073523,40,19,21,16
524073524,21,11,10,10
524073601,182,86,96,69
524073602,67,34,33,28
524073603,188,99,89,84
524073604,108,44,64,38
524073611,107,53,54,44
524073612,43,22,21,25
524073613,50,27,23,20
524073614,1,0,1,1
524073621,48,26,22,24
524073622,93,46,47,45
524073623,131,69,62,59
524073624,62,29,33,21
524073631,22,10,12,6
524073633,44,23,21,13
524073701,132,65,67,56
524073702,191,96,95,66
524073703,254,127,127,97
524073704,132,58,74,55
524073711,142,68,74,43
524073712,97,52,45,33
524073713,68,37,31,23
524073714,186,90,96,84
524073721,218,106,112,84
524073722,92,50,42,31
524073723,114,57,57,42
524073724,38,17,21,16
524073731,0,0,0,0
524073733,0,0,0,0
524073801,444,212,232,165
524073802,400,185,215,160
524073803,206,105,101,83
524073804,29,14,15,9
524073811,100,47,53,34
524073812,80,42,38,24
524073813,36,18,18,14
524073814,158,74,84,47
524073821,123,62,61,47
524073822,16,8,8,6
524073823,237,119,118,85
524073824,9,5,4,4
524073901,41,24,17,17
524073902,43,25,18,22
524073903,89,38,51,28
524073904,13,6,7,6
524073911,12,6,6,4
524073912,204,96,108,64
524073913,45,23,22,17
524073914,55,28,27,21
524073921,146,54,92,15
524073922,0,0,0,0
524073923,0,0,0,0
533907921,22,8,14,9
533907922,130,60,70,41
533907923,7,3,4,2
533907924,10,5,5,5
533907931,17,7,10,5
533907932,239,108,131,89
533907933,100,48,52,35
533907934,198,97,101,74
533907941,1067,602,465,320
533907942,2068,1133,935,910
533907943,987,473,514,395
533907944,1032,522,510,487
533907951,1371,653,718,541
533907952,811,365,446,327
533907953,886,451,435,365
533907954,235,113,122,106
533907961,18,9,9,4
533907962,18,9,9,7
533907963,85,41,44,26
533907964,38,22,16,12
533907971,81,41,40,26
533907972,156,73,83,44
533907973,101,50,51,31
533907974,36,17,19,15
533907981,50,24,26,17
533907982,38,17,21,8
533907983,14,7,7,3
533907984,0,0,0,0
533907991,0,0,0,0
533907992,0,0,0,0
533907993,6,3,3,3
533907994,89,44,45,23
533906061,0,0,0,0
533906062,0,0,0,0
533906063,0,0,0,0
533906064,0,0,0,0
533906071,0,0,0,0
533906072,155,73,82,51
533906073,0,0,0,0
533906074,0,0,0,0
533906081,688,369,319,261
533906082,859,455,404,375
533906083,315,159,156,92
533906084,528,270,258,208
533906091,660,340,320,268
533906092,1681,922,759,638
533906093,646,352,294,265
533906094,1139,775,364,671
533906152,0,0,0,0
533906154,0,0,0,0
533906161,0,0,0,0
533906162,0,0,0,0
533906163,0,0,0,0
533906164,0,0,0,0
533906171,0,0,0,0
533906172,0,0,0,0
533906173,0,0,0,0
533906174,0,0,0,0
533906181,87,66,21,57
533906182,275,149,126,127
533906183,0,0,0,0
533906184,0,0,0,0
533906191,392,215,177,171
533906192,6,4,2,4
533906193,0,0,0,0
533906194,0,0,0,0
533906261,0,0,0,0
533906262,0,0,0,0
533906264,0,0,0,0
533906271,0,0,0,0
533906272,0,0,0,0
533906273,0,0,0,0
533906281,0,0,0,0
533906282,0,0,0,0
533906283,0,0,0,0
533906284,0,0,0,0
533906291,0,0,0,0
533906292,0,0,0,0
533906293,0,0,0,0
533906294,0,0,0,0
533906362,0,0,0,0
533906371,0,0,0,0
533906372,0,0,0,0
533906373,0,0,0,0
533906374,0,0,0,0
533906381,0,0,0,0
533906382,0,0,0,0
533906383,0,0,0,0
533906384,0,0,0,0
533906391,0,0,0,0
533906392,0,0,0,0
533906393,0,0,0,0
533906394,0,0,0,0
533906471,0,0,0,0
533906472,0,0,0,0
533906473,0,0,0,0
533906474,0,0,0,0
533906481,0,0,0,0
533906482,0,0,0,0
533906483,0,0,0,0
533906491,0,0,0,0
533906572,0,0,0,0
533907001,1923,980,943,787
533907002,1632,821,811,729
533907003,864,493,371,442
533907004,860,445,415,353
533907011,1083,580,503,509
533907012,1010,516,494,425
533907013,695,371,324,311
533907014,1458,732,726,558
533907021,1684,833,851,692
533907022,624,325,299,272
533907023,1681,854,827,617
533907024,951,476,475,340
533907031,955,489,466,397
533907032,431,212,219,170
533907033,0,0,0,0
533907034,0,0,0,0
533907041,9,5,4,3
533907042,0,0,0,0
533907043,142,67,75,59
533907044,335,170,165,132
533907051,0,0,0,0
533907052,350,161,189,123
533907053,560,273,287,212
533907054,499,250,249,154
533907061,1173,579,594,438
533907062,35,16,19,13
533907063,914,453,461,332
533907064,23,11,12,8
533907071,0,0,0,0
533907072,0,0,0,0
533907073,0,0,0,0
533907074,2,0,2,1
533907081,9,5,4,1
533907082,5,3,2,1
533907083,25,13,12,5
533907084,96,49,47,20
533907091,17,12,5,13
533907092,158,79,79,48
533907093,3,1,2,1
533907094,85,45,40,26
533907101,13,7,6,5
533907102,69,39,30,41
533907103,0,0,0,0
533907104,0,0,0,0
533907111,418,213,205,155
533907112,1329,669,660,484
533907113,0,0,0,0
533907114,345,175,170,115
533907121,1047,530,517,399
533907122,1178,578,600,429
533907123,1228,603,625,485
533907124,1203,610,593,401
533907131,553,275,278,202
533907132,60,32,28,17
533907133,694,324,370,266
533907134,76,40,36,23
533907141,961,490,471,381
533907142,1432,664,768,583
533907143,185,97,88,78
533907144,89,41,48,27
533907151,1156,601,555,490
533907152,1536,751,785,524
533907153,757,399,358,302
533907154,438,221,217,144
533907161,1172,581,591,461
533907162,51,28,23,13
533907163,313,150,163,112
533907164,56,30,26,18
533907171,0,0,0,0
533907172,21,11,10,7
533907173,30,16,14,9
533907174,21,8,13,7
533907181,157,72,85,45
533907182,63,36,27,16
533907183,44,23,21,12
533907184,191,185,6,8
533907191,0,0,0,0
533907192,22,10,12,7
533907193,141,69,72,4
533907194,0,0,0,0
533907201,0,0,0,0
533907202,0,0,0,0
533907203,0,0,0,0
533907204,0,0,0,0
533907211,0,0,0,0
533907212,24,10,14,8
533907213,0,0,0,0
533907214,0,0,0,0
533907221,386,206,180,132
533907222,658,324,334,228
533907223,0,0,0,0
533907224,195,94,101,77
533907231,411,206,205,136
533907232,50,20,30,17
533907233,522,267,255,183
533907234,107,60,47,35
533907241,47,29,18,22
533907242,27,13,14,8
533907243,41,24,17,18
533907244,963,486,477,396
533907251,31,11,20,10
533907252,19,9,10,8
533907253,641,329,312,298
533907254,501,268,233,233
533907261,17,8,9,5
533907262,117,60,57,43
533907263,0,0,0,0
533907264,289,141,148,101
533907271,50,26,24,17
533907272,17,9,8,5
533907273,153,74,79,46
533907274,43,22,21,12
533907281,24,10,14,8
533907282,18,11,7,5
533907283,18,10,8,6
533907284,12,6,6,4
533907291,13,6,7,4
533907292,9,5,4,2
533907293,14,7,7,6
533907294,0,0,0,0
533907301,0,0,0,0
533907302,0,0,0,0
533907303,0,0,0,0
533907311,0,0,0,0
533907312,0,0,0,0
533907313,0,0,0,0
533907314,0,0,0,0
533907321,0,0,0,0
533907322,6,3,3,1
533907323,0,0,0,0
533907324,0,0,0,0
533907331,656,320,336,232
533907332,367,168,199,157
533907333,868,433,435,341
533907334,624,331,293,287
533907341,288,143,145,130
533907342,1670,881,789,677
533907343,479,240,239,197
533907344,446,221,225,176
533907351,451,254,197,223
533907352,618,317,301,206
533907353,166,87,79,76
533907354,1429,727,702,462
533907361,0,0,0,0
533907362,114,53,61,36
533907363,487,251,236,185
533907364,24,11,13,8
533907371,23,12,11,7
533907372,9,6,3,4
533907373,17,10,7,5
533907374,0,0,0,0
533907381,6,3,3,2
533907382,11,5,6,2
533907383,3,2,1,1
533907384,46,24,22,11
533907391,11,6,5,4
533907392,0,0,0,0
533907393,0,0,0,0
533907394,2,1,1,1
533907411,0,0,0,0
533907412,3,3,0,3
533907413,0,0,0,0
533907414,3,3,0,3
533907421,3,3,0,3
533907422,3,3,0,3
533907423,0,0,0,0
533907424,156,156,0,155
533907431,299,150,149,142
533907432,1219,652,567,534
533907433,36,32,4,29
533907434,1284,672,612,566
533907441,719,368,351,322
533907442,149,71,78,57
533907443,1409,706,703,636
533907444,331,170,161,151
533907451,191,97,94,75
533907452,1558,787,771,539
533907453,996,496,500,370
533907454,978,483,495,391
533907461,720,376,344,260
533907462,407,191,216,181
533907463,1486,767,719,614
533907464,789,404,385,345
533907471,8,4,4,3
533907472,33,16,17,10
533907473,523,255,268,175
533907474,371,172,199,114
533907481,20,8,12,7
533907482,12,4,8,3
533907483,8,5,3,2
533907484,8,5,3,4
533907491,0,0,0,0
533907492,0,0,0,0
533907493,10,5,5,3
533907494,4,1,3,2
533907512,0,0,0,0
533907521,2,2,0,2
533907522,12,12,0,12
533907524,0,0,0,0
533907531,159,79,80,82
533907532,1427,696,731,600
533907533,115,67,48,60
533907534,1332,635,697,611
533907541,1420,709,711,627
533907542,880,448,432,410
533907543,744,385,359,351
533907544,1640,846,794,817
533907551,1125,576,549,489
533907552,987,500,487,384
533907553,921,482,439,432
533907554,1695,859,836,660
533907561,1435,727,708,605
533907562,897,464,433,329
533907563,2057,1111,946,849
533907564,1655,881,774,690
533907571,576,291,285,231
533907572,276,115,161,63
533907573,1036,521,515,375
533907574,62,28,34,16
533907581,0,0,0,0
533907582,67,34,33,20
533907583,6,3,3,2
533907584,81,39,42,21
533907591,20,5,15,6
533907592,63,30,33,16
533907593,62,33,29,25
533907594,36,15,21,11
533907623,0,0,0,0
533907624,68,68,0,2
533907631,96,51,45,45
533907632,1244,609,635,555
533907633,308,195,113,111
533907634,1107,552,555,476
533907641,1425,738,687,746
533907642,1144,583,561,558
533907643,165,79,86,62
533907644,596,287,309,249
533907651,1109,549,560,479
533907652,1195,568,627,475
533907653,828,422,406,349
533907654,1065,537,528,503
533907661,1379,818,561,383
533907662,1688,805,883,660
533907663,1847,876,971,746
533907664,1570,785,785,591
533907671,1293,621,672,510
533907672,13,8,5,5
533907673,1243,625,618,507
533907674,95,42,53,31
533907681,278,137,141,138
533907682,542,263,279,244
533907683,65,34,31,20
533907684,196,91,105,73
533907691,39,19,20,13
533907692,4,1,3,1
533907693,160,75,85,64
533907694,1,0,1,1
533907721,0,0,0,0
533907722,20,20,0,1
533907723,0,0,0,0
533907724,0,0,0,0
533907731,192,173,19,17
533907732,898,454,444,359
533907733,273,130,143,102
533907734,628,331,297,249
533907741,127,64,63,46
533907742,374,171,203,122
533907743,89,42,47,32
533907744,947,425,522,238
533907751,178,87,91,68
533907752,172,85,87,59
533907753,324,164,160,145
533907754,353,169,184,119
533907761,589,304,285,255
533907762,218,106,112,79
533907763,70,35,35,19
533907764,53,27,26,17
533907771,184,95,89,62
533907772,176,74,102,29
533907773,124,57,67,40
533907774,140,65,75,41
533907781,43,26,17,11
533907782,111,54,57,31
533907783,99,47,52,28
533907784,22,10,12,6
533907791,8,4,4,2
533907792,0,0,0,0
533907793,98,48,50,23
533907794,31,17,14,8
533907814,0,0,0,0
533907821,0,0,0,0
533907822,0,0,0,0
533907823,94,47,47,27
533907824,25,14,11,9
533907831,608,314,294,244
533907832,622,315,307,252
533907833,170,79,91,60
533907834,768,392,376,284
533907841,163,87,76,53
533907842,236,121,115,84
533907843,712,354,358,279
533907844,367,190,177,139
533907851,276,149,127,111
533907852,45,24,21,16
533907853,514,262,252,183
533907854,888,422,466,318
533907861,49,25,24,15
533907862,200,94,106,50
533907863,48,20,28,16
533907864,120,66,54,43
533907871,13,10,3,7
533907872,28,13,15,13
533907873,66,35,31,18
533907874,368,149,219,70
533907881,59,25,34,17
533907882,43,20,23,16
533907883,59,46,13,8
533907884,75,42,33,20
533907891,9,4,5,3
533907892,30,15,15,7
533907893,14,8,6,3
533907894,4,2,2,1
533907912,0,0,0,0
533907914,0,0,0,0
533916594,0,0,0,0
533917012,0,0,0,0
533917014,33,14,19,8
533917021,42,21,21,19
533917022,160,77,83,47
533917023,192,93,99,66
533917024,143,73,70,35
533917031,87,42,45,30
533917032,125,73,52,59
533917033,41,23,18,10
533917034,76,37,39,23
533917041,610,298,312,244
533917042,306,154,152,120
533917043,9,5,4,4
533917044,69,33,36,31
533917051,40,21,19,16
533917052,47,23,24,15
533917053,107,57,50,32
533917054,160,91,69,59
533917061,618,299,319,224
533917062,343,166,177,122
533917063,583,300,283,229
533917064,1461,716,745,549
533917071,0,0,0,0
533917072,0,0,0,0
533917073,742,373,369,291
533917074,175,79,96,56
533917081,196,99,97,63
533917082,374,186,188,113
533917083,132,68,64,47
533917084,113,63,50,64
533917091,97,49,48,28
533917092,194,104,90,65
533917093,96,44,52,29
533917094,4,1,3,1
533917121,31,15,16,7
533917122,85,41,44,27
533917123,30,17,13,8
533917124,487,232,255,150
533917131,17,9,8,7
533917132,190,92,98,56
533917133,50,25,25,18
533917134,129,62,67,41
533917141,34,13,21,13
533917142,9,5,4,3
533917143,279,129,150,91
533917144,103,47,56,34
533917151,113,46,67,29
533917152,291,133,158,95
533917153,207,103,104,65
533917154,0,0,0,0
533917161,614,312,302,216
533917162,1448,707,741,504
533917163,134,66,68,61
533917164,953,478,475,395
533917171,1115,619,496,473
533917172,172,86,86,66
533917173,1435,738,697,552
533917174,797,400,397,287
533917181,47,28,19,13
533917182,14,4,10,7
533917183,29,18,11,12
533917184,103,51,52,31
533917191,8,6,2,3
533917192,35,18,17,11
533917193,79,40,39,23
533917194,61,31,30,20
533917222,89,49,40,27
533917231,174,85,89,52
533917232,164,49,115,14
533917233,0,0,0,0
533917234,141,68,73,45
533917241,534,261,273,160
533917242,74,40,34,29
533917243,154,76,78,46
533917244,42,20,22,13
533917251,287,135,152,87
533917252,0,0,0,0
533917253,58,27,31,20
533917254,3,1,2,1
533917261,0,0,0,0
533917262,338,177,161,131
533917263,194,99,95,62
533917264,491,257,234,171
533917271,1059,498,561,392
533917272,798,400,398,304
533917273,121,62,59,60
533917274,1105,564,541,440
533917281,114,57,57,41
533917282,98,46,52,31
533917283,482,233,249,187
533917284,397,241,156,189
533917291,104,56,48,28
533917292,525,257,268,148
533917293,998,502,496,349
533917294,1478,706,772,503
533917342,0,0,0,0
533917351,127,61,66,41
533917352,62,32,30,20
533917354,0,0,0,0
533917361,8,4,4,3
533917362,0,0,0,0
533917363,0,0,0,0
533917364,0,0,0,0
533917371,10,8,2,9
533917372,0,0,0,0
533917373,0,0,0,0
533917374,0,0,0,0
533917381,332,171,161,131
533917382,878,476,402,376
533917383,0,0,0,0
533917384,3,3,0,2
533917391,2741,1278,1463,1047
533917392,1426,732,694,527
533917393,673,394,279,327
533917394,1008,489,519,406
533917461,0,0,0,0
533917462,0,0,0,0
533917463,0,0,0,0
533917464,0,0,0,0
533917471,0,0,0,0
533917472,0,0,0,0
533917473,0,0,0,0
533917474,0,0,0,0
533917481,0,0,0,0
533917482,0,0,0,0
533917483,0,0,0,0
533917484,0,0,0,0
533917491,60,31,29,40
533917492,363,200,163,211
533917493,0,0,0,0
533917494,0,0,0,0
533917501,0,0,0,0
533917503,0,0,0,0
533917562,0,0,0,0
533917571,0,0,0,0
533917572,0,0,0,0
533917573,0,0,0,0
533917574,0,0,0,0
533917581,0,0,0,0
533917582,0,0,0,0
533917583,0,0,0,0
533917584,0,0,0,0
533917591,0,0,0,0
533917592,0,0,0,0
533917593,0,0,0,0
533917594,0,0,0,0
533917671,0,0,0,0
533917672,0,0,0,0
533917674,0,0,0,0
533917681,0,0,0,0
533917682,0,0,0,0
533917683,0,0,0,0
533917684,0,0,0,0
533917691,0,0,0,0
533917692,0,0,0,0
533917693,0,0,0,0
533917694,0,0,0,0
533917792,0,0,0,0
533936494,0,0,0,0
533936592,0,0,0,0
533936594,0,0,0,0
533936692,0,0,0,0
533936694,0,0,0,0
533937314,0,0,0,0
533937403,0,0,0,0
533937404,0,0,0,0
533937412,0,0,0,0
533937413,0,0,0,0
533937414,0,0,0,0
533937421,0,0,0,0
533937423,0,0,0,0
533937424,0,0,0,0
533937501,0,0,0,0
533937502,1,1,0,1
533937503,0,0,0,0
533937504,0,0,0,0
533937511,0,0,0,0
533937512,0,0,0,0
533937513,3,3,0,3
533937514,4,4,0,4
533937521,0,0,0,0
533937522,0,0,0,0
533937523,2,2,0,2
533937524,3,3,0,3
533937531,1,1,0,1
533937533,40,20,20,14
533937534,307,77,230,6
533937543,0,0,0,0
533937601,2,2,0,2
533937602,234,103,131,85
533937603,94,47,47,29
533937604,1872,873,999,715
533937611,1568,735,833,543
533937612,567,280,287,226
533937613,1989,1030,959,964
533937614,2144,1012,1132,776
533937621,5,5,0,5
533937622,965,445,520,339
533937623,1413,688,725,533
533937624,2895,1402,1493,1192
533937631,5184,2521,2663,1574
533937632,3265,1609,1656,1055
533937633,2642,1293,1349,823
533937634,5644,2750,2894,1938
533937641,0,0,0,0
533937642,0,0,0,0
533937643,3191,1569,1622,1077
533937644,0,0,0,0
533937653,0,0,0,0
533937701,2256,1169,1087,940
533937702,1690,865,825,875
533937704,2782,1359,1423,1331
533937711,3757,1893,1864,1810
533937712,1877,917,960,708
533937713,4816,2374,2442,2256
533937714,5232,2627,2605,1926
533937721,5261,2492,2769,2055
533937722,2833,1398,1435,1486
533937723,1998,952,1046,682
533937724,4070,1926,2144,1591
533937731,897,426,471,313
533937732,2450,1223,1227,920
533937733,3255,1566,1689,1284
533937734,4051,1932,2119,1670
533937741,5489,2706,2783,1743
533937742,0,0,0,0
533937743,3854,1937,1917,1309
533937744,4,3,1,2
533937751,0,0,0,0
533937802,598,316,282,275
533937804,2048,1093,955,863
533937811,4485,2173,2312,2079
533937812,4325,2205,2120,1907
533937813,3581,1894,1687,1842
533937814,4278,2137,2141,2209
533937821,1570,801,769,729
533937822,4623,2153,2470,1762
533937823,3320,1717,1603,1635
533937824,2125,1092,1033,1016
533937831,4719,2261,2458,1816
533937832,1671,832,839,800
533937833,942,441,501,356
533937834,0,0,0,0
533937841,90,90,0,90
533937884,0,0,0,0
533937893,0,0,0,0
533937894,0,0,0,0
533937902,4935,2731,2204,2258
533937904,3020,1693,1327,1572
533937911,4209,2170,2039,2094
533937912,3761,1935,1826,1797
533937913,4200,2270,1930,2679
533937914,5874,3092,2782,3269
533937921,4752,2418,2334,2123
533937922,3277,1621,1656,1338
533937923,4775,2548,2227,2335
533937924,2640,1291,1349,1133
533937931,651,361,290,381
533937932,0,0,0,0
533937933,1142,542,600,692
533937934,0,0,0,0
533937943,9,9,0,9
533937944,0,0,0,0
533937982,0,0,0,0
533937984,0,0,0,0
533937991,0,0,0,0
533937992,0,0,0,0
533937993,0,0,0,0
533937994,0,0,0,0
533947002,1444,773,671,644
533947004,3578,1814,1764,1358
533947011,5749,3008,2741,2931
533947012,6781,3476,3305,3758
533947013,5927,3097,2830,2646
533947014,5136,2719,2417,2981
533947021,5444,2934,2510,3044
533947022,2377,1332,1045,1276
533947023,4949,2522,2427,2953
533947024,5320,2742,2578,2644
533947031,739,363,376,273
533947032,2,2,0,2
533947033,1508,783,725,738
533947034,138,64,74,54
533947041,0,0,0,0
533947042,0,0,0,0
533947043,0,0,0,0
533947044,0,0,0,0
533947051,24,23,1,24
533947052,0,0,0,0
533947053,0,0,0,0
533947054,0,0,0,0
533947063,0,0,0,0
533947064,0,0,0,0
533947072,0,0,0,0
533947073,2,2,0,2
533947074,2,2,0,2
533947081,0,0,0,0
533947082,0,0,0,0
533947083,0,0,0,0
533947084,0,0,0,0
533947091,0,0,0,0
533947092,0,0,0,0
533947093,0,0,0,0
533947094,0,0,0,0
533947102,3409,1710,1699,1401
533947104,3866,1834,2032,1759
533947111,3929,2016,1913,1754
533947112,4991,2672,2319,2874
533947113,2023,1024,999,931
533947114,3519,1755,1764,1569
533947121,6156,3330,2826,3689
533947122,6916,3586,3330,3597
533947123,3665,1850,1815,1704
533947124,6347,3320,3027,3469
533947131,6438,3385,3053,3251
533947132,6038,2983,3055,2567
533947133,4253,2180,2073,2494
533947134,6390,3514,2876,3498
533947141,1865,964,901,795
533947142,10,10,0,10
533947143,6250,3126,3124,2609
533947144,38,25,13,26
533947151,9,9,0,9
533947152,0,0,0,0
533947153,9,9,0,9
533947154,0,0,0,0
533947161,0,0,0,0
533947162,6,6,0,6
533947163,0,0,0,0
533947164,0,0,0,0
533947171,2,2,0,2
533947172,2,2,0,2
533947173,0,0,0,0
533947174,2,2,0,2
533947181,1,1,0,1
533947182,0,0,0,0
533947183,0,0,0,0
533947184,0,0,0,0
533947191,2285,1123,1162,937
533947192,1704,825,879,771
533947193,3743,1820,1923,1415
533947194,1657,848,809,801
533947221,4470,2175,2295,1771
533947222,2332,1176,1156,1141
533947224,3421,1660,1761,1338
533947231,4359,2269,2090,2682
533947232,5480,2841,2639,2758
533947233,3633,1856,1777,1705
533947234,5301,2693,2608,2651
533947241,5707,2948,2759,2680
533947242,1654,806,848,729
533947243,6885,3505,3380,3293
533947244,1766,891,875,771
533947251,0,0,0,0
533947252,5,5,0,5
533947253,0,0,0,0
533947254,0,0,0,0
533947261,1,1,0,1
533947262,0,0,0,0
533947263,0,0,0,0
533947264,3,3,0,3
533947271,0,0,0,0
533947272,45,29,16,23
533947273,5,4,1,5
533947274,439,251,188,225
533947281,718,408,310,359
533947282,0,0,0,0
533947283,2166,1283,883,1190
533947284,803,439,364,427
533947291,587,281,306,199
533947292,213,118,95,101
533947293,5127,2487,2640,2157
533947294,2309,1173,1136,1172
533947331,1357,698,659,574
533947332,2948,1463,1485,1325
533947333,3281,1476,1805,1403
533947334,3050,1639,1411,1326
533947341,5460,2725,2735,2353
533947342,694,369,325,354
533947343,1953,976,977,780
533947344,744,396,348,357
533947351,47,22,25,18
533947352,130,40,90,24
533947353,1980,1030,950,880
533947354,187,105,82,92
533947361,79,40,39,37
533947362,1038,591,447,481
533947363,445,221,224,175
533947364,850,542,308,488
533947371,0,0,0,0
533947372,242,127,115,78
533947373,454,244,210,242
533947374,1793,969,824,837
533947381,4665,2354,2311,2110
533947382,2957,1470,1487,1541
533947383,4768,2451,2317,2540
533947384,4648,2237,2411,2509
533947391,3430,1673,1757,1796
533947392,2812,1392,1420,1196
533947393,5136,2584,2552,2738
533947394,3236,1650,1586,1419
533947431,2432,1247,1185,982
533947432,483,248,235,198
533947433,304,159,145,133
533947434,1309,652,657,552
533947441,573,309,264,276
533947442,4065,2133,1932,2065
533947443,421,234,187,204
533947444,4086,2128,1958,1737
533947451,3680,1940,1740,2042
533947452,3103,1699,1404,1703
533947453,4440,2298,2142,2140
533947454,5449,2769,2680,2387
533947461,2701,1338,1363,1237
533947462,2840,1467,1373,1299
533947463,4409,2306,2103,2246
533947464,4062,2021,2041,2121
533947471,4141,2228,1913,2155
533947472,3538,1793,1745,1548
533947473,2954,1489,1465,1466
533947474,2694,1295,1399,1230
533947481,3260,1721,1539,1760
533947482,2678,1283,1395,1582
533947483,3773,1941,1832,1731
533947484,3583,1796,1787,2027
533947491,4488,2213,2275,2472
533947492,3406,1685,1721,1278
533947493,2349,1138,1211,1193
533947494,739,372,367,317
533947522,1560,790,770,714
533947524,1151,576,575,447
533947531,923,429,494,406
533947532,1957,983,974,852
533947533,3304,1714,1590,1428
533947534,2956,1599,1357,1428
533947541,1221,626,595,485
533947542,3422,1795,1627,1456
533947543,5294,2737,2557,2866
533947544,2741,1369,1372,1233
533947551,6995,3531,3464,3202
533947552,6803,3475,3328,3165
533947553,4831,2351,2480,2694
533947554,3971,1966,2005,2141
533947561,4578,2647,1931,2868
533947562,2436,1291,1145,1495
533947563,3466,1863,1603,1590
533947564,3125,1679,1446,1456
533947571,2276,1188,1088,1045
533947572,2680,1340,1340,1181
533947573,3104,1597,1507,1198
533947574,3952,2020,1932,1589
533947581,1817,898,919,878
533947582,2541,1349,1192,1277
533947583,3604,1805,1799,1276
533947584,3628,1805,1823,1507
533947591,2972,1491,1481,1160
533947592,859,450,409,324
533947593,3652,1780,1872,1445
533947594,2449,1241,1208,888
533947614,1337,676,661,508
533947621,723,353,370,286
533947622,4022,2037,1985,1863
533947623,1803,924,879,845
533947624,5179,2643,2536,2647
533947631,3958,2019,1939,1809
533947632,5341,2664,2677,2648
533947633,4253,2132,2121,2170
533947634,4533,2299,2234,2411
533947641,6270,3130,3140,3732
533947642,2858,1466,1392,1598
533947643,3697,1727,1970,1951
533947644,2339,1147,1192,1068
533947651,3446,1732,1714,1694
533947652,2412,1171,1241,1177
533947653,3317,1601,1716,1459
533947654,2631,1328,1303,1017
533947661,3630,1843,1787,1528
533947662,2427,1227,1200,935
533947663,2655,1299,1356,1134
533947664,395,200,195,156
533947671,2214,1199,1015,912
533947672,3468,1813,1655,1778
533947673,1137,600,537,442
533947674,2556,1311,1245,1026
533947681,1813,906,907,713
533947682,4328,2190,2138,1674
533947683,3050,1541,1509,1159
533947684,2831,1422,1409,1231
533947691,3464,1661,1803,1399
533947692,1352,630,722,501
533947693,3203,1581,1622,1168
533947694,1130,556,574,420
533947712,530,262,268,239
533947714,1660,801,859,671
533947721,5508,2850,2658,3006
533947722,6767,3348,3419,3712
533947723,5907,2913,2994,3123
533947724,4410,2123,2287,2700
533947731,3122,1505,1617,1661
533947732,2690,1306,1384,1301
533947733,2451,1180,1271,1234
533947734,2222,1016,1206,940
533947741,3120,1501,1619,1436
533947742,2493,1189,1304,1060
533947743,3523,1695,1828,1459
533947744,3315,1587,1728,1420
533947751,2810,1429,1381,1168
533947752,2453,1208,1245,910
533947753,2734,1336,1398,1065
533947754,1545,736,809,590
533947761,2521,1257,1264,912
533947762,795,391,404,357
533947763,1928,942,986,684
533947764,2764,1391,1373,1070
533947771,1122,574,548,485
533947772,2105,1162,943,905
533947773,2407,1197,1210,1115
533947774,3338,1654,1684,1244
533947781,1842,943,899,643
533947782,1797,881,916,685
533947783,1974,995,979,715
533947784,1746,858,888,619
533947791,1089,539,550,403
533947792,1150,558,592,454
533947793,723,360,363,298
533947794,113,59,54,38
533947812,1538,749,789,696
533947821,3072,1541,1531,1607
533947822,3440,1694,1746,1763
533947823,2269,1105,1164,1137
533947824,2124,1046,1078,1032
533947831,2649,1284,1365,1211
533947832,2662,1291,1371,1155
533947833,2576,1269,1307,1105
533947834,1737,842,895,681
533947841,2687,1344,1343,1147
533947842,2906,1417,1489,1220
533947843,2547,1266,1281,1033
533947844,1727,863,864,705
533947851,3125,1532,1593,1178
533947852,1319,655,664,507
533947853,2761,1370,1391,992
533947854,1272,633,639,464
533947861,290,142,148,112
533947862,1946,929,1017,707
533947863,1576,765,811,554
533947864,1900,949,951,745
533947871,1730,861,869,711
533947872,2110,1104,1006,888
533947873,1065,547,518,439
533947874,1066,527,539,362
533947881,1658,834,824,665
533947882,2274,1105,1169,835
533947883,1223,624,599,506
533947884,1710,804,906,587
533947891,1809,872,937,682
533947892,596,301,295,221
533947893,2138,1045,1093,861
533947894,1497,752,745,552
533947912,940,452,488,390
533947913,990,512,478,351
533947914,272,149,123,104
533947921,265,134,131,49
533947922,1241,658,583,554
533947923,1384,659,725,578
533947924,1618,793,825,685
533947931,1943,954,989,769
533947932,2133,1064,1069,809
533947933,602,303,299,234
533947934,928,460,468,349
533947941,2162,1096,1066,850
533947942,2581,1273,1308,1022
533947943,3341,1666,1675,1290
533947944,2155,1047,1108,791
533947951,2407,1220,1187,948
533947952,2493,1226,1267,942
533947953,1909,1034,875,868
533947954,1693,827,866,680
533947961,4940,2419,2521,1829
533947962,1073,555,518,429
533947963,2542,1252,1290,1000
533947964,910,456,454,359
533947971,588,279,309,198
533947972,32,15,17,12
533947973,474,252,222,158
533947974,82,38,44,25
533947981,3193,1600,1593,1123
533947982,1424,681,743,575
533947983,181,98,83,54
533947984,1889,921,968,678
533947991,2699,1334,1365,1180
533947992,1826,880,946,739
533947993,3108,1529,1579,1243
533947994,2151,1055,1096,846
533967643,1681,852,829,369
533967644,946,470,476,347
533967651,162,88,74,67
533967652,74,43,31,43
533967653,1355,637,718,438
533967654,204,87,117,58
533967661,71,37,34,24
533967662,1242,678,564,511
533967663,759,385,374,334
533967664,1241,636,605,529
533967671,1796,891,905,703
533967672,1591,796,795,570
533967673,3723,1802,1921,1414
533967674,3112,1484,1628,1146
533967681,2060,1014,1046,775
533967682,3498,1684,1814,1328
533967683,2785,1367,1418,1101
533967684,1915,946,969,719
533967691,2020,1010,1010,875
533967692,1264,613,651,445
533967693,922,466,456,321
533967694,850,424,426,294
533967704,4,2,2,1
533967711,33,16,17,9
533967712,296,127,169,72
533967713,2,1,1,1
533967714,418,197,221,157
533967721,2737,1331,1406,1047
533967722,2249,1074,1175,914
533967723,1199,618,581,431
533967724,1681,827,854,759
533967731,2514,1238,1276,1012
533967732,2724,1372,1352,1025
533967733,3017,1537,1480,1256
533967734,1630,794,836,625
533967741,490,250,240,180
533967742,465,240,225,146
533967743,1067,517,550,402
533967744,72,37,35,27
533957002,2087,1041,1046,859
533957004,259,135,124,104
533957011,6,3,3,1
533957012,1254,637,617,593
533957013,128,75,53,64
533957014,1805,923,882,864
533957021,1525,767,758,666
533957022,2614,1276,1338,997
533957023,2147,1066,1081,789
533957024,2088,1021,1067,786
533957031,1666,809,857,609
533957032,606,304,302,236
533957033,155,78,77,66
533957034,317,153,164,113
533957041,2842,1388,1454,1045
533957042,1605,803,802,567
533957043,1594,794,800,605
533957044,2132,1155,977,1132
533957051,2185,1086,1099,831
533957052,1020,506,514,404
533957053,2386,1040,1346,857
533957054,740,392,348,314
533957061,1441,766,675,639
533957062,796,388,408,276
533957063,1875,925,950,814
533957064,1955,991,964,743
533957071,177,66,111,46
533957072,578,166,412,85
533957073,288,140,148,123
533957074,72,39,33,3
533957081,183,86,97,48
533957082,3420,1641,1779,1446
533957083,131,67,64,37
533957084,309,150,159,115
533957091,3138,1484,1654,1114
533957092,2157,1063,1094,837
533957093,629,318,311,229
533957094,1575,767,808,570
533957102,22,12,10,10
533957103,629,302,327,277
533957104,24,15,9,10
533957111,116,61,55,46
533957112,2243,1152,1091,986
533957113,8,4,4,3
533957114,1642,797,845,724
533957121,1954,965,989,874
533957122,1626,807,819,638
533957123,2099,1048,1051,867
533957124,2251,1120,1131,869
533957131,1715,859,856,656
533957132,243,122,121,83
533957133,1279,640,639,509
533957134,241,121,120,99
533957141,2234,1112,1122,804
533957142,554,245,309,162
533957143,2125,1062,1063,834
533957144,728,370,358,276
533957151,195,104,91,94
533957152,147,76,71,51
533957153,194,100,94,64
533957154,99,49,50,37
533957161,811,391,420,284
533957162,993,485,508,412
533957163,329,125,204,87
533957164,146,65,81,27
533957171,139,69,70,50
533957172,9,6,3,4
533957173,23,10,13,5
533957174,0,0,0,0
533957181,126,77,49,50
533957182,200,106,94,58
533957183,25,10,15,7
533957184,22,10,12,8
533957191,1122,559,563,400
533957192,1637,803,834,693
533957193,2446,1205,1241,876
533957194,3330,1611,1719,1447
533957201,2099,1023,1076,1022
533957202,636,324,312,284
533957203,3253,1578,1675,1434
533957204,457,231,226,191
533957211,388,192,196,134
533957212,2117,1046,1071,812
533957213,2876,1465,1411,1124
533957214,1560,791,769,685
533957221,2543,1295,1248,1061
533957222,2440,1214,1226,979
533957223,3308,1625,1683,1201
533957224,2629,1320,1309,1082
533957231,808,391,417,307
533957232,659,333,326,244
533957233,1774,865,909,686
533957234,209,98,111,62
533957241,951,478,473,370
533957242,732,356,376,259
533957243,335,161,174,114
533957244,153,77,76,51
533957251,1054,530,524,423
533957252,568,297,271,284
533957253,1024,505,519,547
533957254,2365,1193,1172,1013
533957261,194,76,118,42
533957262,762,390,372,289
533957263,189,82,107,51
533957264,1542,695,847,700
533957271,192,96,96,59
533957272,120,64,56,50
533957273,560,248,312,302
533957274,114,56,58,35
533957281,0,0,0,0
533957282,1283,630,653,466
533957283,20,9,11,7
533957284,1927,970,957,740
533957291,3419,1691,1728,1339
533957292,2380,1167,1213,940
533957293,2962,1470,1492,1155
533957294,1745,850,895,698
533957302,1381,681,700,477
533957311,328,180,148,167
533957312,2398,1209,1189,1188
533957313,138,69,69,54
533957314,2249,1087,1162,1181
533957321,2529,1271,1258,1168
533957322,2845,1446,1399,1279
533957323,3549,1769,1780,1693
533957324,3031,1519,1512,1326
533957331,2549,1277,1272,983
533957332,480,238,242,149
533957333,3928,1941,1987,1683
533957334,2611,1317,1294,906
533957341,1947,994,953,688
533957342,510,253,257,170
533957343,1019,539,480,416
533957344,3800,1840,1960,1436
533957351,1357,679,678,520
533957352,143,68,75,58
533957353,2502,1223,1279,874
533957354,79,40,39,26
533957361,238,122,116,109
533957362,1992,959,1033,822
533957363,0,0,0,0
533957364,58,32,26,22
533957371,1892,970,922,747
533957372,1421,706,715,546
533957373,897,449,448,354
533957374,3096,1570,1526,1302
533957381,486,234,252,170
533957382,1139,526,613,409
533957383,426,214,212,172
533957384,576,293,283,224
533957391,1833,904,929,810
533957392,1902,966,936,925
533957393,604,307,297,228
533957394,631,311,320,325
533957411,313,156,157,118
533957412,3309,1648,1661,2009
533957413,538,270,268,294
533957414,3828,1936,1892,2006
533957421,2627,1271,1356,1408
533957422,3195,1620,1575,1541
533957423,4436,2199,2237,2323
533957424,3380,1740,1640,1662
533957431,3275,1604,1671,1330
533957432,2208,1149,1059,989
533957433,3155,1581,1574,1658
533957434,3154,1506,1648,1647
533957441,3754,1787,1967,1656
533957442,3204,1598,1606,1375
533957443,3261,1622,1639,1612
533957444,3639,1814,1825,1638
533957451,1699,853,846,716
533957452,1007,503,504,397
533957453,2367,1117,1250,1182
533957454,3701,1781,1920,1494
533957461,191,76,115,49
533957462,388,184,204,167
533957463,1935,927,1008,821
533957464,2632,1295,1337,1061
533957471,2279,1139,1140,927
533957472,2108,1069,1039,853
533957473,2814,1381,1433,1092
533957474,2862,1571,1291,1112
533957481,1233,657,576,469
533957482,957,384,573,97
533957483,2886,1494,1392,1302
533957484,841,396,445,308
533957491,178,83,95,45
533957492,195,98,97,61
533957493,677,336,341,242
533957494,1108,534,574,476
533957511,955,470,485,396
533957512,2183,1095,1088,918
533957513,132,76,56,66
533957514,1713,848,865,722
533957521,2534,1263,1271,1285
533957522,2798,1418,1380,1275
533957523,1578,758,820,665
533957524,3262,1730,1532,1735
533957531,2337,1204,1133,999
533957532,2872,1428,1444,1085
533957533,3421,1767,1654,1601
533957534,2313,1140,1173,962
533957541,2702,1314,1388,1114
533957542,3011,1462,1549,1298
533957543,1827,956,871,735
533957544,604,308,296,248
533957551,3741,1889,1852,1814
533957552,3228,1600,1628,1305
533957553,1387,696,691,663
533957554,3077,1500,1577,1376
533957561,3147,1577,1570,1388
533957562,2805,1351,1454,1297
533957563,3550,1705,1845,1785
533957564,3292,1544,1748,1713
533957571,2784,1374,1410,1218
533957572,3174,1500,1674,1270
533957573,3089,1482,1607,1343
533957574,2602,1278,1324,1084
533957581,3011,1454,1557,1132
533957582,1692,806,886,603
533957583,2459,1202,1257,921
533957584,4449,2180,2269,1570
533957591,2302,1125,1177,892
533957592,2588,1270,1318,1107
533957593,2965,1443,1522,1141
533957594,3564,1743,1821,1360
533957611,265,134,131,78
533957612,2042,1033,1009,777
533957613,420,221,199,149
533957614,2189,1103,1086,829
533957621,3422,1778,1644,1574
533957622,967,508,459,590
533957623,2760,1413,1347,1191
533957624,1152,616,536,455
533957631,2907,1471,1436,1491
533957632,2844,1448,1396,1193
533957633,2343,1199,1144,1190
533957634,2747,1417,1330,1285
533957641,1164,594,570,481
533957642,412,217,195,177
533957643,2492,1252,1240,1000
533957644,1207,577,630,445
533957651,94,47,47,39
533957652,2242,1093,1149,1066
533957653,525,232,293,164
533957654,918,407,511,319
533957661,3782,1858,1924,2218
533957662,4240,2135,2105,1813
533957663,1310,637,673,588
533957664,762,390,372,301
533957671,2239,1122,1117,879
533957672,3121,1565,1556,1187
533957673,1204,550,654,345
533957674,2598,1295,1303,953
533957681,3101,1543,1558,1071
533957682,2563,1261,1302,930
533957683,2687,1329,1358,998
533957684,1927,983,944,592
533957691,2803,1384,1419,1035
533957692,2423,1188,1235,802
533957693,2392,1183,1209,884
533957694,1929,955,974,687
533957711,433,217,216,160
533957712,1036,519,517,376
533957713,56,35,21,38
533957714,797,380,417,273
533957721,3003,1507,1496,1183
533957722,3460,1752,1708,1458
533957723,2450,1224,1226,936
533957724,3944,1960,1984,1956
533957731,2600,1317,1283,1366
533957732,3118,1554,1564,1611
533957733,3180,1598,1582,1639
533957734,3120,1570,1550,1579
533957741,2648,1332,1316,1071
533957742,2834,1389,1445,1096
533957743,2234,1127,1107,971
533957744,2992,1447,1545,1069
533957751,2301,1110,1191,944
533957752,1813,879,934,691
533957753,2139,1059,1080,864
533957754,2245,1076,1169,967
533957761,1382,652,730,478
533957762,2641,1353,1288,914
533957763,2591,1222,1369,988
533957764,2769,1368,1401,1049
533957771,2972,1440,1532,1014
533957772,2112,1017,1095,795
533957773,2013,1025,988,731
533957774,1738,850,888,615
533957781,137,67,70,42
533957782,178,87,91,64
533957783,200,86,114,33
533957784,309,151,158,101
533957791,1036,507,529,412
533957792,1332,651,681,555
533957793,96,51,45,36
533957794,485,248,237,162
533957811,14,8,6,5
533957812,362,127,235,46
533957813,87,46,41,22
533957814,128,76,52,53
533957821,1283,635,648,477
533957822,4015,2044,1971,1622
533957823,690,350,340,250
533957824,2479,1269,1210,1005
533957831,3829,1946,1883,1769
533957832,3519,1794,1725,1551
533957833,5937,2860,3077,2732
533957834,2360,1212,1148,1093
533957841,1700,865,835,668
533957842,1703,871,832,704
533957843,1966,976,990,746
533957844,2714,1370,1344,1130
533957851,2425,1197,1228,972
533957852,2473,1178,1295,1144
533957853,1828,924,904,773
533957854,2941,1450,1491,1336
533957861,2255,1106,1149,1038
533957862,947,457,490,296
533957863,2708,1342,1366,1120
533957864,1719,835,884,633
533957871,1963,963,1000,733
533957872,1725,861,864,634
533957873,2206,1067,1139,769
533957874,2529,1211,1318,968
533957881,2255,1124,1131,875
533957882,1028,505,523,371
533957883,2860,1407,1453,1059
533957884,2830,1361,1469,1190
533957891,117,66,51,46
533957892,220,108,112,74
533957893,1753,860,893,666
533957894,436,199,237,103
533957911,64,33,31,14
533957912,268,128,140,82
533957913,101,49,52,33
533957914,510,275,235,197
533957921,1827,885,942,728
533957922,4830,2388,2442,2067
533957923,3807,1847,1960,1559
533957924,2418,1189,1229,1022
533957931,4108,1995,2113,1890
533957932,3150,1552,1598,1587
533957933,3441,1703,1738,1539
533957934,2962,1491,1471,1485
533957941,3115,1554,1561,1353
533957942,3012,1502,1510,1339
533957943,3146,1544,1602,1570
533957944,3265,1585,1680,1509
533957951,2276,1158,1118,1013
533957952,1584,785,799,550
533957953,2213,1105,1108,981
533957954,1512,691,821,543
533957961,2151,1034,1117,818
533957962,3413,1646,1767,1442
533957963,406,243,163,143
533957964,3515,1705,1810,1381
533957971,2146,1070,1076,843
533957972,2420,1176,1244,903
533957973,2820,1379,1441,1054
533957974,2540,1205,1335,970
533957981,1803,940,863,765
533957982,2481,1203,1278,1015
533957983,1757,847,910,730
533957984,1942,936,1006,717
533957991,2387,1172,1215,862
533957992,198,96,102,63
533957993,377,177,200,146
533957994,701,356,345,226
533966994,49,20,29,17
533967011,84,47,37,37
533967012,1639,844,795,707
533967013,485,249,236,173
533967014,4457,2274,2183,1784
533967021,2925,1575,1350,1491
533967022,2794,1439,1355,1241
533967023,3498,1810,1688,1742
533967024,2820,1397,1423,1193
533967031,1814,952,862,812
533967032,2826,1404,1422,1135
533967033,3000,1480,1520,1203
533967034,2172,1071,1101,815
533967041,3383,1625,1758,1372
533967042,2341,1127,1214,1098
533967043,1854,906,948,706
533967044,1719,866,853,732
533967051,3148,1575,1573,1279
533967052,2339,1145,1194,915
533967053,1582,777,805,599
533967054,2942,1468,1474,1128
533967061,1594,802,792,564
533967062,2521,1255,1266,1015
533967063,3205,1585,1620,1378
533967064,3429,1700,1729,1545
533967071,2723,1311,1412,1160
533967072,945,438,507,347
533967073,3610,1772,1838,1489
533967074,3570,1754,1816,1222
533967081,1089,546,543,440
533967082,913,435,478,317
533967083,313,163,150,113
533967084,151,76,75,47
533967091,50,25,25,12
533967092,1297,630,667,508
533967093,106,50,56,27
533967094,1537,784,753,538
533967111,359,190,169,150
533967112,2361,1181,1180,925
533967113,441,223,218,189
533967114,1217,600,617,439
533967121,2211,1149,1062,975
533967122,1155,580,575,457
533967123,2757,1341,1416,1036
533967124,266,134,132,117
533967131,1551,785,766,642
533967132,1744,862,882,626
533967133,1080,540,540,402
533967134,1081,516,565,384
533967141,2027,1016,1011,720
533967142,689,339,350,254
533967143,796,368,428,297
533967144,200,97,103,74
533967151,405,207,198,143
533967152,3108,1524,1584,1272
533967153,405,217,188,144
533967154,2376,1166,1210,988
533967161,3557,1718,1839,1868
533967162,1887,960,927,886
533967163,3351,1658,1693,1530
533967164,2741,1387,1354,1225
533967171,3024,1494,1530,1192
533967172,3118,1556,1562,1178
533967173,3336,1661,1675,1350
533967174,1559,772,787,649
533967181,902,472,430,337
533967182,236,122,114,63
533967183,2088,1049,1039,831
533967184,1781,855,926,656
533967191,141,67,74,40
533967192,2214,1106,1108,825
533967193,282,135,147,98
533967194,1654,805,849,663
533967211,1345,679,666,503
533967212,997,480,517,383
533967214,644,309,335,258
533967221,2045,1000,1045,793
533967222,1616,772,844,562
533967223,2460,1213,1247,931
533967224,1452,695,757,560
533967231,208,118,90,88
533967232,83,42,41,30
533967233,579,312,267,280
533967234,77,42,35,27
533967241,160,81,79,52
533967242,608,305,303,206
533967243,406,206,200,156
533967244,403,197,206,138
533967251,1155,575,580,382
533967252,3019,1514,1505,1088
533967253,1625,813,812,558
533967254,2048,1024,1024,791
533967261,2565,1358,1207,1127
533967262,2882,1408,1474,1237
533967263,2696,1336,1360,1036
533967264,2529,1257,1272,1069
533967271,3018,1543,1475,1224
533967272,2207,1095,1112,1002
533967273,3375,1740,1635,1632
533967274,3198,1660,1538,1659
533967281,3265,1602,1663,1319
533967282,3023,1489,1534,1332
533967283,3915,1916,1999,1847
533967284,2638,1327,1311,1190
533967291,616,297,319,237
533967292,42,21,21,15
533967293,1237,626,611,442
533967294,211,102,109,62
533967312,124,64,60,46
533967314,82,36,46,7
533967321,2099,1073,1026,779
533967322,3115,1524,1591,1157
533967323,1889,925,964,677
533967324,2012,995,1017,674
533967331,238,120,118,75
533967332,245,124,121,73
533967333,298,149,149,106
533967334,272,130,142,93
533967341,260,125,135,92
533967342,843,375,468,253
533967343,680,340,340,231
533967344,2267,1127,1140,915
533967351,2693,1333,1360,1044
533967352,2048,997,1051,754
533967353,2276,1196,1080,1075
533967354,1990,1021,969,819
533967361,2038,1017,1021,876
533967362,3029,1536,1493,1480
533967363,2383,1156,1227,1099
533967364,3983,1943,2040,2159
533967371,3507,1729,1778,1789
533967372,3109,1611,1498,1821
533967373,2974,1522,1452,1670
533967374,2108,1060,1048,1235
533967381,3734,1886,1848,2106
533967382,2262,1160,1102,1082
533967383,2893,1471,1422,1504
533967384,2667,1315,1352,975
533967391,1582,796,786,604
533967392,1079,575,504,387
533967393,803,411,392,294
533967394,166,81,85,60
533967412,21,10,11,6
533967414,0,0,0,0
533967421,391,196,195,127
533967422,837,423,414,261
533967423,164,82,82,48
533967424,58,23,35,20
533967431,14,9,5,7
533967432,2087,1022,1065,808
533967433,122,65,57,57
533967434,257,129,128,111
533967441,1274,635,639,524
533967442,1768,902,866,760
533967443,1048,511,537,431
533967444,604,304,300,242
533967451,2327,1185,1142,1065
533967452,3086,1508,1578,1274
533967453,570,290,280,210
533967454,1872,914,958,754
533967461,1758,879,879,757
533967462,3197,1506,1691,1349
533967463,1290,631,659,472
533967464,1064,508,556,392
533967471,2901,1480,1421,1315
533967472,3499,1722,1777,1693
533967473,774,395,379,329
533967474,499,250,249,213
533967481,2118,1074,1044,865
533967482,588,292,296,294
533967483,2107,1048,1059,842
533967484,1031,467,564,457
533967491,563,290,273,289
533967492,322,168,154,121
533967493,1759,855,904,975
533967494,1999,941,1058,745
533967512,1,0,1,1
533967513,30,15,15,9
533967514,15,9,6,4
533967521,115,62,53,46
533967522,40,21,19,15
533967523,182,82,100,63
533967524,1465,708,757,547
533967531,957,479,478,354
533967532,976,506,470,378
533967533,2567,1257,1310,1021
533967534,3704,1757,1947,1428
533967541,438,227,211,156
533967542,911,462,449,359
533967543,1191,572,619,443
533967544,805,412,393,330
533967551,2145,1105,1040,944
533967552,2106,1033,1073,824
533967553,885,451,434,345
533967554,315,173,142,139
533967561,1758,914,844,740
533967562,1594,805,789,537
533967563,301,170,131,140
533967564,1303,630,673,485
533967571,2109,1041,1068,764
533967572,1394,693,701,500
533967573,951,477,474,349
533967574,1985,981,1004,704
533967581,900,396,504,257
533967582,733,370,363,373
533967583,2614,1333,1281,942
533967584,2576,1259,1317,1051
533967591,1413,736,677,730
533967592,2415,1218,1197,1035
533967593,2820,1474,1346,1186
533967594,1711,852,859,680
533967611,3,2,1,1
533967612,30,16,14,9
533967613,11,6,5,4
533967614,260,130,130,89
533967621,192,92,100,62
533967622,767,366,401,285
533967623,952,438,514,338
533967624,1471,715,756,518
533967631,3569,1749,1820,1450
533967632,2772,1440,1332,1243
533967633,2270,1117,1153,848
533967634,2429,1197,1232,941
533967641,3228,1612,1616,1300
533967642,535,274,261,207
533967751,398,191,207,146
533967752,82,44,38,75
533967753,259,94,165,173
533967754,452,269,183,209
533967761,2502,1255,1247,1042
533967762,860,455,405,384
533967763,127,62,65,52
533967764,1893,963,930,739
533967771,2057,1035,1022,778
533967772,1821,900,921,633
533967773,2099,1057,1042,794
533967774,596,283,313,192
533967781,1173,598,575,442
533967782,203,90,113,61
533967783,531,263,268,173
533967784,2,1,1,1
533967791,364,182,182,122
533967792,407,207,200,122
533967793,0,0,0,0
533967794,35,17,18,11
533967802,49,23,26,14
533967803,0,0,0,0
533967804,25,13,12,6
533967811,0,0,0,0
533967812,471,236,235,153
533967813,148,37,111,20
533967814,514,253,261,193
533967821,1984,997,987,818
533967822,2129,1060,1069,925
533967823,1312,670,642,518
533967824,2392,1161,1231,850
533967831,2295,1093,1202,877
533967832,2896,1402,1494,1114
533967833,2006,950,1056,720
533967834,1058,543,515,370
533967841,1395,774,621,519
533967842,37,22,15,11
533967843,317,163,154,114
533967844,133,83,50,52
533967851,105,71,34,77
533967852,7,2,5,2
533967853,6,3,3,3
533967854,0,0,0,0
533967861,121,63,58,50
533967862,1215,637,578,438
533967863,118,70,48,66
533967864,515,281,234,213
533967871,1763,853,910,605
533967872,1652,806,846,608
533967873,486,242,244,141
533967874,558,267,291,204
533967881,202,101,101,78
533967882,0,0,0,0
533967883,0,0,0,0
533967884,0,0,0,0
533967891,0,0,0,0
533967892,0,0,0,0
533967893,0,0,0,0
533967894,0,0,0,0
533967901,61,33,28,16
533967902,5,1,4,1
533967903,208,100,108,60
533967904,0,0,0,0
533967911,196,81,115,20
533967912,384,191,193,130
533967913,125,75,50,46
533967914,286,159,127,147
533967921,1619,873,746,763
533967922,2062,1098,964,883
533967923,1464,834,630,849
533967924,1719,941,778,865
533967931,2371,1170,1201,828
533967932,78,17,61,7
533967933,2104,1010,1094,729
533967934,670,316,354,256
533967941,146,73,73,39
533967942,126,56,70,39
533967943,131,70,61,36
533967944,142,66,76,45
533967951,59,35,24,15
533967952,103,49,54,37
533967953,119,59,60,36
533967954,293,146,147,129
533967961,611,329,282,276
533967962,378,167,211,175
533967963,474,260,214,226
533967964,58,29,29,18
533967971,160,84,76,49
533967972,44,21,23,18
533967973,0,0,0,0
533967974,0,0,0,0
533967981,0,0,0,0
533967982,0,0,0,0
533967983,0,0,0,0
533967984,0,0,0,0
533967991,0,0,0,0
533967992,0,0,0,0
533967993,0,0,0,0
533976092,164,85,79,46
533976093,43,26,17,13
533976094,95,47,48,30
533976184,31,15,16,7
533976191,24,12,12,8
533976192,51,26,25,15
533976193,125,61,64,37
533976194,128,65,63,42
533976274,71,33,38,28
533976281,7,3,4,5
533976282,289,145,144,108
533976283,234,115,119,92
533976284,1318,635,683,488
533976291,1439,715,724,514
533976292,1514,769,745,556
533976293,1467,713,754,582
533976294,1259,633,626,516
533976371,65,28,37,21
533976372,1030,530,500,314
533976373,39,19,20,15
533976374,585,292,293,214
533976381,1400,693,707,516
533976382,2241,1050,1191,895
533976383,1733,859,874,649
533976384,1754,857,897,685
533976391,334,166,168,134
533976392,211,105,106,79
533976393,1404,684,720,556
533976394,1456,735,721,583
533976464,171,92,79,55
533976471,291,152,139,96
533976472,590,290,300,234
533976473,93,42,51,27
533976474,59,31,28,20
533976481,1406,694,712,509
533976482,1769,852,917,651
533976483,873,431,442,317
533976484,1320,681,639,548
533976491,1106,542,564,455
533976492,2160,1042,1118,792
533976493,1071,504,567,360
533976494,985,505,480,385
533976562,64,38,26,19
533976564,34,15,19,10
533976571,210,108,102,67
533976572,44,24,20,15
533976573,182,92,90,57
533976574,989,472,517,324
533976581,288,143,145,113
533976582,596,287,309,227
533976583,502,261,241,163
533976584,288,139,149,98
533976591,517,245,272,179
533976592,1305,685,620,509
533976593,291,144,147,96
533976594,314,158,156,111
533976661,109,50,59,41
533976662,397,199,198,137
533976663,502,252,250,187
533976664,1800,889,911,688
533976671,379,183,196,132
533976672,1314,649,665,391
533976673,1405,694,711,505
533976674,1018,515,503,426
533976681,616,308,308,221
533976682,273,137,136,94
533976683,212,113,99,74
533976684,186,99,87,60
533976691,81,44,37,23
533976692,12,6,6,4
533976693,4,2,2,1
533976694,13,7,6,6
533976761,1065,525,540,467
533976762,1955,935,1020,833
533976763,1054,518,536,410
533976764,1257,633,624,552
533976771,1700,872,828,640
533976772,1672,832,840,629
533976773,2003,1017,986,821
533976774,1632,827,805,572
533976781,512,250,262,187
533976782,354,167,187,130
533976783,257,130,127,90
533976784,389,199,190,132
533976791,15,8,7,5
533976792,139,67,72,37
533976793,53,29,24,18
533976794,82,41,41,28
533976852,682,338,344,229
533976854,83,43,40,31
533976861,775,370,405,289
533976862,1578,784,794,638
533976863,324,159,165,126
533976864,227,122,105,73
533976871,2253,1091,1162,909
533976872,1241,633,608,455
533976873,610,286,324,201
533976874,795,393,402,262
533976881,105,52,53,38
533976882,212,111,101,64
533976883,49,25,24,15
533976884,165,84,81,47
533976891,317,154,163,92
533976892,56,26,30,17
533976893,112,59,53,35
533976894,0,0,0,0
533976951,196,96,100,60
533976952,86,43,43,27
533976953,22,12,10,7
533976954,100,54,46,28
533976961,116,59,57,39
533976962,0,0,0,0
533976963,8,3,5,3
533976964,83,41,42,25
533976971,746,379,367,371
533976972,272,135,137,96
533976973,299,156,143,108
533976974,92,40,52,26
533976981,180,88,92,54
533976982,149,74,75,51
533976983,59,35,24,18
533976984,32,15,17,9
533976991,112,52,60,30
533976992,7,3,4,2
533976993,1,1,0,1
533976994,16,8,8,5
533977001,10,5,5,3
533977002,198,99,99,57
533977003,38,20,18,13
533977004,498,248,250,154
533977011,1293,665,628,428
533977012,1312,789,523,719
533977013,1669,878,791,716
533977014,1903,1018,885,887
533977021,2473,1513,960,1523
533977022,541,275,266,301
533977023,2396,1253,1143,1005
533977024,190,110,80,110
533977031,59,30,29,30
533977032,209,104,105,70
533977033,125,75,50,52
533977034,223,76,147,36
533977041,16,7,9,8
533977042,8,3,5,3
533977043,110,52,58,35
533977044,30,14,16,12
533977051,141,74,67,44
533977052,217,111,106,64
533977053,154,77,77,46
533977054,280,157,123,104
533977061,139,69,70,44
533977062,16,6,10,5
533977063,48,26,22,14
533977064,0,0,0,0
533977071,0,0,0,0
533977072,0,0,0,0
533977073,0,0,0,0
533977074,0,0,0,0
533977081,0,0,0,0
533977082,0,0,0,0
533977083,0,0,0,0
533977101,95,44,51,28
533977102,993,479,514,336
533977103,1474,732,742,558
533977104,1692,859,833,662
533977111,1506,784,722,695
533977112,1559,822,737,676
533977113,1333,682,651,578
533977114,735,380,355,329
533977121,541,305,236,256
533977122,6,2,4,4
533977123,46,23,23,18
533977124,0,0,0,0
533977131,40,19,21,11
533977132,68,30,38,22
533977133,126,62,64,34
533977134,155,82,73,46
533977141,140,67,73,41
533977142,21,13,8,9
533977143,40,19,21,14
533977144,82,44,38,10
533977151,58,24,34,15
533977152,108,54,54,31
533977153,68,35,33,21
533977154,0,0,0,0
533977161,0,0,0,0
533977162,0,0,0,0
533977163,0,0,0,0
533977164,0,0,0,0
533977171,0,0,0,0
533977172,0,0,0,0
533977201,2167,1046,1121,810
533977202,2016,986,1030,684
533977203,1474,725,749,583
533977204,1601,812,789,582
533977211,1571,790,781,623
533977212,288,110,178,62
533977213,239,126,113,85
533977214,6,1,5,1
533977221,28,15,13,10
533977222,59,34,25,15
533977223,211,103,108,70
533977224,585,290,295,212
533977231,65,27,38,18
533977232,998,497,501,333
533977233,1106,542,564,377
533977234,886,429,457,323
533977241,21,11,10,5
533977242,168,91,77,58
533977243,122,63,59,40
533977244,148,73,75,51
533977251,0,0,0,0
533977252,0,0,0,0
533977253,0,0,0,0
533977254,0,0,0,0
533977261,0,0,0,0
533977301,1918,930,988,766
533977302,872,429,443,315
533977303,762,372,390,289
533977304,502,241,261,186
533977311,210,101,109,60
533977312,316,164,152,110
533977313,107,53,54,39
533977314,290,139,151,97
533977321,1141,571,570,462
533977322,622,310,312,225
533977323,614,311,303,238
533977324,117,58,59,38
533977331,124,66,58,45
533977332,336,181,155,119
533977333,314,165,149,108
533977334,168,92,76,47
533977341,111,53,58,27
533977342,3,2,1,2
533977343,22,10,12,6
533977344,0,0,0,0
533977401,438,224,214,169
533977402,175,78,97,75
533977403,640,336,304,236
533977404,178,87,91,57
533977411,38,18,20,15
533977412,60,28,32,15
533977413,5,3,2,1
533977414,12,6,6,4
533977421,142,65,77,44
533977422,219,111,108,73
533977423,34,18,16,13
533977424,331,150,181,47
533977431,51,27,24,13
533977432,78,40,38,23
533977433,136,65,71,41
533977434,72,36,36,18
533977441,0,0,0,0
533977442,0,0,0,0
533977443,0,0,0,0
533977444,0,0,0,0
533977501,1245,648,597,453
533977502,484,199,285,125
533977503,638,305,333,136
533977504,400,176,224,115
533977511,236,117,119,72
533977512,51,26,25,15
533977513,346,172,174,108
533977514,102,54,48,32
533977521,30,17,13,8
533977522,42,23,19,11
533977523,163,78,85,47
533977524,107,54,53,33
533977531,206,98,108,56
533977532,98,48,50,30
533977533,71,40,31,20
533977534,0,0,0,0
533977541,0,0,0,0
533977542,0,0,0,0
533977543,0,0,0,0
533977544,0,0,0,0
533977551,0,0,0,0
533977553,0,0,0,0
533977601,153,71,82,42
533977602,201,97,104,66
533977603,226,111,115,69
533977604,13,6,7,4
533977611,133,66,67,41
533977612,61,30,31,18
533977613,0,0,0,0
533977614,1,1,0,1
533977621,73,37,36,24
533977622,107,55,52,33
533977623,0,0,0,0
533977624,0,0,0,0
533977631,0,0,0,0
533977632,0,0,0,0
533977633,0,0,0,0
533977641,0,0,0,0
533977642,0,0,0,0
533977701,33,18,15,11
533977702,49,24,25,13
533977703,47,21,26,14
533977704,71,36,35,27
533977711,2,1,1,1
533977712,14,7,7,5
533977713,22,11,11,5
533977714,33,18,15,9
533977721,0,0,0,0
533977801,0,0,0,0
533977802,8,5,3,4
533977803,3,2,1,1
533977804,0,0,0,0
533977811,28,17,11,8
533977901,103,54,49,29
533977902,18,8,10,4
533977903,33,18,15,9
534000151,0,0,0,0
534000152,0,0,0,0
534000153,35,14,21,10
534000154,10,6,4,2
534000161,0,0,0,0
534000162,15,7,8,5
534000163,24,13,11,8
534000164,57,29,28,18
534000171,31,18,13,13
534000172,0,0,0,0
534000173,0,0,0,0
534000174,2,1,1,2
534000181,2,1,1,1
534000182,4,3,1,1
534000183,2,1,1,1
534000184,0,0,0,0
534000191,0,0,0,0
534000192,0,0,0,0
534000193,0,0,0,0
534000194,2,1,1,1
534000201,0,0,0,0
534000202,10,7,3,5
534000203,23,11,12,6
534000204,40,25,15,13
534000211,0,0,0,0
534000212,7,4,3,3
534000213,95,54,41,27
534000214,36,23,13,9
534000221,179,121,58,2
534000222,44,18,26,14
534000223,0,0,0,0
534000224,13,7,6,4
534000231,97,54,43,28
534000232,74,36,38,28
534000233,187,87,100,63
534000234,80,38,42,24
534000241,47,22,25,11
534000242,83,41,42,31
534000243,32,14,18,10
534000244,140,74,66,45
534000251,36,19,17,11
534000252,0,0,0,0
534002041,21,11,10,6
534002042,0,0,0,0
534002043,0,0,0,0
534002044,0,0,0,0
534002051,0,0,0,0
534002052,37,21,16,12
534002053,0,0,0,0
534002054,76,40,36,20
534002061,24,12,12,7
534002062,40,17,23,15
534002063,28,13,15,5
534002064,0,0,0,0
534002071,0,0,0,0
534002072,0,0,0,0
534002073,0,0,0,0
534002074,0,0,0,0
534002081,15,8,7,7
534002082,34,14,20,9
534002083,18,10,8,5
534002084,67,29,38,20
534002091,31,17,14,11
534002092,35,19,16,8
534002093,45,23,22,16
534002094,77,37,40,25
534002101,0,0,0,0
534002102,12,4,8,3
534002103,9,5,4,2
534002104,33,14,19,8
534002111,45,23,22,11
534002112,3,1,2,1
534002113,44,21,23,12
534002114,4,2,2,2
534002121,23,12,11,9
534002122,65,28,37,21
534002123,0,0,0,0
534002124,21,9,12,7
534002131,111,52,59,40
534002132,64,36,28,23
534002133,26,14,12,12
534002134,47,23,24,19
534002141,38,17,21,10
534002142,10,3,7,4
534000001,45,25,20,16
534000002,22,12,10,7
534000003,15,8,7,5
534000004,0,0,0,0
534000011,0,0,0,0
534000012,0,0,0,0
534000013,6,2,4,4
534000014,0,0,0,0
534000021,56,28,28,15
534000022,57,25,32,15
534000023,46,21,25,12
534000024,72,46,26,31
534000031,49,25,24,14
534000032,182,90,92,47
534000033,35,14,21,9
534000034,103,48,55,30
534000041,12,6,6,5
534000042,67,33,34,21
534000043,0,0,0,0
534000044,54,27,27,16
534000051,46,24,22,11
534000052,27,15,12,10
534000053,0,0,0,0
534000054,0,0,0,0
534000061,0,0,0,0
534000062,0,0,0,0
534000063,14,6,8,8
534000064,0,0,0,0
534000071,0,0,0,0
534000072,0,0,0,0
534000073,11,4,7,2
534000074,1,0,1,1
534000081,1,0,1,1
534000082,0,0,0,0
534000083,12,5,7,4
534000084,0,0,0,0
534000091,0,0,0,0
534000092,2,1,1,1
534000093,0,0,0,0
534000094,0,0,0,0
534000101,3,1,2,1
534000102,0,0,0,0
534000103,0,0,0,0
534000104,0,0,0,0
534000111,0,0,0,0
534000112,0,0,0,0
534000113,0,0,0,0
534000114,59,31,28,17
534000121,0,0,0,0
534000122,29,16,13,9
534000123,6,3,3,1
534000124,20,11,9,7
534000131,76,43,33,28
534000132,26,16,10,11
534000133,76,36,40,24
534000134,4,2,2,2
534000141,49,23,26,16
534000142,60,27,33,21
534000143,0,0,0,0
534000144,157,81,76,44
534000253,34,19,15,11
534000254,0,0,0,0
534000261,0,0,0,0
534000262,0,0,0,0
534000263,40,18,22,14
534000264,0,0,0,0
534000271,3,2,1,1
534000272,20,8,12,7
534000273,0,0,0,0
534000274,19,8,11,5
534000281,4,1,3,2
534000282,1,1,0,1
534000283,0,0,0,0
534000284,59,32,27,18
534000291,10,6,4,4
534000292,0,0,0,0
534000293,11,6,5,3
534000294,0,0,0,0
534000301,17,7,10,6
534000302,41,21,20,13
534000303,38,19,19,12
534000304,38,19,19,13
534000311,15,6,9,5
534000312,6,4,2,2
534000313,77,36,41,24
534000314,0,0,0,0
534000321,0,0,0,0
534000322,15,6,9,5
534000323,0,0,0,0
534000324,52,23,29,17
534000331,113,53,60,36
534000332,70,33,37,21
534000333,66,39,27,23
534000334,89,44,45,24
534000341,4,2,2,2
534000342,215,97,118,91
534000343,133,61,72,47
534000344,539,265,274,194
534000351,138,66,72,44
534000352,0,0,0,0
534000353,412,207,205,151
534000354,92,50,42,26
534000361,29,13,16,9
534000362,10,5,5,5
534000363,13,5,8,6
534000364,3,1,2,2
534000371,11,7,4,3
534000372,2,1,1,1
534000373,39,20,19,12
534000374,41,21,20,12
534000381,0,0,0,0
534000382,62,37,25,23
534000383,12,5,7,3
534000384,0,0,0,0
534000391,0,0,0,0
534000392,0,0,0,0
534000393,0,0,0,0
534000394,0,0,0,0
534000401,45,24,21,12
534000402,0,0,0,0
534000403,4,1,3,1
534000404,103,54,49,29
534000411,31,15,16,10
534000412,0,0,0,0
534000413,8,4,4,3
534000414,25,11,14,6
534000421,0,0,0,0
534000422,49,23,26,14
534000423,0,0,0,0
534000424,191,88,103,53
534000431,38,19,19,11
534000432,49,22,27,13
534000433,40,22,18,11
534000434,0,0,0,0
534000441,31,18,13,14
534000442,428,214,214,146
534000443,167,83,84,61
534000444,325,166,159,116
534000451,369,180,189,128
534000452,327,158,169,113
534000453,94,50,44,36
534000454,0,0,0,0
534000461,253,122,131,69
534000462,80,36,44,21
534000463,15,6,9,8
534000464,22,11,11,9
534000471,33,14,19,9
534000472,22,11,11,8
534000473,0,0,0,0
534000474,1,1,0,1
534000481,12,6,6,6
534000482,4,3,1,2
534000483,9,6,3,4
534000484,36,20,16,15
534000491,0,0,0,0
534000492,0,0,0,0
534000493,0,0,0,0
534000494,0,0,0,0
534000501,25,11,14,7
534000502,53,28,25,15
534000503,9,5,4,3
534000504,39,24,15,12
534000511,388,186,202,119
534000512,123,65,58,46
534000513,317,151,166,101
534000514,246,112,134,84
534000521,202,93,109,55
534000522,41,22,19,13
534000523,160,81,79,43
534000524,137,64,73,41
534000531,68,32,36,20
534000532,0,0,0,0
534000533,34,17,17,10
534000534,5,2,3,1
534000541,0,0,0,0
534000542,136,69,67,53
534000543,0,0,0,0
534000544,16,6,10,5
534000551,145,64,81,54
534000552,0,0,0,0
534000553,95,50,45,34
534000554,19,10,9,8
534000561,0,0,0,0
534000562,0,0,0,0
534000563,0,0,0,0
534000564,0,0,0,0
534000571,0,0,0,0
534000572,0,0,0,0
534000573,4,2,2,2
534000574,0,0,0,0
534000581,0,0,0,0
534000582,0,0,0,0
534000583,0,0,0,0
534000584,0,0,0,0
534000591,29,17,12,9
534000592,5,3,2,2
534000593,1,1,0,1
534000594,0,0,0,0
534000601,10,6,4,3
534000602,308,152,156,98
534000603,152,77,75,40
534000604,49,26,23,16
534000611,478,245,233,153
534000612,589,285,304,187
534000613,0,0,0,0
534000614,139,73,66,58
534000621,178,86,92,58
534000622,235,121,114,84
534000623,0,0,0,0
534000624,230,124,106,93
534000631,407,196,211,159
534000632,141,76,65,55
534000633,124,61,63,43
534000634,235,109,126,92
534000641,179,87,92,51
534000642,85,41,44,30
534000643,241,122,119,81
534000644,144,71,73,46
534000651,48,24,24,21
534000652,0,0,0,0
534000653,71,34,37,20
534000654,5,2,3,1
534000661,0,0,0,0
534000662,0,0,0,0
534000663,48,28,20,14
534000664,2,1,1,1
534000671,0,0,0,0
534000672,26,15,11,8
534000673,5,3,2,1
534000674,42,23,19,10
534000681,0,0,0,0
534000682,0,0,0,0
534000683,309,162,147,106
534000684,12,11,1,12
534000691,3,1,2,1
534000692,0,0,0,0
534000693,0,0,0,0
534000694,0,0,0,0
534000701,40,21,19,13
534000702,8,5,3,2
534000703,118,62,56,31
534000704,16,11,5,7
534000711,37,19,18,12
534000712,150,68,82,42
534000713,59,31,28,18
534000714,79,41,38,24
534000721,15,6,9,4
534000722,0,0,0,0
534000723,33,15,18,12
534000724,0,0,0,0
534000731,121,59,62,39
534000732,50,31,19,19
534000733,256,130,126,82
534000734,383,185,198,130
534000741,41,26,15,14
534000742,34,20,14,9
534000743,149,73,76,49
534000744,2,1,1,1
534000751,0,0,0,0
534000752,5,4,1,1
534000753,10,4,6,3
534000754,0,0,0,0
534000761,24,13,11,8
534000762,21,10,11,10
534000763,12,5,7,5
534000764,0,0,0,0
534000771,0,0,0,0
534000772,58,28,30,23
534000773,6,2,4,1
534000774,22,9,13,6
534000781,51,29,22,20
534000782,0,0,0,0
534000783,36,16,20,12
534000784,4,2,2,1
534000791,0,0,0,0
534000792,105,50,55,35
534000793,66,38,28,19
534000794,118,58,60,33
534000801,79,37,42,24
534000802,30,17,13,9
534000803,2,1,1,1
534000804,0,0,0,0
534000811,60,29,31,12
534000812,130,63,67,36
534000813,0,0,0,0
534000814,6,3,3,1
534000821,0,0,0,0
534000822,15,9,6,4
534000823,7,2,5,2
534000824,295,138,157,82
534000831,142,66,76,38
534000832,202,92,110,68
534000833,123,62,61,34
534000834,181,91,90,60
534000841,242,105,137,82
534000842,41,19,22,8
534000843,27,9,18,12
534000844,0,0,0,0
534000851,0,0,0,0
534000852,94,43,51,24
534000853,0,0,0,0
534000854,44,24,20,16
534000861,18,7,11,5
534000862,0,0,0,0
534000863,40,18,22,12
534000864,30,15,15,9
534000871,10,5,5,2
534000872,0,0,0,0
534000873,0,0,0,0
534000874,0,0,0,0
534000881,0,0,0,0
534000882,19,6,13,7
534000883,53,32,21,30
534000884,157,76,81,48
534000891,241,130,111,95
534000892,27,17,10,8
534000893,853,440,413,314
534000894,11,5,6,4
534000901,0,0,0,0
534000902,0,0,0,0
534000903,194,98,96,50
534000904,38,18,20,13
534000911,0,0,0,0
534000912,119,51,68,33
534000913,347,175,172,96
534000914,309,150,159,96
534000921,37,18,19,14
534000922,86,39,47,26
534000923,331,163,168,100
534000924,103,51,52,34
534000931,114,55,59,35
534000932,24,13,11,5
534000933,74,35,39,28
534000934,73,40,33,24
534000941,30,16,14,11
534000942,30,15,15,12
534000943,25,11,14,7
534000944,57,25,32,16
534000951,24,13,11,8
534000952,59,29,30,19
534000953,39,17,22,8
534000954,76,40,36,23
534000961,36,17,19,12
534000962,0,0,0,0
534000963,56,25,31,16
534000964,0,0,0,0
534000971,0,0,0,0
534000972,0,0,0,0
534000973,0,0,0,0
534000974,3,2,1,1
534000981,0,0,0,0
534000982,77,40,37,30
534000983,102,48,54,40
534000984,438,212,226,169
534000991,487,245,242,181
534000992,14,8,6,5
534000993,187,92,95,60
534000994,65,33,32,25
534001001,0,0,0,0
534001002,0,0,0,0
534001003,0,0,0,0
534001004,0,0,0,0
534001011,6,3,3,2
534001012,97,48,49,33
534001013,31,16,15,12
534001014,110,55,55,38
534001021,4,2,2,1
534001022,0,0,0,0
534001023,14,7,7,5
534001024,28,17,11,10
534001031,0,0,0,0
534001032,76,35,41,33
534001033,1,1,0,1
534001034,42,21,21,15
534001041,0,0,0,0
534001042,15,7,8,6
534001043,15,7,8,4
534001044,3,1,2,2
534001051,70,36,34,28
534001052,0,0,0,0
534001053,115,78,37,19
534001054,6,4,2,1
534001061,28,17,11,9
534001062,62,27,35,23
534001063,38,18,20,14
534001064,0,0,0,0
534001071,0,0,0,0
534001072,0,0,0,0
534001073,0,0,0,0
534001074,0,0,0,0
534001081,3,2,1,1
534001082,17,7,10,7
534001083,8,4,4,2
534001084,5,3,2,1
534001091,0,0,0,0
534001092,40,19,21,11
534001093,22,10,12,5
534001094,90,43,47,34
534001101,0,0,0,0
534001102,0,0,0,0
534001103,0,0,0,0
534001104,6,4,2,2
534001111,0,0,0,0
534001112,67,40,27,23
534001113,0,0,0,0
534001114,97,48,49,30
534001121,28,16,12,13
534001122,115,53,62,38
534001123,29,12,17,9
534001124,22,12,10,10
534001131,30,15,15,11
534001132,16,7,9,7
534001133,62,30,32,16
534001134,24,9,15,4
534001141,1,1,0,1
534001142,14,8,6,6
534001143,2,1,1,1
534001144,45,25,20,15
534001151,0,0,0,0
534001152,25,12,13,6
534001153,14,7,7,4
534001154,116,59,57,43
534001161,44,24,20,13
534001162,0,0,0,0
534001163,28,12,16,8
534001164,0,0,0,0
534001171,0,0,0,0
534001172,1,0,1,1
534001173,0,0,0,0
534001174,76,37,39,20
534001181,50,28,22,15
534001182,6,3,3,1
534001183,46,26,20,11
534001184,0,0,0,0
534001191,70,38,32,19
534001192,54,23,31,16
534001193,11,5,6,6
534001194,37,16,21,12
534001201,0,0,0,0
534001202,0,0,0,0
534001203,0,0,0,0
534001204,0,0,0,0
534001211,0,0,0,0
534001212,77,38,39,26
534001213,1,1,0,1
534001214,48,23,25,15
534001221,115,52,63,35
534001222,8,4,4,3
534001223,82,44,38,33
534001224,14,7,7,6
534001231,154,76,78,49
534001232,25,12,13,9
534001233,80,40,40,25
534001234,4,3,1,1
534001241,0,0,0,0
534001242,15,7,8,4
534001243,10,6,4,3
534001244,66,37,29,14
534001251,0,0,0,0
534001252,19,11,8,9
534001253,121,59,62,32
534001254,69,41,28,21
534001261,0,0,0,0
534001262,0,0,0,0
534001263,0,0,0,0
534001264,0,0,0,0
534001271,3,2,1,2
534001272,74,34,40,29
534001273,43,20,23,14
534001274,54,29,25,16
534001281,14,5,9,7
534001282,0,0,0,0
534001283,8,4,4,3
534001284,28,14,14,7
534001291,0,0,0,0
534001292,0,0,0,0
534001293,0,0,0,0
534001294,0,0,0,0
534001301,0,0,0,0
534001302,0,0,0,0
534001303,0,0,0,0
534001304,0,0,0,0
534001311,31,14,17,6
534001312,43,17,26,12
534001313,47,25,22,16
534001314,155,65,90,34
534001321,38,19,19,11
534001322,8,4,4,2
534001323,69,35,34,22
534001324,108,56,52,28
534001331,23,12,11,9
534001332,14,7,7,4
534001333,30,15,15,11
534001334,4,3,1,2
534001341,2,1,1,1
534001342,18,9,9,5
534001343,0,0,0,0
534001344,61,35,26,17
534001351,36,22,14,13
534001352,0,0,0,0
534001353,0,0,0,0
534001354,0,0,0,0
534001361,0,0,0,0
534001362,0,0,0,0
534001363,0,0,0,0
534001364,0,0,0,0
534001371,16,8,8,6
534001372,108,59,49,29
534001373,6,3,3,2
534001374,45,23,22,14
534001381,10,7,3,2
534001382,81,39,42,21
534001383,40,19,21,16
534001384,71,35,36,18
534001391,15,6,9,3
534001392,0,0,0,0
534001393,15,6,9,4
534001394,0,0,0,0
534001401,0,0,0,0
534001402,0,0,0,0
534001403,0,0,0,0
534001404,0,0,0,0
534001411,0,0,0,0
534001412,30,14,16,10
534001413,0,0,0,0
534001414,18,10,8,4
534001421,107,52,55,35
534001422,16,8,8,7
534001423,78,46,32,27
534001424,90,39,51,32
534001431,4,2,2,1
534001432,0,0,0,0
534001433,11,6,5,3
534001434,13,5,8,3
534001441,0,0,0,0
534001442,122,58,64,41
534001443,34,16,18,13
534001444,51,26,25,21
534001451,30,14,16,8
534001452,21,9,12,6
534001453,17,7,10,5
534001454,0,0,0,0
534001461,0,0,0,0
534001462,0,0,0,0
534001463,3,1,2,2
534001464,0,0,0,0
534001471,16,5,11,5
534001472,59,29,30,21
534001473,0,0,0,0
534001474,23,11,12,9
534001481,33,15,18,13
534001482,77,42,35,24
534001483,47,22,25,18
534001484,45,25,20,17
534001491,69,36,33,19
534001492,0,0,0,0
534001493,27,13,14,10
534001494,211,103,108,64
534001501,0,0,0,0
534001502,2,2,0,1
534001503,43,30,13,11
534001504,58,30,28,18
534001511,28,15,13,7
534001512,64,34,30,23
534001513,24,12,12,8
534001514,69,31,38,27
534001521,58,26,32,18
534001522,25,14,11,10
534001523,60,26,34,15
534001524,101,47,54,34
534001531,47,27,20,23
534001532,59,27,32,21
534001533,76,42,34,21
534001534,42,21,21,13
534001541,37,20,17,10
534001542,157,82,75,61
534001543,66,31,35,24
534001544,286,128,158,110
534001551,120,63,57,48
534001552,0,0,0,0
534001553,131,64,67,55
534001554,0,0,0,0
534001561,11,3,8,3
534001562,0,0,0,0
534001563,0,0,0,0
534001564,0,0,0,0
534001571,0,0,0,0
534001572,0,0,0,0
534001573,32,14,18,8
534001574,36,20,16,9
534001581,2,0,2,1
534001582,42,23,19,11
534001583,17,7,10,7
534001584,32,16,16,10
534001591,65,37,28,21
534001592,137,63,74,43
534001593,0,0,0,0
534001594,51,29,22,15
534001601,8,4,4,2
534001602,88,44,44,26
534001603,0,0,0,0
534001604,216,116,100,66
534001611,0,0,0,0
534001612,38,19,19,9
534001613,17,9,8,7
534001614,121,59,62,40
534001621,113,53,60,42
534001622,112,54,58,31
534001623,87,43,44,34
534001624,82,37,45,29
534001631,35,15,20,9
534001632,29,12,17,12
534001633,254,134,120,93
534001634,369,189,180,126
534001641,209,103,106,79
534001642,354,110,244,76
534001643,36,17,19,12
534001644,0,0,0,0
534001651,12,8,4,4
534001652,16,7,9,6
534001653,0,0,0,0
534001654,32,14,18,9
534001661,0,0,0,0
534001662,0,0,0,0
534001663,2,0,2,1
534001664,6,4,2,1
534001671,84,37,47,29
534001672,26,12,14,10
534001673,29,14,15,11
534001674,8,5,3,4
534001681,1,1,0,1
534001682,3,2,1,1
534001683,47,22,25,20
534001684,151,66,85,52
534001691,0,0,0,0
534001692,27,11,16,8
534001693,0,0,0,0
534001694,3,1,2,1
534001701,376,191,185,141
534001702,291,129,162,138
534001703,101,47,54,36
534001704,659,325,334,275
534001711,182,88,94,66
534001712,440,220,220,157
534001713,706,363,343,283
534001714,675,328,347,270
534001721,185,98,87,67
534001722,99,45,54,34
534001723,287,137,150,98
534001724,66,32,34,19
534001731,305,146,159,104
534001732,331,171,160,116
534001733,23,12,11,9
534001734,23,12,11,9
534001741,12,7,5,3
534001742,4,1,3,1
534001743,2,1,1,1
534001744,10,6,4,2
534001751,56,28,28,17
534001752,0,0,0,0
534001753,20,11,9,9
534001754,4,2,2,1
534001761,0,0,0,0
534001762,23,13,10,6
534001763,59,33,26,21
534001764,32,15,17,9
534001771,48,23,25,15
534001772,26,13,13,8
534001773,26,12,14,7
534001774,44,22,22,17
534001781,7,3,4,4
534001782,291,149,142,99
534001783,171,82,89,55
534001784,262,117,145,73
534001791,6,5,1,3
534001792,27,10,17,8
534001793,20,10,10,8
534001794,50,28,22,18
534001801,85,38,47,27
534001802,353,172,181,143
534001803,174,95,79,62
534001804,311,148,163,112
534001811,411,215,196,161
534001812,241,117,124,101
534001813,497,254,243,162
534001814,95,51,44,38
534001821,34,18,16,11
534001822,109,52,57,35
534001823,0,0,0,0
534001824,0,0,0,0
534001831,87,41,46,24
534001832,117,57,60,38
534001833,24,11,13,9
534001834,115,47,68,30
534001841,32,15,17,11
534001842,31,12,19,7
534001843,96,50,46,27
534001844,25,14,11,8
534001851,37,15,22,12
534001852,1,0,1,1
534001853,30,13,17,8
534001854,37,19,18,17
534001861,39,19,20,10
534001862,16,10,6,4
534001863,0,0,0,0
534001864,22,9,13,9
534001871,0,0,0,0
534001872,0,0,0,0
534001873,0,0,0,0
534001874,16,8,8,6
534001881,73,36,37,24
534001882,161,83,78,55
534001883,36,19,17,10
534001884,103,47,56,32
534001891,27,12,15,12
534001892,15,10,5,6
534001893,29,15,14,12
534001894,36,17,19,11
534001901,0,0,0,0
534001902,24,13,11,8
534001903,54,24,30,14
534001904,79,39,40,30
534001911,173,91,82,60
534001912,191,95,96,59
534001913,20,11,9,8
534001914,14,7,7,6
534001921,0,0,0,0
534001922,0,0,0,0
534001923,0,0,0,0
534001924,0,0,0,0
534001931,0,0,0,0
534001932,0,0,0,0
534001933,0,0,0,0
534001934,0,0,0,0
534001941,16,8,8,6
534001942,0,0,0,0
534001943,0,0,0,0
534001944,0,0,0,0
534001951,0,0,0,0
534001952,20,9,11,7
534001953,0,0,0,0
534001954,29,14,15,9
534001961,41,22,19,12
534001962,5,3,2,2
534001963,42,20,22,12
534001964,12,5,7,5
534001971,0,0,0,0
534001972,43,19,24,14
534001973,0,0,0,0
534001974,26,15,11,8
534001981,67,30,37,23
534001982,71,33,38,24
534001983,81,45,36,27
534001984,27,18,9,9
534001991,185,95,90,58
534001992,152,75,77,56
534001993,13,5,8,3
534001994,49,25,24,15
534002001,36,20,16,11
534002002,14,7,7,5
534002003,0,0,0,0
534002004,31,15,16,8
534002011,0,0,0,0
534002012,32,15,17,11
534002013,0,0,0,0
534002014,7,3,4,3
534002021,33,15,18,11
534002022,0,0,0,0
534002023,45,20,25,16
534002024,44,26,18,11
534002031,61,28,33,17
534002032,74,10,64,1
534002033,67,31,36,24
534002034,12,6,6,5
534002143,122,61,61,37
534002144,53,27,26,17
534002151,0,0,0,0
534002152,13,7,6,4
534002153,30,12,18,11
534002154,5,3,2,1
534002161,0,0,0,0
534002162,0,0,0,0
534002163,0,0,0,0
534002164,9,6,3,4
534002171,0,0,0,0
534002172,0,0,0,0
534002173,14,8,6,5
534002174,0,0,0,0
534002181,5,2,3,1
534002182,0,0,0,0
534002183,0,0,0,0
534002184,0,0,0,0
534002191,8,5,3,2
534002192,0,0,0,0
534002193,0,0,0,0
534002194,15,7,8,4
534002201,0,0,0,0
534002202,78,39,39,22
534002203,29,13,16,9
534002204,46,21,25,14
534002211,0,0,0,0
534002212,33,14,19,11
534002213,12,5,7,3
534002214,29,15,14,10
534002221,0,0,0,0
534002222,7,4,3,2
534002223,58,29,29,19
534002224,52,25,27,17
534002231,15,7,8,6
534002232,36,22,14,12
534002233,76,37,39,23
534002234,29,14,15,8
534002241,31,16,15,9
534002242,43,18,25,12
534002243,233,110,123,86
534002244,44,24,20,13
534002251,65,30,35,22
534002252,6,2,4,3
534002253,17,10,7,5
534002254,23,11,12,8
534002261,0,0,0,0
534002262,55,27,28,17
534002263,33,18,15,10
534002264,62,30,32,23
534002271,29,14,15,11
534002272,2,1,1,1
534002273,30,15,15,11
534002274,0,0,0,0
534002281,0,0,0,0
534002282,7,3,4,2
534002283,0,0,0,0
534002284,17,8,9,7
534002291,10,4,6,3
534002292,82,40,42,20
534002293,4,1,3,2
534002294,97,49,48,29
534002301,25,15,10,10
534002302,0,0,0,0
534002303,5,3,2,2
534002304,27,12,15,8
534002311,78,36,42,21
534002312,0,0,0,0
534002313,25,14,11,8
534002314,42,20,22,13
534002321,0,0,0,0
534002322,4,2,2,1
534002323,0,0,0,0
534002324,34,15,19,10
534002331,28,15,13,8
534002332,73,37,36,23
534002333,34,16,18,16
534002334,70,32,38,17
534002341,36,18,18,9
534002342,79,38,41,23
534002343,109,37,72,14
534002344,33,15,18,12
534002351,134,60,74,43
534002352,125,56,69,41
534002353,63,30,33,19
534002354,165,91,74,55
534002361,64,30,34,18
534002362,48,27,21,15
534002363,112,49,63,36
534002364,126,61,65,41
534002371,6,3,3,3
534002372,9,5,4,4
534002373,117,54,63,36
534002374,34,14,20,11
534002381,76,41,35,24
534002382,8,4,4,2
534002383,45,23,22,13
534002384,12,5,7,7
534002391,27,13,14,8
534002392,118,58,60,37
534002393,429,218,211,177
534002394,351,162,189,112
534002401,20,10,10,5
534002402,47,24,23,20
534002403,28,14,14,11
534002404,29,13,16,9
534002411,11,6,5,3
534002412,30,15,15,7
534002413,11,6,5,4
534002414,84,40,44,25
534002421,44,24,20,13
534002422,81,35,46,21
534002423,95,42,53,29
534002424,59,31,28,19
534002431,110,50,60,36
534002432,97,48,49,30
534002433,107,52,55,37
534002434,24,12,12,6
534002441,80,41,39,24
534002442,119,62,57,34
534002443,24,13,11,8
534002444,14,8,6,3
534002451,44,21,23,13
534002452,58,22,36,18
534002453,21,10,11,6
534002454,88,37,51,31
534002461,42,18,24,15
534002462,277,130,147,93
534002463,2,0,2,2
534002464,305,135,170,93
534002471,308,150,158,104
534002472,141,72,69,51
534002473,465,227,238,165
534002474,299,141,158,114
534002481,102,50,52,33
534002482,147,71,76,48
534002483,181,87,94,72
534002484,302,137,165,105
534002491,574,299,275,248
534002492,392,202,190,138
534002493,716,347,369,281
534002494,272,146,126,115
534002501,15,7,8,5
534002502,76,34,42,23
534002503,23,12,11,8
534002504,60,33,27,17
534002511,89,40,49,29
534002512,73,34,39,20
534002513,29,12,17,11
534002514,34,14,20,9
534002521,168,84,84,75
534002522,37,19,18,13
534002523,7,3,4,2
534002524,0,0,0,0
534002531,41,19,22,13
534002532,39,19,20,11
534002533,0,0,0,0
534002534,13,7,6,4
534002541,23,9,14,5
534002542,41,20,21,11
534002543,12,6,6,3
534002544,26,10,16,8
534002551,37,18,19,10
534002552,16,6,10,6
534002553,0,0,0,0
534002554,34,17,17,9
534002561,23,11,12,9
534002562,83,36,47,29
534002563,128,62,66,44
534002564,167,82,85,55
534002571,315,147,168,101
534002572,330,157,173,130
534002573,216,106,110,67
534002574,46,24,22,18
534002581,192,89,103,71
534002582,600,272,328,238
534002583,48,22,26,13
534002584,310,148,162,122
534002591,573,274,299,221
534002592,215,106,109,81
534002593,342,162,180,121
534002594,186,96,90,73
534002601,12,4,8,3
534002602,32,16,16,9
534002603,81,35,46,25
534002604,0,0,0,0
534002611,12,6,6,5
534002612,0,0,0,0
534002613,0,0,0,0
534002614,27,12,15,8
534002621,25,10,15,8
534002622,34,20,14,10
534002623,18,9,9,5
534002624,12,7,5,3
534002631,78,37,41,23
534002632,37,20,17,11
534002633,76,36,40,22
534002634,67,35,32,23
534002641,32,16,16,12
534002642,21,12,9,5
534002643,64,32,32,5
534002644,17,11,6,5
534002651,0,0,0,0
534002652,4,2,2,1
534002653,3,2,1,1
534002654,8,4,4,2
534002661,183,95,88,57
534002662,88,19,69,5
534002663,36,19,17,11
534002664,110,31,79,13
534002671,4,2,2,2
534002672,30,18,12,9
534002673,61,28,33,19
534002674,191,99,92,60
534002681,57,24,33,19
534002682,126,60,66,41
534002683,56,29,27,19
534002684,45,22,23,17
534002691,424,187,237,140
534002692,248,116,132,70
534002693,42,20,22,16
534002694,71,34,37,27
534002701,16,7,9,3
534002702,62,27,35,14
534002703,46,23,23,12
534002704,21,12,9,6
534002711,119,53,66,32
534002712,33,16,17,9
534002713,7,4,3,3
534002714,0,0,0,0
534002721,52,25,27,15
534002722,62,32,30,18
534002723,37,20,17,13
534002724,150,65,85,47
534002731,73,36,37,19
534002732,151,67,84,57
534002733,90,41,49,29
534002734,507,236,271,187
534002741,68,28,40,26
534002742,182,95,87,63
534002743,668,323,345,231
534002744,523,242,281,171
534002751,63,36,27,20
534002752,78,43,35,36
534002753,196,96,100,66
534002754,153,77,76,63
534002761,262,124,138,96
534002762,213,100,113,61
534002763,181,83,98,67
534002764,127,65,62,41
534002771,318,158,160,97
534002772,347,179,168,93
534002773,171,83,88,61
534002774,441,219,222,146
534002781,297,137,160,76
534002782,134,66,68,47
534002783,333,161,172,112
534002784,305,152,153,97
534002791,53,23,30,20
534002792,74,33,41,23
534002793,58,26,32,21
534002794,60,30,30,21
534002801,28,15,13,8
534002802,28,14,14,7
534002803,0,0,0,0
534002804,44,18,26,12
534002811,23,9,14,9
534002812,12,4,8,4
534002813,126,62,64,35
534002814,129,61,68,40
534002821,9,4,5,3
534002822,108,51,57,38
534002823,102,51,51,37
534002824,593,299,294,227
534002831,0,0,0,0
534002832,370,184,186,136
534002833,0,0,0,0
534002834,289,136,153,102
534002841,741,337,404,212
534002842,368,190,178,141
534002843,528,263,265,195
534002844,923,469,454,366
534002851,71,38,33,30
534002852,632,306,326,248
534002853,337,166,171,127
534002854,346,162,184,144
534002861,180,87,93,68
534002862,138,71,67,50
534002863,45,22,23,19
534002864,0,0,0,0
534002871,201,102,99,60
534002872,229,108,121,90
534002873,123,58,65,43
534002874,172,83,89,62
534002881,128,67,61,40
534002882,133,71,62,40
534002883,162,81,81,49
534002884,129,69,60,41
534002891,4,3,1,1
534002892,209,107,102,68
534002893,78,37,41,25
534002894,105,58,47,34
534002901,74,35,39,22
534002902,98,48,50,29
534002903,49,24,25,15
534002904,31,14,17,9
534002911,23,12,11,9
534002912,61,32,29,20
534002913,45,20,25,15
534002914,144,72,72,47
534002921,338,161,177,106
534002922,237,117,120,87
534002923,462,244,218,171
534002924,248,118,130,93
534002931,88,49,39,33
534002932,572,290,282,240
534002933,637,316,321,242
534002934,660,342,318,286
534002941,1075,526,549,430
534002942,976,476,500,409
534002943,749,372,377,336
534002944,859,479,380,380
534002951,430,234,196,172
534002952,650,329,321,242
534002953,608,286,322,253
534002954,562,295,267,240
534002961,26,12,14,12
534002962,30,12,18,12
534002963,193,124,69,105
534002964,77,38,39,32
534002971,165,81,84,55
534002972,196,88,108,71
534002973,251,111,140,79
534002974,146,72,74,42
534002981,123,62,61,39
534002982,139,68,71,46
534002983,219,105,114,68
534002984,42,20,22,18
534002991,21,12,9,7
534002992,153,69,84,48
534002993,15,4,11,4
534002994,192,96,96,58
534003001,51,27,24,23
534003002,51,25,26,19
534003003,47,24,23,14
534003004,87,42,45,29
534003011,59,28,31,22
534003012,0,0,0,0
534003013,123,67,56,49
534003014,0,0,0,0
534003101,141,66,75,47
534003102,50,27,23,15
534003103,159,84,75,56
534003104,0,0,0,0
534003111,64,34,30,34
534003113,141,74,67,69
534003201,81,40,41,26
534003202,83,46,37,29
534003203,125,67,58,54
534003204,160,77,83,55
534003211,111,61,50,34
534003213,93,49,44,42
534003301,191,94,97,54
534003302,45,27,18,23
534003303,253,116,137,69
534003304,24,11,13,9
534003311,27,16,11,12
534003313,2,0,2,2
534003401,97,49,48,26
534003402,54,30,24,26
534003403,0,0,0,0
534003404,143,72,71,53
534003411,85,46,39,33
534003413,43,19,24,25
534003501,243,120,123,103
534003502,234,119,115,87
534003503,140,66,74,53
534003504,316,159,157,47
534003511,7,2,5,3
534003513,68,38,30,23
534003601,115,53,62,33
534003602,218,95,123,86
534003603,30,14,16,9
534003604,127,61,66,57
534003611,15,7,8,8
534003613,0,0,0,0
534003701,30,16,14,9
534003702,150,74,76,47
534003703,189,95,94,52
534003704,236,116,120,77
534003711,42,21,21,12
534003713,25,13,12,10
534003801,19,9,10,7
534003802,201,109,92,74
534003803,10,2,8,2
534003804,268,138,130,100
534003811,2,1,1,1
534003812,0,0,0,0
534003813,19,7,12,10
534003814,0,0,0,0
534003901,46,21,25,13
534003902,193,90,103,71
534003903,128,63,65,42
534003904,176,87,89,70
534003911,66,30,36,24
534003912,2,0,2,2
534003913,245,124,121,79
534003914,0,0,0,0
534010001,88,45,43,22
534010002,0,0,0,0
534010003,0,0,0,0
534010004,116,87,29,22
534010011,150,73,77,42
534010012,1002,485,517,357
534010013,62,31,31,20
534010014,56,21,35,14
534010021,1363,688,675,450
534010022,6,3,3,4
534010023,434,221,213,149
534010024,13,5,8,4
534010031,10,6,4,4
534010032,28,12,16,12
534010033,37,21,16,12
534010034,341,166,175,108
534010041,20,9,11,5
534010042,27,12,15,9
534010043,53,37,16,2
534010044,4,1,3,2
534010051,35,16,19,13
534010052,4,3,1,3
534010053,86,42,44,29
534010054,19,13,6,9
534010061,25,10,15,5
534010062,4,2,2,2
534010063,6,3,3,2
534010064,38,19,19,13
534010071,0,0,0,0
534010072,0,0,0,0
534010073,25,13,12,8
534010074,91,51,40,36
534010081,336,167,169,120
534010082,704,361,343,268
534010083,191,99,92,65
534010084,56,26,30,15
534010091,146,81,65,61
534010092,184,93,91,70
534010093,436,209,227,159
534010094,236,121,115,77
534010101,30,15,15,9
534010102,18,12,6,6
534010103,126,66,60,37
534010104,51,26,25,13
534010111,121,60,61,31
534010112,20,10,10,7
534010113,82,44,38,7
534010114,151,94,57,16
534010121,52,26,26,16
534010122,11,7,4,3
534010123,57,33,24,13
534010124,30,15,15,12
534010131,33,16,17,10
534010132,107,56,51,41
534010133,63,28,35,18
534010134,42,16,26,14
534010141,40,19,21,14
534010142,61,36,25,23
534010143,48,25,23,15
534010144,112,53,59,4
534010151,67,37,30,24
534010152,90,42,48,29
534010153,4,2,2,1
534010154,21,13,8,6
534010161,23,11,12,9
534010162,89,52,37,36
534010163,58,34,24,25
534010164,15,6,9,5
534010171,473,240,233,176
534010172,167,90,77,63
534010173,448,240,208,172
534010174,90,45,45,38
534010181,121,54,67,45
534010182,135,66,69,42
534010183,178,88,90,63
534010184,125,67,58,44
534010191,418,209,209,152
534010192,35,18,17,8
534010193,760,362,398,284
534010194,0,0,0,0
534010201,521,262,259,162
534010202,80,44,36,24
534010203,1557,801,756,579
534010204,101,49,52,29
534010211,39,21,18,11
534010212,24,14,10,8
534010213,0,0,0,0
534010214,9,5,4,2
534010221,47,32,15,8
534010222,48,26,22,21
534010223,53,28,25,4
534010224,2,1,1,1
534010231,28,16,12,8
534010232,119,53,66,38
534010233,391,245,146,73
534010234,1509,750,759,570
534010241,9,5,4,3
534010242,0,0,0,0
534010243,784,382,402,300
534010244,36,16,20,12
534010251,24,12,12,5
534010252,106,45,61,38
534010253,59,30,29,19
534010254,15,8,7,4
534010261,39,20,19,11
534010262,229,119,110,80
534010263,0,0,0,0
534010264,0,0,0,0
534010271,239,127,112,90
534010272,62,13,49,2
534010273,18,10,8,4
534010274,0,0,0,0
534010281,114,59,55,37
534010282,31,16,15,11
534010283,188,98,90,56
534010284,15,7,8,3
534010291,977,471,506,378
534010292,64,33,31,23
534010293,440,233,207,187
534010294,77,36,41,25
534010301,1491,771,720,564
534010302,670,313,357,169
534010303,1917,962,955,771
534010304,1852,913,939,711
534010311,63,35,28,21
534010312,0,0,0,0
534010313,55,28,27,17
534010314,5,1,4,2
534010321,0,0,0,0
534010322,0,0,0,0
534010323,1,1,0,1
534010324,235,158,77,17
534010331,784,395,389,306
534010332,1165,575,590,425
534010333,350,172,178,144
534010334,403,175,228,85
534010341,655,325,330,228
534010342,221,114,107,76
534010343,1109,637,472,521
534010344,276,169,107,133
534010351,0,0,0,0
534010352,0,0,0,0
534010353,0,0,0,0
534010354,76,36,40,26
534010361,91,45,46,26
534010362,48,25,23,20
534010363,31,17,14,9
534010364,24,12,12,11
534010371,105,55,50,26
534010372,206,111,95,73
534010373,70,37,33,20
534010374,262,132,130,84
534010381,713,342,371,241
534010382,881,430,451,310
534010383,2352,1170,1182,888
534010384,1140,586,554,436
534010391,365,169,196,102
534010392,172,86,86,54
534010393,125,58,67,42
534010394,90,41,49,31
534010401,1148,634,514,538
534010402,688,351,337,227
534010403,178,103,75,66
534010404,60,30,30,23
534010411,772,394,378,270
534010412,2,2,0,2
534010413,182,89,93,61
534010414,411,203,208,133
534010421,0,0,0,0
534010422,9,5,4,4
534010423,69,37,32,29
534010424,23,7,16,7
534010431,0,0,0,0
534010432,213,105,108,73
534010433,0,0,0,0
534010434,23,14,9,13
534010441,1423,793,630,576
534010442,82,40,42,31
534010443,650,546,104,513
534010444,48,33,15,32
534010451,230,115,115,67
534010452,1241,611,630,430
534010453,722,369,353,243
534010454,755,374,381,263
534010461,428,208,220,138
534010462,0,0,0,0
534010463,11,7,4,3
534010464,4,3,1,1
534010471,10,5,5,2
534010472,0,0,0,0
534010473,0,0,0,0
534010474,0,0,0,0
534010481,949,475,474,341
534010482,111,57,54,39
534010483,0,0,0,0
534010484,0,0,0,0
534010491,97,44,53,28
534010492,200,92,108,63
534010493,87,41,46,26
534010494,55,29,26,18
534010501,0,0,0,0
534010502,67,37,30,21
534010503,0,0,0,0
534010504,0,0,0,0
534010511,194,98,96,64
534010512,968,477,491,312
534010513,9,6,3,4
534010514,5,3,2,3
534010521,317,212,105,200
534010522,125,63,62,58
534010523,49,27,22,12
534010524,384,210,174,176
534010531,13,9,4,5
534010532,104,51,53,41
534010533,113,50,63,60
534010534,914,446,468,361
534010541,32,18,14,10
534010542,11,4,7,4
534010543,1736,844,892,672
534010544,320,163,157,116
534010551,40,18,22,14
534010552,20,12,8,4
534010553,146,46,100,107
534010554,0,0,0,0
534010561,29,13,16,9
534010562,0,0,0,0
534010563,3,1,2,2
534010564,86,60,26,1
534010571,0,0,0,0
534010572,2,1,1,1
534010573,2,1,1,1
534010574,76,33,43,27
534010581,0,0,0,0
534010582,0,0,0,0
534010583,0,0,0,0
534010584,5,2,3,1
534010591,17,8,9,5
534010592,31,17,14,9
534010593,112,58,54,36
534010594,109,49,60,44
534010601,0,0,0,0
534010602,0,0,0,0
534010603,0,0,0,0
534010604,0,0,0,0
534010611,0,0,0,0
534010612,0,0,0,0
534010613,0,0,0,0
534010614,0,0,0,0
534010621,187,83,104,63
534010622,1239,641,598,510
534010623,17,10,7,8
534010624,715,358,357,281
534010631,608,317,291,265
534010632,1176,580,596,438
534010633,1139,603,536,504
534010634,722,400,322,349
534010641,1801,848,953,697
534010642,1907,959,948,773
534010643,1107,546,561,417
534010644,1193,635,558,574
534010651,219,106,113,82
534010652,0,0,0,0
534010653,100,57,43,20
534010654,61,26,35,21
534010661,57,30,27,22
534010662,12,8,4,3
534010663,235,117,118,67
534010664,120,61,59,42
534010671,8,5,3,4
534010672,184,93,91,63
534010673,235,119,116,94
534010674,85,46,39,30
534010681,200,99,101,60
534010682,24,14,10,5
534010683,12,7,5,4
534010684,206,108,98,64
534010691,146,71,75,47
534010692,102,52,50,40
534010693,4,2,2,2
534010694,10,4,6,7
534010701,0,0,0,0
534010702,0,0,0,0
534010704,0,0,0,0
534010711,0,0,0,0
534010712,0,0,0,0
534010713,0,0,0,0
534010714,0,0,0,0
534010721,0,0,0,0
534010722,442,241,201,204
534010723,0,0,0,0
534010724,5,5,0,5
534010731,995,508,487,451
534010732,1154,572,582,500
534010733,440,263,177,269
534010734,1444,742,702,650
534010741,671,329,342,315
534010742,266,129,137,98
534010743,707,361,346,321
534010744,396,189,207,153
534010751,108,55,53,33
534010752,47,22,25,12
534010753,169,84,85,56
534010754,145,76,69,56
534010761,13,7,6,6
534010762,55,28,27,18
534010763,91,47,44,29
534010764,52,24,28,12
534010771,118,52,66,37
534010772,27,13,14,10
534010773,135,64,71,48
534010774,253,116,137,88
534010781,0,0,0,0
534010782,134,72,62,38
534010783,150,72,78,42
534010784,206,100,106,62
534010791,218,108,110,69
534010792,233,124,109,89
534010793,0,0,0,0
534010794,429,206,223,170
534010802,0,0,0,0
534010811,0,0,0,0
534010812,0,0,0,0
534010813,0,0,0,0
534010814,0,0,0,0
534010821,0,0,0,0
534010822,0,0,0,0
534010823,0,0,0,0
534010824,0,0,0,0
534010831,24,14,10,12
534010832,1641,1001,640,910
534010833,0,0,0,0
534010834,635,386,249,346
534010841,940,521,419,447
534010842,478,237,241,185
534010843,980,556,424,503
534010844,912,445,467,379
534010851,288,139,149,82
534010852,58,23,35,14
534010853,62,28,34,18
534010854,231,118,113,76
534010861,191,97,94,67
534010862,106,49,57,30
534010863,270,136,134,85
534010864,28,13,15,13
534010871,45,22,23,16
534010872,5,4,1,4
534010873,124,66,58,42
534010874,158,79,79,49
534010881,77,34,43,25
534010882,20,10,10,6
534010883,135,55,80,34
534010884,1532,739,793,506
534010891,2,1,1,1
534010892,548,288,260,223
534010893,1726,853,873,651
534010894,1750,813,937,630
534010911,0,0,0,0
534010912,0,0,0,0
534010914,0,0,0,0
534010921,0,0,0,0
534010922,0,0,0,0
534010923,0,0,0,0
534010924,0,0,0,0
534010931,0,0,0,0
534010932,250,147,103,124
534010933,0,0,0,0
534010934,3,0,3,1
534010941,973,512,461,385
534010942,1628,818,810,549
534010943,819,474,345,375
534010944,772,390,382,308
534010951,489,256,233,194
534010952,237,113,124,82
534010953,549,290,259,216
534010954,689,350,339,259
534010961,363,177,186,133
534010962,43,22,21,16
534010963,155,71,84,59
534010964,82,50,32,43
534010971,128,68,60,44
534010972,201,101,100,70
534010973,60,27,33,21
534010974,299,141,158,97
534010981,549,274,275,204
534010982,1335,668,667,478
534010983,361,187,174,136
534010984,974,490,484,367
534010991,1807,893,914,737
534010992,1772,921,851,753
534010993,939,490,449,401
534010994,1552,784,768,618
534011001,9,6,3,3
534011002,0,0,0,0
534011003,59,31,28,19
534011004,0,0,0,0
534011011,0,0,0,0
534011012,0,0,0,0
534011013,0,0,0,0
534011014,0,0,0,0
534011021,0,0,0,0
534011022,0,0,0,0
534011023,0,0,0,0
534011024,0,0,0,0
534011031,0,0,0,0
534011032,0,0,0,0
534011033,0,0,0,0
534011034,0,0,0,0
534011041,0,0,0,0
534011042,0,0,0,0
534011043,0,0,0,0
534011044,3,2,1,1
534011051,35,16,19,11
534011052,62,30,32,23
534011053,33,16,17,11
534011054,49,24,25,17
534011061,0,0,0,0
534011062,10,5,5,4
534011063,40,21,19,11
534011064,26,17,9,9
534011071,17,9,8,4
534011072,52,24,28,15
534011073,39,19,20,14
534011074,32,16,16,8
534011081,37,21,16,12
534011082,75,32,43,21
534011083,35,18,17,11
534011084,127,60,67,40
534011091,54,30,24,17
534011092,86,37,49,22
534011093,21,10,11,6
534011094,26,11,15,7
534011101,3,1,2,1
534011102,0,0,0,0
534011103,25,10,15,8
534011104,0,0,0,0
534011111,0,0,0,0
534011112,0,0,0,0
534011113,58,32,26,16
534011114,0,0,0,0
534011121,0,0,0,0
534011122,6,4,2,2
534011123,0,0,0,0
534011124,90,45,45,25
534011131,0,0,0,0
534011132,0,0,0,0
534011133,131,61,70,37
534011134,26,13,13,9
534011141,0,0,0,0
534011142,103,50,53,27
534011143,0,0,0,0
534011144,128,60,68,41
534011151,223,107,116,73
534011152,162,78,84,57
534011153,68,34,34,28
534011154,60,24,36,20
534011161,47,22,25,18
534011162,90,42,48,29
534011163,50,22,28,15
534011164,157,78,79,46
534011171,174,85,89,61
534011172,172,75,97,41
534011173,288,141,147,103
534011174,320,105,215,9
534011181,54,30,24,16
534011182,44,23,21,13
534011183,27,12,15,9
534011184,141,68,73,44
534011191,133,66,67,42
534011192,44,21,23,15
534011193,19,9,10,9
534011194,31,15,16,10
534011201,21,10,11,6
534011202,16,10,6,6
534011203,274,140,134,76
534011204,20,9,11,7
534011211,3,2,1,2
534011212,0,0,0,0
534011213,0,0,0,0
534011214,0,0,0,0
534011221,32,15,17,8
534011222,71,34,37,25
534011223,17,7,10,5
534011224,33,18,15,8
534011231,3,1,2,2
534011232,4,3,1,2
534011233,0,0,0,0
534011234,0,0,0,0
534011241,0,0,0,0
534011242,1,1,0,1
534011243,0,0,0,0
534011244,0,0,0,0
534011251,73,37,36,22
534011252,4,3,1,2
534011253,0,0,0,0
534011254,0,0,0,0
534011261,114,58,56,35
534011262,83,36,47,22
534011263,16,7,9,5
534011264,11,7,4,3
534011271,44,20,24,22
534011272,14,6,8,4
534011273,0,0,0,0
534011274,18,10,8,3
534011281,48,21,27,14
534011282,12,6,6,6
534011283,53,25,28,14
534011284,19,11,8,7
534011291,0,0,0,0
534011292,0,0,0,0
534011293,0,0,0,0
534011294,11,6,5,4
534011301,79,39,40,19
534011302,29,13,16,7
534011303,4,3,1,1
534011304,52,24,28,18
534011311,98,50,48,32
534011312,48,24,24,15
534011313,130,59,71,40
534011314,70,41,29,22
534011321,0,0,0,0
534011322,31,13,18,10
534011323,0,0,0,0
534011324,0,0,0,0
534011331,12,5,7,3
534011332,0,0,0,0
534011333,98,43,55,25
534011334,0,0,0,0
534011341,0,0,0,0
534011342,0,0,0,0
534011343,0,0,0,0
534011344,7,7,0,1
534011351,0,0,0,0
534011352,0,0,0,0
534011353,0,0,0,0
534011354,19,8,11,9
534011361,0,0,0,0
534011362,0,0,0,0
534011363,4,2,2,2
534011364,2,1,1,1
534011371,0,0,0,0
534011372,0,0,0,0
534011373,13,5,8,7
534011374,39,22,17,9
534011381,0,0,0,0
534011382,76,39,37,21
534011383,4,2,2,1
534011384,45,24,21,15
534011391,47,23,24,13
534011392,111,61,50,34
534011393,51,25,26,17
534011394,21,12,9,7
534011401,91,43,48,37
534011402,18,8,10,6
534011403,127,66,61,47
534011404,372,173,199,134
534011411,202,99,103,66
534011412,297,257,40,79
534011413,169,86,83,52
534011414,173,172,1,7
534011421,149,83,66,13
534011422,33,18,15,13
534011423,0,0,0,0
534011424,0,0,0,0
534011431,70,37,33,19
534011432,0,0,0,0
534011433,0,0,0,0
534011434,0,0,0,0
534011441,0,0,0,0
534011442,0,0,0,0
534011443,0,0,0,0
534011444,19,10,9,5
534011451,0,0,0,0
534011452,144,66,78,41
534011453,0,0,0,0
534011454,49,22,27,17
534011461,0,0,0,0
534011462,20,9,11,11
534011463,6,2,4,4
534011464,153,83,70,57
534011471,29,13,16,16
534011472,9,3,6,3
534011473,69,34,35,27
534011474,174,97,77,61
534011481,6,5,1,5
534011482,43,24,19,13
534011483,22,10,12,8
534011484,35,18,17,12
534011491,109,53,56,30
534011492,39,18,21,11
534011493,195,98,97,59
534011494,116,54,62,44
534011501,124,65,59,37
534011502,21,11,10,10
534011503,75,36,39,35
534011504,35,18,17,13
534011511,75,31,44,24
534011512,83,35,48,25
534011513,281,134,147,87
534011514,93,43,50,34
534011521,0,0,0,0
534011522,0,0,0,0
534011523,0,0,0,0
534011524,0,0,0,0
534011531,0,0,0,0
534011532,0,0,0,0
534011533,0,0,0,0
534011534,0,0,0,0
534011541,5,1,4,1
534011542,41,17,24,15
534011543,0,0,0,0
534011544,0,0,0,0
534011551,21,11,10,8
534011552,112,57,55,29
534011553,57,30,27,18
534011554,209,104,105,62
534011561,0,0,0,0
534011562,0,0,0,0
534011563,3,2,1,1
534011564,0,0,0,0
534011571,21,11,10,5
534011572,113,58,55,34
534011573,49,24,25,18
534011574,20,11,9,7
534011581,99,50,49,32
534011582,44,23,21,15
534011583,47,19,28,19
534011584,38,23,15,16
534011591,143,69,74,59
534011592,203,90,113,60
534011593,79,45,34,28
534011594,67,33,34,23
534011601,66,33,33,24
534011602,462,225,237,118
534011603,94,46,48,32
534011604,130,67,63,52
534011611,107,34,73,19
534011612,9,5,4,3
534011613,0,0,0,0
534011614,0,0,0,0
534011621,0,0,0,0
534011622,0,0,0,0
534011623,0,0,0,0
534011624,0,0,0,0
534011631,80,18,62,2
534011632,0,0,0,0
534011633,63,30,33,23
534011634,2,1,1,1
534011641,0,0,0,0
534011642,17,9,8,8
534011643,30,13,17,8
534011644,6,3,3,2
534011651,19,10,9,9
534011652,152,79,73,56
534011653,7,3,4,2
534011654,0,0,0,0
534011661,9,4,5,3
534011662,0,0,0,0
534011663,0,0,0,0
534011664,5,3,2,2
534011671,16,11,5,5
534011672,14,8,6,5
534011673,0,0,0,0
534011674,8,4,4,4
534011681,106,47,59,34
534011682,153,79,74,64
534011683,40,26,14,21
534011684,52,38,14,34
534011691,34,16,18,12
534011692,92,46,46,32
534011693,35,15,20,10
534011694,3,1,2,2
534011701,498,236,262,165
534011702,149,73,76,55
534011703,146,76,70,60
534011704,58,29,29,17
534011711,0,0,0,0
534011712,5,3,2,2
534011713,6,3,3,2
534011714,2,1,1,2
534011721,2,1,1,1
534011722,0,0,0,0
534011723,0,0,0,0
534011724,7,3,4,3
534011731,155,70,85,45
534011732,4,3,1,2
534011733,47,23,24,14
534011734,0,0,0,0
534011741,25,15,10,12
534011742,47,22,25,14
534011743,8,4,4,5
534011744,42,20,22,16
534011751,25,10,15,8
534011752,0,0,0,0
534011753,61,31,30,27
534011754,32,16,16,10
534011761,0,0,0,0
534011762,34,22,12,15
534011763,0,0,0,0
534011764,5,3,2,2
534011771,5,3,2,3
534011772,23,11,12,7
534011773,2,2,0,2
534011774,58,28,30,22
534011781,47,21,26,18
534011782,28,19,9,14
534011783,15,8,7,7
534011784,76,44,32,28
534011791,44,21,23,16
534011792,0,0,0,0
534011793,93,44,49,38
534011794,57,29,28,35
534011801,234,120,114,90
534011802,21,10,11,8
534011803,230,119,111,100
534011804,26,13,13,11
534011811,196,100,96,74
534011812,118,62,56,30
534011813,171,87,84,66
534011814,82,43,39,26
534011821,10,4,6,4
534011822,8,5,3,3
534011823,73,41,32,22
534011824,29,13,16,12
534011831,25,12,13,10
534011832,116,51,65,26
534011833,16,7,9,5
534011834,12,4,8,5
534011841,13,7,6,4
534011842,33,17,16,12
534011843,7,4,3,3
534011844,162,85,77,59
534011851,72,42,30,22
534011852,9,4,5,5
534011853,98,60,38,17
534011854,36,16,20,8
534011861,0,0,0,0
534011862,0,0,0,0
534011863,36,19,17,12
534011864,10,3,7,3
534011871,0,0,0,0
534011872,3,2,1,1
534011873,59,31,28,19
534011874,11,5,6,2
534011881,33,20,13,10
534011882,54,27,27,21
534011883,0,0,0,0
534011884,48,25,23,16
534011891,2,1,1,1
534011892,0,0,0,0
534011893,13,6,7,5
534011894,13,5,8,4
534011901,103,50,53,42
534011902,44,20,24,22
534011903,69,34,35,34
534011904,45,22,23,16
534011911,78,38,40,30
534011912,56,28,28,17
534011913,68,36,32,23
534011914,333,143,190,108
534011921,64,33,31,24
534011922,36,18,18,12
534011923,71,35,36,23
534011924,77,38,39,31
534011931,0,0,0,0
534011932,2,1,1,1
534011933,2,1,1,1
534011934,34,17,17,13
534011941,129,66,63,51
534011942,163,71,92,63
534011943,100,51,49,35
534011944,376,179,197,138
534011951,7,3,4,3
534011952,14,6,8,4
534011953,13,5,8,3
534011954,0,0,0,0
534011961,18,10,8,6
534011962,12,5,7,4
534011963,0,0,0,0
534011964,8,5,3,3
534011971,22,10,12,6
534011972,11,6,5,3
534011973,0,0,0,0
534011974,20,8,12,6
534011981,0,0,0,0
534011982,46,24,22,12
534011983,0,0,0,0
534011984,5,3,2,2
534011991,19,12,7,6
534011992,51,21,30,15
534011993,23,12,11,7
534011994,75,40,35,23
534012001,66,33,33,19
534012002,254,114,140,67
534012003,2,1,1,1
534012004,69,34,35,23
534012011,123,55,68,41
534012012,310,148,162,113
534012013,305,142,163,112
534012014,384,184,200,137
534012021,1222,591,631,514
534012022,847,398,449,332
534012023,644,324,320,267
534012024,1448,728,720,638
534012031,565,312,253,221
534012032,1187,602,585,565
534012033,863,423,440,361
534012034,884,465,419,452
534012041,442,265,177,270
534012042,158,82,76,58
534012043,668,352,316,352
534012044,352,197,155,178
534012051,1021,475,546,390
534012052,971,460,511,376
534012053,813,407,406,345
534012054,1148,572,576,435
534012061,430,205,225,146
534012062,161,78,83,57
534012063,536,276,260,196
534012064,262,134,128,91
534012071,313,156,157,113
534012072,25,12,13,12
534012073,353,166,187,117
534012074,179,89,90,61
534012081,68,34,34,24
534012082,138,70,68,40
534012083,152,75,77,49
534012084,136,67,69,44
534012091,85,35,50,27
534012092,161,92,69,50
534012093,38,20,18,13
534012094,152,75,77,51
534012101,94,49,45,28
534012102,65,33,32,27
534012103,106,59,47,31
534012104,259,124,135,102
534012111,81,39,42,30
534012112,210,98,112,74
534012113,126,59,67,43
534012114,196,98,98,72
534012121,202,105,97,75
534012122,505,255,250,213
534012123,482,231,251,171
534012124,353,171,182,138
534012131,1025,494,531,423
534012132,1102,536,566,456
534012133,743,352,391,299
534012134,892,454,438,356
534012141,729,354,375,333
534012142,995,491,504,488
534012143,1283,610,673,485
534012144,737,372,365,286
534012151,525,277,248,227
534012152,256,116,140,100
534012153,871,458,413,385
534012154,451,212,239,170
534012161,248,128,120,84
534012162,314,157,157,123
534012163,115,59,56,39
534012164,43,22,21,16
534012171,38,20,18,14
534012172,64,26,38,26
534012173,191,90,101,73
534012174,141,64,77,44
534012181,231,116,115,75
534012182,245,123,122,77
534012183,56,27,29,18
534012184,83,39,44,26
534012191,3,1,2,1
534012192,168,81,87,55
534012193,6,3,3,2
534012194,85,42,43,31
534012201,130,63,67,49
534012202,1176,557,619,424
534012203,315,158,157,120
534012204,562,261,301,195
534012211,226,114,112,72
534012212,38,20,18,11
534012213,322,164,158,106
534012214,88,37,51,33
534012221,200,106,94,83
534012222,205,109,96,83
534012223,242,117,125,98
534012224,306,153,153,131
534012231,834,407,427,320
534012232,1167,572,595,475
534012233,548,274,274,210
534012234,1069,504,565,409
534012241,1182,568,614,487
534012242,169,83,86,63
534012243,780,353,427,298
534012244,20,6,14,7
534012251,817,421,396,349
534012252,225,109,116,89
534012253,903,452,451,378
534012254,528,221,307,146
534012261,127,61,66,42
534012262,76,40,36,28
534012263,113,47,66,38
534012264,169,83,86,58
534012271,225,114,111,71
534012272,105,50,55,42
534012273,204,100,104,78
534012274,82,36,46,33
534012281,61,33,28,26
534012282,85,40,45,24
534012283,47,26,21,20
534012284,121,58,63,41
534012291,105,50,55,30
534012292,158,73,85,50
534012293,110,57,53,35
534012294,90,49,41,32
534012301,207,100,107,66
534012302,205,109,96,66
534012303,86,39,47,27
534012304,237,117,120,78
534012311,94,52,42,30
534012312,261,134,127,107
534012313,218,114,104,90
534012314,289,133,156,100
534012321,52,27,25,17
534012322,54,22,32,16
534012323,302,150,152,109
534012324,175,75,100,50
534012331,286,154,132,113
534012332,1316,666,650,529
534012333,477,236,241,179
534012334,997,522,475,437
534012341,613,291,322,214
534012342,297,144,153,113
534012343,631,301,330,237
534012344,1123,579,544,491
534012351,767,390,377,306
534012352,793,369,424,291
534012353,699,341,358,254
534012354,425,217,208,155
534012361,145,69,76,42
534012362,242,110,132,88
534012363,157,76,81,48
534012364,136,69,67,47
534012371,73,39,34,26
534012372,39,20,19,14
534012373,99,50,49,34
534012374,0,0,0,0
534012381,81,44,37,32
534012382,45,22,23,15
534012383,142,64,78,40
534012384,122,58,64,40
534012391,77,41,36,27
534012392,57,31,26,23
534012393,115,58,57,33
534012394,93,41,52,24
534012401,142,61,81,56
534012402,215,99,116,76
534012403,98,44,54,30
534012404,84,42,42,38
534012411,359,180,179,131
534012412,105,46,59,39
534012413,3,1,2,1
534012414,6,2,4,2
534012421,6,2,4,2
534012422,109,59,50,40
534012423,0,0,0,0
534012424,32,15,17,11
534012431,302,151,151,109
534012432,730,390,340,314
534012433,196,93,103,64
534012434,218,111,107,86
534012441,475,255,220,242
534012442,656,336,320,289
534012443,110,56,54,39
534012444,215,108,107,99
534012451,217,112,105,80
534012452,38,18,20,12
534012453,123,60,63,43
534012454,79,39,40,28
534012461,142,69,73,41
534012462,43,24,19,13
534012463,89,50,39,30
534012464,214,109,105,73
534012471,107,55,52,31
534012472,12,6,6,3
534012473,66,33,33,26
534012474,73,36,37,23
534012481,60,28,32,21
534012482,236,107,129,81
534012483,65,31,34,17
534012484,223,110,113,74
534012491,92,41,51,33
534012492,43,20,23,13
534012493,101,47,54,36
534012494,46,23,23,21
534012501,111,37,74,22
534012502,54,31,23,16
534012503,45,23,22,14
534012504,7,2,5,3
534012511,0,0,0,0
534012512,0,0,0,0
534012513,11,6,5,4
534012514,24,13,11,7
534012521,3,1,2,2
534012522,83,39,44,27
534012523,32,15,17,9
534012524,46,22,24,14
534012531,191,91,100,63
534012532,234,118,116,87
534012533,25,13,12,7
534012534,374,185,189,147
534012541,209,104,105,80
534012542,86,40,46,34
534012543,212,100,112,85
534012544,82,37,45,31
534012551,208,86,122,62
534012552,187,92,95,64
534012553,98,50,48,32
534012554,115,60,55,33
534012561,123,63,60,35
534012562,197,103,94,65
534012563,181,86,95,60
534012564,85,41,44,35
534012571,112,55,57,37
534012572,58,29,29,20
534012573,82,41,41,35
534012574,166,89,77,58
534012581,81,37,44,25
534012582,246,126,120,92
534012583,172,90,82,63
534012584,226,113,113,86
534012591,146,72,74,48
534012592,68,32,36,22
534012593,73,36,37,28
534012594,5,2,3,2
534012601,0,0,0,0
534012602,0,0,0,0
534012603,0,0,0,0
534012604,13,7,6,3
534012611,0,0,0,0
534012612,75,33,42,19
534012613,0,0,0,0
534012614,0,0,0,0
534012621,60,26,34,21
534012622,111,56,55,31
534012623,122,55,67,36
534012624,15,8,7,4
534012631,22,9,13,7
534012632,114,56,58,37
534012633,0,0,0,0
534012634,0,0,0,0
534012641,37,16,21,16
534012642,135,57,78,44
534012643,78,41,37,35
534012644,33,15,18,17
534012651,128,62,66,43
534012652,168,90,78,69
534012653,121,69,52,42
534012654,170,77,93,68
534012661,173,84,89,66
534012662,319,137,182,92
534012663,235,126,109,95
534012664,181,91,90,61
534012671,121,58,63,46
534012672,210,102,108,77
534012673,10,6,4,8
534012674,119,62,57,44
534012681,174,79,95,58
534012682,126,63,63,54
534012683,151,77,74,54
534012684,91,50,41,40
534012691,141,73,68,59
534012692,98,50,48,38
534012693,136,42,94,28
534012694,72,33,39,31
534012701,0,0,0,0
534012702,0,0,0,0
534012703,0,0,0,0
534012704,0,0,0,0
534012711,16,7,9,4
534012712,26,15,11,9
534012713,115,57,58,39
534012714,180,93,87,58
534012721,74,38,36,23
534012722,74,38,36,24
534012723,104,56,48,30
534012724,23,11,12,8
534012731,0,0,0,0
534012732,0,0,0,0
534012733,239,115,124,86
534012734,308,132,176,91
534012741,237,109,128,95
534012742,212,99,113,88
534012743,604,286,318,252
534012744,338,166,172,159
534012751,236,126,110,87
534012752,190,90,100,72
534012753,251,124,127,85
534012754,25,13,12,9
534012761,113,51,62,37
534012762,103,51,52,27
534012763,120,60,60,43
534012764,143,73,70,40
534012771,41,20,21,14
534012772,193,96,97,65
534012773,63,24,39,16
534012774,125,63,62,44
534012781,248,130,118,102
534012782,169,82,87,67
534012783,126,62,64,45
534012784,90,44,46,38
534012791,87,43,44,28
534012792,19,10,9,8
534012793,34,17,17,13
534012794,28,16,12,14
534012801,0,0,0,0
534012802,11,7,4,5
534012803,4,2,2,1
534012804,91,45,46,25
534012811,38,19,19,12
534012812,10,5,5,2
534012813,40,19,21,12
534012814,4,3,1,1
534012821,71,36,35,24
534012822,15,8,7,5
534012823,23,10,13,9
534012824,36,17,19,9
534012831,109,53,56,35
534012832,42,18,24,15
534012833,103,53,50,31
534012834,130,64,66,43
534012841,437,209,228,156
534012842,240,124,116,96
534012843,289,147,142,108
534012844,279,134,145,108
534012851,298,152,146,100
534012852,124,57,67,43
534012853,61,30,31,21
534012854,125,69,56,40
534012861,17,9,8,7
534012862,42,20,22,15
534012863,101,43,58,41
534012864,28,14,14,10
534012871,43,21,22,18
534012872,139,70,69,53
534012873,154,76,78,57
534012874,428,212,216,163
534012881,116,53,63,47
534012882,75,30,45,31
534012883,142,73,69,48
534012884,128,65,63,45
534012891,57,31,26,17
534012892,55,29,26,25
534012893,61,29,32,21
534012894,4,2,2,3
534012901,0,0,0,0
534012902,29,14,15,6
534012903,25,13,12,7
534012904,0,0,0,0
534012911,26,14,12,11
534012912,0,0,0,0
534012913,0,0,0,0
534012914,0,0,0,0
534012921,18,7,11,4
534012922,37,16,21,9
534012923,20,10,10,6
534012924,109,54,55,34
534012931,0,0,0,0
534012932,33,18,15,8
534012933,0,0,0,0
534012934,42,26,16,10
534012941,71,40,31,27
534012942,24,11,13,7
534012943,73,38,35,19
534012944,38,19,19,15
534012951,44,23,21,11
534012952,88,41,47,23
534012953,112,50,62,31
534012954,145,71,74,46
534012961,169,69,100,44
534012962,43,21,22,11
534012963,213,101,112,80
534012964,70,37,33,22
534012971,163,75,88,55
534012972,871,432,439,328
534012973,129,61,68,43
534012974,571,276,295,198
534012981,333,176,157,136
534012982,58,31,27,23
534012983,403,192,211,141
534012984,166,82,84,59
534012991,125,58,67,46
534012992,54,24,30,17
534012993,65,26,39,22
534012994,58,30,28,18
534013001,166,78,88,63
534013002,50,19,31,19
534013003,44,22,22,17
534013004,32,16,16,10
534013011,210,101,109,77
534013012,0,0,0,0
534013013,216,100,116,64
534013014,0,0,0,0
534013101,133,61,72,41
534013102,101,47,54,33
534013103,109,56,53,38
534013104,91,42,49,31
534013111,218,97,121,76
534013112,38,21,17,16
534013113,141,67,74,46
534013114,111,57,54,40
534013121,0,0,0,0
534013123,0,0,0,0
534013201,59,30,29,21
534013202,198,96,102,63
534013203,86,45,41,38
534013204,133,68,65,46
534013211,53,24,29,16
534013212,397,176,221,136
534013213,107,49,58,40
534013214,564,280,284,210
534013221,0,0,0,0
534013223,59,30,29,39
534013301,122,54,68,44
534013302,95,48,47,30
534013303,76,39,37,25
534013304,171,70,101,45
534013311,74,38,36,27
534013312,410,202,208,140
534013313,131,64,67,42
534013314,279,129,150,97
534013321,40,18,22,15
534013323,46,25,21,23
534013324,0,0,0,0
534013401,90,44,46,32
534013402,207,106,101,70
534013403,111,51,60,42
534013404,99,53,46,37
534013411,28,18,10,12
534013412,165,81,84,82
534013413,77,39,38,36
534013414,158,75,83,68
534013421,49,35,14,29
534013422,0,0,0,0
534013423,283,139,144,92
534013424,0,0,0,0
534013501,100,44,56,33
534013502,32,14,18,14
534013503,223,105,118,82
534013504,16,7,9,6
534013511,53,29,24,22
534013512,41,18,23,13
534013513,154,82,72,48
534013514,134,66,68,43
534013521,392,191,201,118
534013522,29,19,10,15
534013523,38,17,21,16
534013524,253,136,117,83
534013533,0,0,0,0
534013601,196,94,102,60
534013602,64,33,31,25
534013603,154,84,70,55
534013604,70,33,37,19
534013611,161,76,85,52
534013612,33,14,19,9
534013613,62,33,29,23
534013614,27,16,11,11
534013621,59,32,27,22
534013622,191,89,102,80
534013623,29,18,11,11
534013624,306,154,152,102
534013631,0,0,0,0
534013633,138,58,80,67
534013701,61,33,28,20
534013702,47,24,23,18
534013703,114,60,54,33
534013704,74,35,39,23
534013711,14,9,5,3
534013712,61,37,24,21
534013713,3,2,1,1
534013714,163,76,87,48
534013721,20,10,10,9
534013722,213,107,106,66
534013723,73,36,37,19
534013724,119,57,62,41
534013731,308,129,179,92
534013732,1,1,0,1
534013733,599,270,329,213
534013734,44,18,26,12
534013801,236,120,116,92
534013802,135,69,66,46
534013803,85,41,44,38
534013804,205,103,102,76
534013811,13,6,7,6
534013812,126,62,64,47
534022543,282,140,142,95
534022544,15,8,7,5
534022551,702,365,337,221
534022552,540,255,285,178
534022553,122,56,66,36
534022554,53,23,30,19
534022561,101,50,51,37
534022562,827,409,418,268
534022563,43,21,22,17
534022564,182,97,85,69
534022571,564,296,268,230
534022572,443,225,218,141
534022573,684,336,348,239
534022574,363,173,190,136
534022581,48,22,26,14
534022582,63,31,32,24
534022583,304,145,159,110
534022584,154,74,80,56
534022591,113,57,56,38
534022592,92,45,47,27
534022593,88,46,42,34
534022594,232,109,123,81
534022601,5,4,1,1
534022602,5,3,2,2
534022603,0,0,0,0
534022604,26,12,14,9
534022611,10,6,4,3
534022612,30,15,15,9
534022613,5,3,2,2
534022614,54,26,28,16
534022621,98,46,52,30
534022622,26,16,10,11
534022623,33,14,19,11
534022624,0,0,0,0
534022631,26,13,13,9
534022632,381,186,195,132
534022633,14,7,7,6
534022634,395,191,204,141
534022641,841,409,432,298
534022642,429,198,231,148
534022643,662,321,341,245
534022644,80,34,46,36
534023401,84,41,43,30
534023402,0,0,0,0
534023403,88,43,45,28
534023404,130,64,66,41
534023411,194,93,101,66
534023412,351,165,186,128
534023413,51,25,26,16
534023414,371,168,203,145
534023421,491,236,255,166
534023422,138,67,71,38
534023423,570,293,277,199
534023424,224,121,103,63
534023431,42,21,21,12
534023432,0,0,0,0
534023433,88,42,46,29
534023434,181,96,85,74
534023441,260,124,136,89
534023442,209,102,107,62
534023443,193,87,106,68
534023444,221,97,124,77
534023451,267,119,148,62
534023452,502,240,262,195
534023453,306,156,150,117
534023454,158,73,85,53
534023461,379,176,203,145
534023462,0,0,0,0
534023463,553,274,279,212
534023464,21,9,12,6
534023473,0,0,0,0
534030381,5584,2744,2840,2088
534030382,2992,1468,1524,1741
534030383,3299,1610,1689,1483
534030384,2033,1072,961,1261
534030391,735,360,375,517
534030392,1115,552,563,697
534030393,1975,994,981,1143
534030394,2265,1106,1159,1205
534030442,2,2,0,2
534030443,0,0,0,0
534030444,672,345,327,250
534030451,734,367,367,289
534030452,3025,1391,1634,1242
534030453,3534,1699,1835,1380
534030454,4904,2384,2520,2015
534030461,1925,895,1030,909
534030462,5,2,3,3
534030463,3821,1903,1918,1740
534030464,2000,978,1022,963
534030471,2045,1081,964,1022
534030472,3586,1728,1858,1520
534030473,4023,1944,2079,1795
534030474,2244,1118,1126,1104
534030481,3344,1639,1705,1784
534030482,3005,1520,1485,1740
534032373,25,14,11,9
534032374,30,16,14,9
534032381,93,52,41,29
534032382,0,0,0,0
534032383,0,0,0,0
534032384,23,11,12,5
534032391,23,8,15,7
534032392,219,104,115,83
534032393,79,43,36,24
534032394,91,48,43,33
534032401,58,24,34,21
534032402,49,25,24,22
534032403,9,5,4,4
534032404,14,6,8,4
534032411,4,2,2,2
534032412,0,0,0,0
534032413,44,23,21,17
534032414,5,3,2,2
534032421,11,6,5,3
534032422,41,17,24,17
534032423,23,12,11,8
534032424,146,70,76,53
534032431,51,28,23,16
534032432,168,78,90,51
534032433,309,150,159,99
534032434,257,134,123,87
534032441,85,44,41,30
534032442,88,52,36,36
534032443,88,44,44,32
534032444,249,138,111,108
534032451,2,2,0,2
534032452,55,24,31,18
534032453,32,16,16,12
534032454,91,44,47,27
534032461,41,20,21,16
534032462,46,25,21,18
534032463,25,12,13,9
534032464,7,3,4,3
534032471,63,31,32,20
534032472,0,0,0,0
534032473,54,27,27,18
534032474,44,24,20,13
534040261,545,275,270,217
534040262,2733,1340,1393,1038
534040263,2389,1206,1183,925
534040264,1946,982,964,726
534040271,3990,1965,2025,1688
534040272,3245,1568,1677,1589
534040273,3929,1878,2051,1712
534040274,3938,1894,2044,1854
534040281,193,96,97,79
534040282,241,127,114,95
534040283,423,214,209,185
534040284,58,32,26,22
534040291,1699,844,855,694
534040292,2213,1077,1136,879
534040293,209,89,120,62
534040294,405,198,207,174
534040301,1771,885,886,700
534040302,2848,1509,1339,1300
534040303,2824,1440,1384,1515
534040304,3525,1840,1685,1890
534040311,4469,2307,2162,2239
534040312,3229,1603,1626,1971
534040313,5190,2683,2507,2298
534040314,3843,1953,1890,1845
534040321,3325,1694,1631,1724
534040322,2923,1496,1427,1222
534040323,4212,2158,2054,1945
534040324,3068,1554,1514,1250
534040331,3355,1685,1670,1334
534040332,2024,961,1063,857
534040333,3144,1611,1533,1207
534040334,2779,1418,1361,1126
534040341,1375,637,738,684
534040342,3557,1842,1715,1433
534040343,2678,1438,1240,1269
534040344,3352,1731,1621,1472
534040351,2541,1259,1282,1101
534040352,2460,1225,1235,999
534040353,2718,1401,1317,1142
534040354,1208,630,578,484
534040361,3264,1700,1564,1317
534040362,2642,1324,1318,1073
534044983,48,22,26,13
534044984,95,45,50,21
534044991,23,14,9,11
534044992,15,11,4,8
534044993,16,7,9,5
534044994,150,74,76,36
534045003,0,0,0,0
534013813,65,31,34,23
534013814,76,35,41,26
534013821,119,55,64,42
534013822,72,36,36,27
534013823,267,132,135,88
534013824,135,73,62,47
534013831,498,258,240,170
534013832,225,101,124,81
534013833,175,81,94,54
534013834,474,222,252,157
534013843,6,3,3,2
534013901,107,48,59,42
534013902,248,128,120,107
534013903,102,50,52,47
534013904,198,87,111,72
534013911,111,53,58,38
534013912,150,71,79,46
534013913,157,76,81,59
534013914,34,18,16,15
534013921,208,103,105,64
534013922,96,44,52,29
534013923,88,53,35,37
534013924,31,14,17,9
534013931,140,75,65,48
534013932,673,331,342,221
534013933,96,47,49,28
534013934,418,193,225,192
534013941,69,33,36,33
534013943,96,47,49,31
534013944,0,0,0,0
534020021,0,0,0,0
534020022,0,0,0,0
534020023,0,0,0,0
534020024,0,0,0,0
534020031,0,0,0,0
534020032,0,0,0,0
534020033,0,0,0,0
534020034,0,0,0,0
534020041,218,106,112,78
534020042,782,456,326,400
534020043,60,33,27,25
534020044,306,148,158,124
534020051,746,386,360,342
534020052,909,495,414,411
534020053,1378,739,639,543
534020054,1197,611,586,474
534020061,1194,625,569,478
534020062,380,198,182,161
534020063,674,369,305,266
534020064,1307,671,636,519
534020071,53,27,26,14
534020072,468,253,215,216
534020073,848,391,457,373
534020074,222,101,121,85
534020081,726,403,323,324
534020082,1600,809,791,662
534020083,89,43,46,33
534020084,1260,623,637,493
534020091,1717,871,846,697
534020092,1950,1010,940,753
534020093,1988,994,994,776
534020094,1592,796,796,622
534020121,0,0,0,0
534020122,0,0,0,0
534020131,0,0,0,0
534020132,0,0,0,0
534020133,0,0,0,0
534020134,0,0,0,0
534020141,0,0,0,0
534020142,9,6,3,5
534020143,0,0,0,0
534020144,0,0,0,0
534020151,1528,813,715,544
534020152,1316,685,631,559
534020153,519,273,246,220
534020154,2356,1230,1126,987
534020161,756,371,385,353
534020162,1527,828,699,761
534020163,1008,551,457,464
534020164,2037,1074,963,913
534020171,1166,611,555,650
534020172,518,271,247,256
534020173,1211,626,585,633
534020174,1792,932,860,879
534020181,272,135,137,93
534020182,141,65,76,52
534020183,294,160,134,129
534020184,0,0,0,0
534020191,1496,776,720,585
534020192,962,493,469,389
534020193,95,49,46,32
534020194,715,361,354,243
534020231,0,0,0,0
534020232,0,0,0,0
534020233,0,0,0,0
534020234,0,0,0,0
534020241,0,0,0,0
534020242,0,0,0,0
534020243,0,0,0,0
534020244,0,0,0,0
534020251,5,1,4,4
534020252,1654,916,738,671
534020253,21,14,7,8
534020254,607,323,284,235
534020261,853,454,399,400
534020262,2144,1130,1014,1005
534020263,720,379,341,320
534020264,2218,1198,1020,1017
534020271,1225,630,595,523
534020272,1537,796,741,677
534020273,1580,757,823,672
534020274,1393,741,652,609
534020281,1365,722,643,611
534020282,186,97,89,89
534020283,1675,901,774,757
534020284,1299,688,611,607
534020291,0,0,0,0
534020292,409,203,206,144
534020293,200,108,92,86
534020294,18,7,11,5
534020332,0,0,0,0
534020334,0,0,0,0
534020341,0,0,0,0
534020342,0,0,0,0
534020343,0,0,0,0
534020344,0,0,0,0
534020351,4,4,0,4
534020352,262,132,130,81
534020353,0,0,0,0
534020354,0,0,0,0
534020361,256,115,141,85
534020362,1261,694,567,540
534020363,11,7,4,8
534020364,214,131,83,111
534020371,811,409,402,326
534020372,312,177,135,158
534020373,5,5,0,5
534020374,0,0,0,0
534020381,1879,1034,845,911
534020382,2201,1135,1066,1003
534020383,450,331,119,309
534020384,1332,759,573,655
534020391,1384,750,634,676
534020392,469,241,228,182
534020393,1821,914,907,830
534020394,825,417,408,383
534020441,0,0,0,0
534020442,0,0,0,0
534020443,0,0,0,0
534020444,0,0,0,0
534020451,0,0,0,0
534020452,0,0,0,0
534020453,0,0,0,0
534020454,0,0,0,0
534020461,0,0,0,0
534020462,0,0,0,0
534020463,0,0,0,0
534020464,0,0,0,0
534020471,0,0,0,0
534020472,0,0,0,0
534020473,0,0,0,0
534020474,0,0,0,0
534020481,0,0,0,0
534020482,540,310,230,271
534020483,0,0,0,0
534020484,6,6,0,6
534020491,2009,1034,975,958
534020492,1316,706,610,724
534020493,463,227,236,210
534020494,1801,935,866,843
534020542,0,0,0,0
534020551,0,0,0,0
534020552,0,0,0,0
534020553,0,0,0,0
534020554,0,0,0,0
534020561,0,0,0,0
534020562,0,0,0,0
534020563,0,0,0,0
534020564,0,0,0,0
534020571,0,0,0,0
534020572,0,0,0,0
534020573,0,0,0,0
534020574,0,0,0,0
534020581,0,0,0,0
534020582,0,0,0,0
534020583,0,0,0,0
534020584,0,0,0,0
534020591,26,14,12,10
534020592,1179,676,503,740
534020593,0,0,0,0
534020594,272,167,105,162
534020652,0,0,0,0
534020671,0,0,0,0
534020672,0,0,0,0
534020673,0,0,0,0
534020674,0,0,0,0
534020681,0,0,0,0
534020682,0,0,0,0
534020683,0,0,0,0
534020684,0,0,0,0
534020691,0,0,0,0
534020692,15,8,7,6
534020693,0,0,0,0
534020694,0,0,0,0
534020771,0,0,0,0
534020772,0,0,0,0
534020773,0,0,0,0
534020774,0,0,0,0
534020781,0,0,0,0
534020782,0,0,0,0
534020783,0,0,0,0
534020784,0,0,0,0
534020791,0,0,0,0
534020792,0,0,0,0
534020793,0,0,0,0
534020794,0,0,0,0
534020862,0,0,0,0
534020864,0,0,0,0
534020871,0,0,0,0
534020872,0,0,0,0
534020873,0,0,0,0
534020874,0,0,0,0
534020881,0,0,0,0
534020882,0,0,0,0
534020883,0,0,0,0
534020884,0,0,0,0
534020891,0,0,0,0
534020892,0,0,0,0
534020893,0,0,0,0
534020894,0,0,0,0
534020962,0,0,0,0
534020964,0,0,0,0
534020971,0,0,0,0
534020972,0,0,0,0
534020973,0,0,0,0
534020974,0,0,0,0
534020981,0,0,0,0
534020982,0,0,0,0
534020983,0,0,0,0
534020984,0,0,0,0
534020991,0,0,0,0
534020992,0,0,0,0
534020993,0,0,0,0
534020994,0,0,0,0
534021001,190,94,96,67
534021002,23,7,16,11
534021003,179,90,89,65
534021004,109,52,57,43
534021011,4,3,1,1
534021012,503,262,241,182
534021013,20,9,11,9
534021014,314,151,163,113
534021021,156,69,87,58
534021022,66,34,32,21
534021023,743,364,379,271
534021024,174,87,87,57
534021031,6,3,3,3
534021032,0,0,0,0
534021033,0,0,0,0
534021034,95,51,44,40
534021041,67,48,19,38
534021042,615,317,298,219
534021043,34,19,15,10
534021044,507,274,233,202
534021051,33,15,18,10
534021052,0,0,0,0
534021053,37,20,17,11
534021054,0,0,0,0
534021061,0,0,0,0
534021062,0,0,0,0
534021063,0,0,0,0
534021064,24,10,14,7
534021071,44,26,18,15
534021072,8,4,4,3
534021073,159,79,80,54
534021074,25,10,15,8
534021081,44,21,23,14
534021082,30,15,15,8
534021083,5,2,3,2
534021084,26,9,17,9
534021091,9,6,3,3
534021092,12,5,7,3
534021093,28,11,17,9
534021094,7,2,5,3
534021101,484,240,244,183
534021102,346,181,165,126
534021103,753,379,374,298
534021104,336,155,181,118
534021111,354,162,192,107
534021112,351,209,142,173
534021113,607,293,314,280
534021114,363,252,111,225
534021121,1033,580,453,420
534021122,7,4,3,2
534021123,2212,1166,1046,868
534021124,624,331,293,273
534021131,132,63,69,77
534021132,78,40,38,43
534021133,67,36,31,29
534021134,120,55,65,49
534021141,369,196,173,159
534021142,504,257,247,185
534021143,403,193,210,153
534021144,151,73,78,52
534021151,1,0,1,1
534021152,0,0,0,0
534021153,141,67,74,50
534021154,0,0,0,0
534021161,0,0,0,0
534021162,5,3,2,3
534021163,0,0,0,0
534021164,0,0,0,0
534021171,45,20,25,16
534021172,34,16,18,12
534021173,5,4,1,2
534021174,68,38,30,24
534021181,4,1,3,2
534021182,205,92,113,15
534021183,2,0,2,1
534021184,0,0,0,0
534021191,13,6,7,3
534021192,49,23,26,8
534021193,4,2,2,1
534021194,11,3,8,4
534021201,983,497,486,390
534021202,270,135,135,111
534021203,1185,623,562,509
534021204,1502,810,692,652
534021211,343,180,163,140
534021212,1433,772,661,517
534021213,470,229,241,197
534021214,2726,1526,1200,1204
534021221,2012,1036,976,773
534021222,860,454,406,443
534021223,1421,688,733,537
534021224,451,187,264,137
534021231,342,162,180,118
534021232,305,148,157,104
534021233,397,197,200,138
534021234,108,53,55,35
534021241,30,16,14,12
534021242,32,18,14,10
534021243,152,67,85,47
534021244,185,86,99,59
534021251,155,79,76,60
534021252,0,0,0,0
534021253,133,66,67,42
534021254,21,12,9,5
534021261,6,3,3,1
534021262,19,10,9,7
534021263,27,14,13,8
534021264,87,39,48,31
534021271,16,8,8,6
534021272,0,0,0,0
534021273,64,32,32,20
534021274,33,19,14,10
534021281,0,0,0,0
534021282,14,5,9,5
534021283,0,0,0,0
534021284,50,28,22,17
534021291,5,3,2,2
534021292,24,13,11,7
534021293,14,7,7,6
534021294,82,41,41,24
534021301,580,287,293,234
534021302,1983,951,1032,807
534021303,122,53,69,35
534021304,1083,528,555,426
534021311,812,388,424,321
534021312,1954,967,987,771
534021313,380,192,188,151
534021314,1045,525,520,406
534021321,1295,686,609,519
534021322,85,46,39,34
534021323,269,135,134,87
534021324,83,37,46,27
534021331,287,136,151,103
534021332,306,159,147,102
534021333,345,174,171,130
534021334,790,393,397,292
534021341,1609,761,848,597
534021342,2089,991,1098,726
534021343,1714,792,922,571
534021344,2223,1074,1149,751
534021351,1117,535,582,359
534021352,135,66,69,49
534021353,1823,888,935,593
534021354,355,180,175,110
534021361,115,54,61,34
534021362,19,10,9,8
534021363,76,44,32,22
534021364,92,51,41,29
534021371,26,12,14,9
534021372,2,1,1,1
534021373,25,13,12,8
534021374,0,0,0,0
534021381,49,24,25,16
534021382,24,12,12,7
534021383,15,9,6,5
534021384,677,337,340,246
534021391,54,28,26,18
534021392,102,50,52,36
534021393,74,35,39,29
534021394,54,30,24,20
534021401,753,390,363,324
534021402,346,163,183,139
534021403,1465,795,670,678
534021404,5,0,5,5
534021411,446,227,219,142
534021412,1064,512,552,389
534021413,147,81,66,66
534021414,1106,527,579,432
534021421,153,73,80,59
534021422,183,91,92,66
534021423,1220,549,671,472
534021424,190,95,95,63
534021431,1063,515,548,392
534021432,460,216,244,182
534021433,129,67,62,55
534021434,52,24,28,17
534021441,3,1,2,1
534021442,656,331,325,191
534021443,224,105,119,61
534021444,635,307,328,178
534021451,2072,979,1093,707
534021452,1150,589,561,409
534021453,741,355,386,215
534021454,1592,824,768,472
534021461,637,315,322,176
534021462,81,37,44,26
534021463,275,141,134,105
534021464,1310,629,681,530
534021471,53,27,26,20
534021472,5,2,3,1
534021473,647,320,327,251
534021474,144,78,66,53
534021481,14,8,6,5
534021482,1439,688,751,530
534021483,96,49,47,39
534021484,243,121,122,84
534021491,644,313,331,218
534021492,188,96,92,73
534021493,659,314,345,242
534021494,144,69,75,46
534021501,1963,1026,937,916
534021502,1589,798,791,663
534021503,1813,943,870,760
534021504,1646,831,815,692
534021511,946,482,464,368
534021512,1161,580,581,510
534021513,1037,545,492,397
534021514,1588,813,775,630
534021521,254,136,118,102
534021522,165,84,81,62
534021523,254,164,90,141
534021524,294,156,138,104
534021531,1177,594,583,386
534021532,465,228,237,159
534021533,2174,1090,1084,749
534021534,2163,1086,1077,744
534021541,1344,684,660,403
534021542,848,407,441,271
534021543,2182,1083,1099,736
534021544,1340,686,654,484
534021551,242,117,125,86
534021552,1639,806,833,583
534021553,1366,695,671,447
534021554,2244,1119,1125,857
534021561,1050,516,534,367
534021562,1954,950,1004,751
534021563,1881,927,954,726
534021564,1700,870,830,703
534021571,1311,640,671,546
534021572,488,248,240,154
534021573,1294,676,618,594
534021574,773,401,372,287
534021581,255,130,125,95
534021582,124,65,59,49
534021583,172,89,83,65
534021584,156,75,81,37
534021591,99,44,55,28
534021592,16,5,11,7
534021593,11,4,7,3
534021594,19,8,11,7
534021601,1755,895,860,800
534021602,1866,949,917,834
534021603,1456,749,707,670
534021604,1788,925,863,703
534021611,533,248,285,163
534021612,211,100,111,89
534021613,1415,735,680,564
534021614,323,145,178,115
534021621,424,200,224,132
534021622,1089,561,528,384
534021623,298,150,148,111
534021624,1010,501,509,307
534021631,1963,961,1002,720
534021632,1875,964,911,712
534021633,2161,1080,1081,699
534021634,1423,689,734,475
534021641,1340,689,651,511
534021642,2008,1024,984,759
534021643,1473,717,756,554
534021644,1110,558,552,473
534021651,1975,953,1022,709
534021652,1146,592,554,434
534021653,1198,608,590,382
534021654,216,106,110,90
534021661,367,185,182,142
534021662,662,342,320,242
534021663,175,79,96,74
534021664,127,65,62,46
534021671,710,324,386,197
534021672,519,209,310,136
534021673,50,23,27,16
534021674,0,0,0,0
534021681,403,162,241,94
534021682,68,35,33,24
534021683,122,59,63,41
534021684,1,1,0,1
534021691,54,27,27,19
534021692,158,97,61,58
534021693,130,37,93,20
534021694,128,69,59,38
534021701,503,254,249,195
534021702,867,449,418,347
534021703,228,136,92,106
534021704,1210,656,554,458
534021711,326,174,152,133
534021712,1537,793,744,611
534021713,530,281,249,207
534021714,1368,698,670,539
534021721,1590,796,794,594
534021722,2014,981,1033,705
534021723,825,437,388,338
534021724,699,355,344,307
534021731,2670,1283,1387,898
534021732,2459,1214,1245,881
534021733,1362,649,713,517
534021734,2922,1437,1485,1074
534021741,3026,1554,1472,1335
534021742,253,163,90,165
534021743,1416,669,747,523
534021744,124,38,86,18
534021751,508,288,220,111
534021752,100,51,49,39
534021753,3,2,1,2
534021754,0,0,0,0
534021761,259,123,136,106
534021762,48,25,23,17
534021763,36,20,16,15
534021764,111,60,51,42
534021771,71,35,36,21
534021772,36,20,16,10
534021773,98,53,45,29
534021774,34,20,14,11
534021781,76,42,34,23
534021782,11,4,7,5
534021783,113,38,75,19
534021784,129,59,70,18
534021791,13,5,8,4
534021792,77,37,40,25
534021793,41,19,22,12
534021794,38,15,23,12
534021801,499,256,243,214
534021802,1993,1011,982,729
534021803,911,477,434,493
534021804,3232,1805,1427,1311
534021811,637,346,291,259
534021812,782,419,363,321
534021813,2209,1103,1106,980
534021814,1078,563,515,552
534021821,358,136,222,66
534021822,9,5,4,3
534021823,327,166,161,118
534021824,113,60,53,44
534021831,0,0,0,0
534021832,805,395,410,306
534021833,419,219,200,146
534021834,513,266,247,223
534021841,659,332,327,240
534021842,131,67,64,48
534021843,53,28,25,18
534021844,62,30,32,33
534021851,0,0,0,0
534021852,0,0,0,0
534021853,31,13,18,10
534021854,16,6,10,6
534021861,29,11,18,11
534021862,18,8,10,5
534021863,9,4,5,5
534021864,235,90,145,10
534021871,70,31,39,21
534021872,81,18,63,4
534021873,27,15,12,11
534021874,0,0,0,0
534021881,22,7,15,6
534021882,42,22,20,18
534021883,0,0,0,0
534021884,4,2,2,1
534021891,45,18,27,15
534021892,17,7,10,9
534021893,3,1,2,2
534021894,12,6,6,5
534021901,1210,639,571,629
534021902,3353,1736,1617,1722
534021903,1823,928,895,997
534021904,2433,1339,1094,1356
534021911,3015,1537,1478,1456
534021912,1595,855,740,702
534021913,3451,1738,1713,1488
534021914,1937,973,964,883
534021921,475,269,206,220
534021922,571,295,276,209
534021923,1109,576,533,471
534021924,228,76,152,151
534021931,802,366,436,306
534021932,752,376,376,313
534021933,1273,612,661,496
534021934,508,253,255,180
534021941,31,18,13,12
534021942,100,54,46,33
534021943,88,43,45,37
534021944,101,55,46,39
534021951,153,76,77,51
534021952,54,29,25,19
534021953,65,33,32,26
534021954,93,45,48,37
534021961,13,6,7,4
534021962,61,30,31,17
534021963,97,29,68,14
534021964,13,8,5,6
534021971,37,18,19,11
534021972,0,0,0,0
534021973,15,6,9,4
534021974,20,7,13,7
534021981,8,4,4,2
534021982,33,17,16,14
534021983,74,36,38,28
534021984,243,122,121,81
534021991,85,43,42,34
534021992,9,7,2,5
534021993,123,59,64,43
534021994,66,33,33,20
534022001,1,1,0,1
534022002,0,0,0,0
534022003,14,7,7,5
534022004,60,28,32,15
534022011,0,0,0,0
534022012,0,0,0,0
534022013,0,0,0,0
534022014,0,0,0,0
534022021,0,0,0,0
534022022,14,9,5,4
534022023,0,0,0,0
534022024,45,18,27,16
534022031,18,8,10,4
534022032,103,46,57,31
534022033,118,56,62,37
534022034,15,8,7,5
534022041,39,21,18,10
534022042,577,295,282,239
534022043,80,42,38,26
534022044,896,460,436,365
534022051,136,73,63,47
534022052,112,56,56,38
534022053,542,269,273,177
534022054,59,28,31,18
534022061,198,104,94,50
534022062,252,130,122,81
534022063,279,140,139,98
534022064,405,195,210,151
534022071,150,69,81,49
534022072,658,293,365,198
534022073,224,100,124,83
534022074,439,199,240,134
534022081,473,238,235,179
534022082,114,62,52,37
534022083,202,105,97,67
534022084,134,67,67,45
534022091,44,20,24,17
534022092,57,27,30,18
534022093,251,117,134,90
534022094,98,45,53,30
534022101,85,41,44,26
534022102,1399,693,706,424
534022103,15,7,8,4
534022104,907,438,469,302
534022111,1351,648,703,408
534022112,0,0,0,0
534022113,1636,807,829,529
534022114,930,447,483,268
534022121,0,0,0,0
534022122,0,0,0,0
534022123,0,0,0,0
534022124,14,5,9,3
534022131,24,10,14,7
534022132,255,132,123,85
534022133,35,16,19,12
534022134,405,200,205,129
534022141,1145,579,566,365
534022142,324,155,169,125
534022143,1657,833,824,570
534022144,861,432,429,336
534022151,30,14,16,12
534022152,64,33,31,24
534022153,102,54,48,47
534022154,223,105,118,81
534022161,11,5,6,2
534022162,258,126,132,94
534022163,148,71,77,50
534022164,66,33,33,21
534022171,31,17,14,10
534022172,1034,511,523,365
534022173,71,37,34,19
534022174,872,423,449,300
534022181,191,97,94,74
534022182,88,37,51,30
534022183,647,322,325,244
534022184,323,159,164,135
534022191,333,171,162,120
534022192,187,94,93,82
534022193,490,251,239,189
534022194,90,51,39,35
534022201,71,35,36,28
534022202,98,46,52,34
534022203,663,329,334,275
534022204,1806,857,949,666
534022211,1743,850,893,570
534022212,1657,833,824,586
534022213,1899,931,968,714
534022214,1732,859,873,652
534022221,0,0,0,0
534022222,5,2,3,2
534022223,1048,519,529,373
534022224,228,114,114,70
534022231,89,39,50,30
534022232,89,40,49,29
534022233,31,14,17,11
534022234,114,54,60,33
534022241,1158,583,575,436
534022242,768,371,397,332
534022243,252,129,123,100
534022244,401,210,191,222
534022251,1335,649,686,555
534022252,978,473,505,404
534022253,866,441,425,383
534022254,1116,531,585,469
534022261,256,121,135,94
534022262,202,110,92,49
534022263,289,137,152,116
534022264,144,66,78,48
534022271,289,143,146,99
534022272,158,82,76,51
534022273,206,108,98,68
534022274,379,177,202,120
534022281,700,333,367,218
534022282,224,110,114,89
534022283,487,250,237,184
534022284,93,48,45,28
534022291,301,153,148,126
534022292,329,156,173,109
534022293,165,83,82,54
534022294,130,68,62,52
534022301,858,434,424,321
534022302,2060,992,1068,762
534022303,390,190,200,148
534022304,2324,1147,1177,880
534022311,2333,1119,1214,903
534022312,1772,856,916,690
534022313,1596,761,835,615
534022314,996,495,501,420
534022321,1477,755,722,487
534022322,371,191,180,131
534022323,807,399,408,277
534022324,249,119,130,82
534022331,65,26,39,19
534022332,55,27,28,20
534022333,40,19,21,12
534022334,50,23,27,16
534022341,36,24,12,16
534022342,170,84,86,67
534022343,26,12,14,7
534022344,81,40,41,26
534022351,244,110,134,105
534022352,593,281,312,240
534022353,271,130,141,94
534022354,223,108,115,79
534022361,464,235,229,226
534022362,40,21,19,11
534022363,146,63,83,48
534022364,105,54,51,40
534022371,44,23,21,15
534022372,94,45,49,31
534022373,60,29,31,20
534022374,100,47,53,27
534022381,135,70,65,43
534022382,122,65,57,36
534022383,17,5,12,5
534022384,0,0,0,0
534022391,64,29,35,22
534022392,180,91,89,53
534022393,81,42,39,24
534022394,141,72,69,43
534022401,82,41,41,29
534022402,711,334,377,282
534022403,131,60,71,42
534022404,76,37,39,29
534022411,1320,652,668,522
534022412,759,355,404,306
534022413,380,187,193,146
534022414,136,65,71,56
534022421,551,283,268,210
534022422,23,11,12,11
534022423,216,100,116,93
534022424,10,3,7,3
534022431,28,13,15,10
534022432,70,32,38,24
534022433,22,14,8,6
534022434,21,12,9,7
534022441,104,52,52,39
534022442,100,47,53,30
534022443,86,43,43,28
534022444,209,108,101,69
534022451,160,83,77,61
534022452,237,118,119,82
534022453,963,484,479,337
534022454,250,123,127,85
534022461,9,6,3,4
534022462,58,30,28,22
534022463,31,16,15,9
534022464,47,24,23,11
534022471,40,18,22,14
534022472,0,0,0,0
534022473,277,137,140,86
534022474,65,32,33,21
534022481,0,0,0,0
534022482,0,0,0,0
534022483,3,2,1,1
534022484,52,26,26,17
534022491,0,0,0,0
534022492,85,46,39,23
534022493,60,29,31,18
534022494,90,45,45,24
534022501,51,23,28,15
534022502,94,43,51,33
534022503,0,0,0,0
534022504,114,56,58,47
534022511,424,216,208,162
534022512,254,124,130,94
534022513,40,23,17,17
534022514,125,58,67,41
534022521,282,131,151,101
534022522,0,0,0,0
534022523,35,18,17,13
534022524,48,25,23,22
534022531,10,5,5,2
534022532,156,70,86,56
534022533,21,8,13,8
534022534,319,168,151,109
534022541,28,15,13,9
534022542,181,85,96,53
534022651,57,29,28,20
534022652,81,39,42,24
534022653,150,75,75,55
534022654,50,28,22,20
534022661,170,91,79,55
534022662,75,39,36,22
534022663,55,26,29,17
534022664,156,80,76,52
534022671,10,6,4,3
534022672,217,104,113,86
534022673,128,62,66,50
534022674,412,206,206,148
534022681,634,300,334,242
534022682,1079,547,532,540
534022683,929,467,462,356
534022684,1378,665,713,674
534022691,1189,573,616,574
534022692,542,278,264,223
534022693,1083,545,538,565
534022694,770,391,379,371
534022701,36,14,22,14
534022702,73,47,26,4
534022703,25,16,9,8
534022704,0,0,0,0
534022711,1,1,0,1
534022712,152,79,73,39
534022713,0,0,0,0
534022714,9,5,4,3
534022721,0,0,0,0
534022722,3,2,1,1
534022723,0,0,0,0
534022724,22,10,12,7
534022731,32,17,15,12
534022732,30,14,16,10
534022733,54,29,25,22
534022734,60,26,34,22
534022741,0,0,0,0
534022742,0,0,0,0
534022743,13,6,7,5
534022744,37,17,20,13
534022751,0,0,0,0
534022752,25,12,13,7
534022753,7,4,3,2
534022754,56,34,22,18
534022761,6,4,2,1
534022762,146,72,74,48
534022763,35,17,18,10
534022764,185,82,103,61
534022771,275,133,142,104
534022772,393,196,197,160
534022773,128,67,61,45
534022774,503,241,262,163
534022781,310,145,165,128
534022782,666,321,345,301
534022783,327,156,171,138
534022784,141,74,67,68
534022791,762,369,393,383
534022792,1058,530,528,531
534022793,961,479,482,435
534022794,1589,780,809,765
534022801,0,0,0,0
534022802,25,12,13,11
534022803,0,0,0,0
534022804,0,0,0,0
534022811,38,19,19,14
534022812,0,0,0,0
534022813,108,57,51,38
534022814,60,25,35,21
534022821,21,9,12,8
534022822,56,32,24,25
534022823,71,37,34,25
534022824,169,84,85,46
534022831,40,18,22,18
534022832,15,9,6,6
534022833,279,137,142,100
534022834,176,85,91,67
534022841,13,5,8,5
534022842,53,26,27,16
534022843,4,4,0,4
534022844,64,33,31,20
534022851,7,2,5,2
534022852,30,16,14,10
534022853,0,0,0,0
534022854,64,31,33,20
534022861,74,34,40,27
534022862,170,88,82,64
534022863,67,31,36,29
534022864,64,31,33,23
534022871,157,73,84,53
534022872,1099,518,581,386
534022873,57,24,33,19
534022874,548,280,268,212
534022881,201,103,98,77
534022882,44,22,22,14
534022883,727,371,356,285
534022884,12,8,4,4
534022891,315,159,156,143
534022892,1409,685,724,609
534022893,80,38,42,23
534022894,911,441,470,334
534022901,0,0,0,0
534022902,0,0,0,0
534022903,77,36,41,28
534022904,27,15,12,11
534022911,162,76,86,61
534022912,92,44,48,32
534022913,162,80,82,47
534022914,6,3,3,3
534022921,8,4,4,3
534022922,268,136,132,80
534022923,60,29,31,22
534022924,301,151,150,100
534022931,147,77,70,59
534022932,287,144,143,100
534022933,61,33,28,25
534022934,69,40,29,22
534022941,211,107,104,81
534022942,20,9,11,7
534022943,165,86,79,56
534022944,66,37,29,25
534022951,98,51,47,32
534022952,31,17,14,11
534022953,0,0,0,0
534022954,49,24,25,19
534022961,319,161,158,108
534022962,127,63,64,60
534022963,153,77,76,59
534022964,0,0,0,0
534022971,68,36,32,22
534022972,66,29,37,21
534022973,0,0,0,0
534022974,84,40,44,26
534022981,162,81,81,66
534022982,17,9,8,6
534022983,115,58,57,38
534022984,63,32,31,20
534022991,52,29,23,20
534022992,215,103,112,75
534022993,107,51,56,38
534022994,75,39,36,29
534023001,37,22,15,14
534023002,248,122,126,88
534023003,55,29,26,22
534023004,8,5,3,3
534023011,79,35,44,35
534023012,99,50,49,34
534023013,75,39,36,27
534023014,81,47,34,23
534023021,48,21,27,12
534023022,215,99,116,67
534023023,11,5,6,4
534023024,83,42,41,22
534023031,119,57,62,35
534023032,228,114,114,92
534023033,87,42,45,30
534023034,84,34,50,31
534023041,347,170,177,138
534023042,8,3,5,3
534023043,562,272,290,207
534023044,191,87,104,75
534023101,103,51,52,29
534023102,76,37,39,21
534023103,347,175,172,104
534023104,8,3,5,3
534023111,278,150,128,79
534023112,121,57,64,39
534023113,213,107,106,72
534023114,86,44,42,30
534023121,39,19,20,13
534023122,92,49,43,24
534023123,45,25,20,14
534023124,128,66,62,42
534023131,159,81,78,51
534023132,121,58,63,44
534023133,157,74,83,58
534023134,107,46,61,36
534023141,460,230,230,169
534023142,373,169,204,129
534023143,227,118,109,88
534023144,460,221,239,176
534023151,8,5,3,4
534023153,131,66,65,49
534023201,89,41,48,30
534023202,19,8,11,7
534023203,42,19,23,13
534023204,9,4,5,3
534023211,16,9,7,7
534023212,126,64,62,41
534023213,9,5,4,5
534023214,224,109,115,78
534023221,108,62,46,37
534023222,34,21,13,13
534023223,410,200,210,145
534023224,227,118,109,79
534023231,141,66,75,44
534023232,109,49,60,40
534023233,86,35,51,31
534023234,173,79,94,67
534023241,21,10,11,10
534023242,452,219,233,185
534023243,99,49,50,37
534023244,147,74,73,53
534023251,282,151,131,111
534023252,0,0,0,0
534023253,504,247,257,177
534023254,109,53,56,46
534023301,67,34,33,24
534023302,19,13,6,7
534023303,80,32,48,23
534023304,0,0,0,0
534023311,48,24,24,20
534023312,413,194,219,151
534023313,176,85,91,72
534023314,234,130,104,93
534023321,328,163,165,118
534023322,63,31,32,24
534023323,242,116,126,82
534023324,125,61,64,43
534023331,10,6,4,3
534023332,150,75,75,49
534023333,35,22,13,12
534023334,27,16,11,9
534023341,153,78,75,53
534023342,139,56,83,34
534023343,132,62,70,42
534023344,343,167,176,110
534023351,468,217,251,185
534023352,566,265,301,243
534023353,476,224,252,178
534023354,904,434,470,348
534023361,42,18,24,16
534023363,90,40,50,36
534023364,0,0,0,0
534023501,76,37,39,26
534023502,71,35,36,25
534023503,205,97,108,83
534023504,20,8,12,5
534023511,103,45,58,39
534023512,660,316,344,255
534023513,134,63,71,52
534023514,648,291,357,212
534023521,791,405,386,186
534023522,230,113,117,78
534023523,230,111,119,75
534023524,112,50,62,40
534023531,184,89,95,68
534023532,209,108,101,79
534023533,86,41,45,28
534023534,110,51,59,41
534023541,290,135,155,113
534023542,147,70,77,56
534023543,23,10,13,11
534023544,199,90,109,78
534023551,91,40,51,26
534023552,51,22,29,15
534023553,70,33,37,22
534023554,58,23,35,20
534023561,162,85,77,61
534023562,124,63,61,40
534023563,34,18,16,10
534023564,396,202,194,143
534023571,1,1,0,1
534023572,0,0,0,0
534023573,162,77,85,65
534023574,0,0,0,0
534023601,320,141,179,102
534023602,125,57,68,45
534023603,512,256,256,180
534023604,150,77,73,48
534023611,327,171,156,130
534023612,375,177,198,143
534023613,5,2,3,2
534023614,21,10,11,11
534023621,484,203,281,136
534023622,67,34,33,23
534023623,110,55,55,39
534023624,49,27,22,15
534023631,104,56,48,45
534023632,74,34,40,25
534023633,34,17,17,11
534023634,67,35,32,26
534023641,36,20,16,11
534023642,147,72,75,64
534023643,80,42,38,26
534023644,29,12,17,13
534023651,94,46,48,33
534023652,120,58,62,36
534023653,182,92,90,60
534023654,62,32,30,26
534023661,19,8,11,8
534023662,210,97,113,76
534023663,17,8,9,5
534023664,54,25,29,17
534023671,300,150,150,100
534023672,10,5,5,6
534023673,271,139,132,92
534023674,180,91,89,67
534023681,0,0,0,0
534023683,0,0,0,0
534023701,926,525,401,383
534023702,268,142,126,120
534023703,410,210,200,196
534023704,83,41,42,39
534023711,42,25,17,17
534023712,0,0,0,0
534023713,7,3,4,3
534023714,8,4,4,3
534023721,8,2,6,3
534023722,93,47,46,30
534023723,0,0,0,0
534023724,115,53,62,34
534023731,159,77,82,57
534023732,66,31,35,22
534023733,84,46,38,32
534023734,81,39,42,25
534023741,45,25,20,16
534023742,78,39,39,36
534023743,158,76,82,53
534023744,89,44,45,36
534023751,39,21,18,13
534023752,122,63,59,43
534023753,18,12,6,13
534023754,78,42,36,22
534023761,99,48,51,24
534023762,36,14,22,12
534023763,216,103,113,68
534023764,13,5,8,5
534023771,7,5,2,3
534023772,258,127,131,101
534023773,249,120,129,84
534023774,97,49,48,34
534023781,12,3,9,7
534023782,0,0,0,0
534023783,227,119,108,77
534023784,0,0,0,0
534023801,589,304,285,263
534023802,0,0,0,0
534023803,622,301,321,259
534023804,302,155,147,128
534023811,100,50,50,30
534023812,547,266,281,176
534023813,118,60,58,40
534023814,518,276,242,186
534023821,108,47,61,32
534023822,33,16,17,9
534023823,0,0,0,0
534023824,482,293,189,331
534023831,413,205,208,138
534023832,234,115,119,85
534023833,428,296,132,253
534023834,14,9,5,4
534023841,77,43,34,27
534023842,165,77,88,69
534023843,37,19,18,9
534023844,256,130,126,88
534023851,295,150,145,113
534023852,115,53,62,40
534023853,389,193,196,129
534023854,48,22,26,17
534023861,205,94,111,79
534023862,35,15,20,11
534023863,98,54,44,30
534023864,15,7,8,6
534023871,54,25,29,19
534023872,118,55,63,43
534023873,149,67,82,48
534023874,184,92,92,58
534023881,184,86,98,63
534023882,163,87,76,51
534023883,122,63,59,44
534023884,274,128,146,91
534023891,0,0,0,0
534023893,18,9,9,5
534023894,0,0,0,0
534023901,385,189,196,154
534023902,420,199,221,204
534023903,362,174,188,145
534023904,63,27,36,33
534023911,449,223,226,202
534023912,976,501,475,437
534023913,260,127,133,102
534023914,453,237,216,253
534023921,278,140,138,127
534023922,10,5,5,4
534023923,261,137,124,158
534023924,0,0,0,0
534023931,376,192,184,129
534023932,241,116,125,74
534023933,53,32,21,21
534023934,331,176,155,117
534023941,121,61,60,39
534023942,115,54,61,43
534023943,111,49,62,38
534023944,276,147,129,123
534023951,210,105,105,71
534023952,42,19,23,11
534023953,102,45,57,45
534023954,118,61,57,32
534023961,78,36,42,21
534023962,76,35,41,22
534023963,0,0,0,0
534023964,43,24,19,15
534023971,74,32,42,19
534023972,93,43,50,27
534023973,31,16,15,10
534023974,173,87,86,57
534023981,157,84,73,58
534023982,55,28,27,18
534023983,17,8,9,7
534023984,16,9,7,6
534023991,87,44,43,25
534023992,0,0,0,0
534023993,355,173,182,62
534023994,91,48,43,31
534024903,0,0,0,0
534030062,0,0,0,0
534030064,0,0,0,0
534030071,0,0,0,0
534030072,0,0,0,0
534030073,0,0,0,0
534030074,0,0,0,0
534030081,0,0,0,0
534030082,0,0,0,0
534030083,0,0,0,0
534030084,0,0,0,0
534030091,0,0,0,0
534030092,41,17,24,23
534030093,0,0,0,0
534030094,579,311,268,272
534030162,0,0,0,0
534030163,0,0,0,0
534030164,0,0,0,0
534030171,0,0,0,0
534030172,0,0,0,0
534030173,0,0,0,0
534030174,0,0,0,0
534030181,0,0,0,0
534030182,9,2,7,3
534030183,2,2,0,2
534030184,438,221,217,150
534030191,11,6,5,3
534030192,1516,790,726,748
534030193,1819,983,836,894
534030194,1856,945,911,962
534030254,0,0,0,0
534030261,0,0,0,0
534030262,0,0,0,0
534030263,0,0,0,0
534030264,0,0,0,0
534030271,0,0,0,0
534030272,119,47,72,31
534030273,0,0,0,0
534030274,101,46,55,43
534030281,5,5,0,5
534030282,2631,1300,1331,1029
534030283,2304,1098,1206,937
534030284,1863,928,935,951
534030291,3187,1676,1511,1681
534030292,2390,1130,1260,1354
534030293,5761,2851,2910,2878
534030294,2353,1169,1184,1348
534030344,0,0,0,0
534030351,0,0,0,0
534030352,2,1,1,1
534030353,0,0,0,0
534030354,87,45,42,27
534030361,1,1,0,1
534030362,0,0,0,0
534030363,36,17,19,17
534030364,0,0,0,0
534030371,0,0,0,0
534030372,1204,524,680,509
534030373,84,42,42,43
534030374,4299,2247,2052,2024
534030483,2623,1281,1342,1645
534030484,2813,1406,1407,1508
534030491,1384,695,689,794
534030492,2822,1405,1417,1579
534030493,1949,1012,937,974
534030494,1858,939,919,946
534030532,0,0,0,0
534030533,0,0,0,0
534030534,14,6,8,5
534030541,637,323,314,241
534030542,1668,767,901,514
534030543,1268,604,664,477
534030544,2678,1271,1407,999
534030551,2741,1350,1391,992
534030552,7401,3566,3835,2894
534030553,1991,990,1001,790
534030554,2578,1357,1221,1426
534030561,5797,2897,2900,2739
534030562,3675,1974,1701,2009
534030563,3443,1738,1705,1781
534030564,1213,632,581,524
534030571,2714,1353,1361,1205
534030572,3181,1660,1521,1917
534030573,3405,1724,1681,1502
534030574,2301,1155,1146,1108
534030581,409,194,215,327
534030582,2847,1446,1401,1308
534030583,1613,816,797,811
534030584,3925,1981,1944,1599
534030591,2995,1602,1393,1514
534030592,2051,1033,1018,884
534030593,3040,1540,1500,1322
534030594,2631,1338,1293,1152
534030622,0,0,0,0
534030624,0,0,0,0
534030631,274,125,149,108
534030632,1909,930,979,653
534030633,4295,2136,2159,1583
534030634,5631,2791,2840,1924
534030641,2358,1134,1224,971
534030642,7493,3557,3936,2918
534030643,2284,1109,1175,788
534030644,4482,2150,2332,2312
534030651,3300,1618,1682,1568
534030652,888,454,434,456
534030653,4147,2003,2144,1782
534030654,2422,1153,1269,1012
534030661,2474,1226,1248,1240
534030662,2367,1146,1221,1099
534030663,1542,755,787,644
534030664,2767,1426,1341,1367
534030671,3472,1654,1818,1682
534030672,4700,2293,2407,2055
534030673,3434,1694,1740,1698
534030674,4335,2171,2164,1790
534030681,1516,764,752,639
534030682,2464,1293,1171,1335
534030683,2456,1199,1257,1081
534030684,2553,1287,1266,1059
534030691,3366,1714,1652,1604
534030692,2681,1325,1356,1325
534030693,2150,1040,1110,903
534030694,409,222,187,184
534030714,0,0,0,0
534030721,0,0,0,0
534030722,0,0,0,0
534030723,0,0,0,0
534030724,1,1,0,1
534030731,2853,1391,1462,995
534030732,6368,3119,3249,2186
534030733,0,0,0,0
534030734,0,0,0,0
534030741,1363,681,682,446
534030742,2296,1112,1184,1026
534030743,0,0,0,0
534030744,1079,500,579,418
534030751,3334,1607,1727,1350
534030752,2201,1088,1113,930
534030753,2928,1464,1464,1170
534030754,2367,1198,1169,1103
534030761,1273,651,622,455
534030762,3198,1648,1550,1213
534030763,1838,987,851,860
534030764,2305,1204,1101,879
534030771,4486,2189,2297,1901
534030772,3342,1637,1705,1534
534030773,3908,1941,1967,1643
534030774,1944,976,968,838
534030781,2568,1213,1355,985
534030782,1724,863,861,620
534030783,2695,1369,1326,1005
534030784,2726,1371,1355,1177
534030791,1676,807,869,678
534030792,716,316,400,286
534030793,1821,878,943,839
534030794,430,207,223,175
534030803,0,0,0,0
534030804,0,0,0,0
534030811,0,0,0,0
534030812,19,19,0,19
534030813,0,0,0,0
534030814,58,58,0,58
534030821,5,3,2,4
534030822,0,0,0,0
534030823,37,25,12,19
534030824,187,96,91,64
534030831,0,0,0,0
534030832,0,0,0,0
534030833,0,0,0,0
534030834,1163,532,631,528
534030841,2924,1393,1531,1098
534030842,2294,1112,1182,910
534030843,4058,1990,2068,1672
534030844,3436,1681,1755,1472
534030851,2423,1215,1208,1169
534030852,2849,1384,1465,1569
534030853,2287,1196,1091,1034
534030854,2356,1113,1243,987
534030861,2735,1361,1374,1305
534030862,3117,1543,1574,1360
534030863,2651,1306,1345,1112
534030864,4215,2108,2107,1715
534030871,3261,1564,1697,1291
534030872,2136,1054,1082,866
534030873,3254,1603,1651,1217
534030874,1542,770,772,616
534030881,1927,952,975,816
534030882,4100,1980,2120,1751
534030883,1924,971,953,766
534030884,2614,1235,1379,1141
534030891,2185,1071,1114,927
534030892,1704,883,821,681
534030893,1554,796,758,607
534030894,2648,1322,1326,999
534030901,0,0,0,0
534030902,0,0,0,0
534030903,0,0,0,0
534030904,0,0,0,0
534030911,0,0,0,0
534030912,0,0,0,0
534030913,27,12,15,10
534030914,1338,653,685,434
534030921,322,174,148,141
534030922,3774,1882,1892,1298
534030923,2255,1128,1127,744
534030924,2179,1050,1129,840
534030931,2854,1394,1460,1075
534030932,2699,1351,1348,1172
534030933,3332,1638,1694,1342
534030934,2548,1258,1290,1098
534030941,2254,1105,1149,1017
534030942,2205,1060,1145,1245
534030943,2428,1214,1214,1029
534030944,1833,933,900,905
534030951,2210,1120,1090,890
534030952,2291,1137,1154,774
534030953,507,267,240,205
534030954,3160,1580,1580,1056
534030961,1375,659,716,523
534030962,2418,1185,1233,914
534030963,1389,683,706,554
534030964,396,201,195,161
534030971,1693,835,858,639
534030972,1455,699,756,550
534030973,3107,1555,1552,1442
534030974,3100,1543,1557,1342
534030981,747,383,364,302
534030982,2276,1131,1145,756
534030983,335,172,163,136
534030984,312,143,169,83
534030991,2001,996,1005,776
534030992,1090,607,483,396
534030993,756,398,358,268
534030994,612,318,294,307
534031001,2009,1051,958,987
534031002,2320,1354,966,1121
534031003,1369,717,652,702
534031004,3552,1782,1770,1511
534031011,1728,887,841,751
534031012,2014,1032,982,834
534031013,3407,1672,1735,1364
534031014,1393,704,689,552
534031021,1674,848,826,768
534031022,1620,805,815,651
534031023,1749,824,925,736
534031024,2056,1000,1056,886
534031031,1577,731,846,612
534031032,94,45,49,34
534031033,651,328,323,256
534031034,403,204,199,164
534031041,163,90,73,74
534031042,408,183,225,129
534031043,771,391,380,314
534031044,1007,488,519,387
534031051,107,52,55,37
534031052,36,19,17,14
534031053,0,0,0,0
534031054,7,1,6,2
534031061,90,48,42,35
534031062,33,17,16,10
534031063,2,1,1,1
534031064,40,22,18,16
534031071,10,4,6,3
534031072,144,70,74,60
534031073,79,44,35,26
534031074,214,119,95,76
534031081,533,269,264,191
534031082,169,63,106,31
534031083,47,19,28,19
534031084,35,22,13,8
534031091,7,2,5,3
534031092,111,45,66,44
534031093,0,0,0,0
534031094,1,1,0,1
534031101,2094,1076,1018,899
534031102,1696,839,857,700
534031103,1949,975,974,927
534031104,2187,1110,1077,1064
534031111,1098,532,566,453
534031112,574,288,286,222
534031113,446,222,224,169
534031114,935,464,471,391
534031121,1607,818,789,684
534031122,1146,598,548,447
534031123,882,482,400,427
534031124,230,122,108,106
534031131,364,168,196,124
534031132,203,93,110,70
534031133,276,123,153,114
534031134,310,157,153,150
534031141,1212,582,630,467
534031142,1321,643,678,502
534031143,1088,540,548,430
534031144,464,223,241,180
534031151,205,96,109,84
534031152,183,98,85,76
534031153,390,206,184,158
534031154,400,189,211,161
534031161,12,4,8,4
534031162,90,40,50,29
534031163,127,35,92,12
534031164,211,102,109,69
534031171,287,137,150,111
534031172,548,218,330,142
534031173,495,250,245,188
534031174,984,488,496,367
534031181,87,46,41,30
534031182,33,14,19,13
534031183,2,1,1,2
534031184,50,23,27,15
534031191,23,8,15,7
534031192,14,7,7,4
534031193,89,48,41,25
534031194,3,2,1,2
534031201,1566,804,762,783
534031202,1557,784,773,711
534031203,1476,733,743,820
534031204,1585,752,833,808
534031211,1912,941,971,826
534031212,1420,729,691,650
534031213,1624,809,815,827
534031214,1033,541,492,469
534031221,81,38,43,30
534031222,342,165,177,132
534031223,106,52,54,56
534031224,90,48,42,34
534031231,426,197,229,167
534031232,96,65,31,48
534031233,208,101,107,86
534031234,92,35,57,36
534031241,743,383,360,287
534031242,234,113,121,94
534031243,322,165,157,114
534031244,123,58,65,37
534031251,113,58,55,35
534031252,150,77,73,46
534031253,145,71,74,47
534031254,67,29,38,30
534031261,76,39,37,23
534031262,45,26,19,13
534031263,3,0,3,3
534031264,18,8,10,5
534031271,7,3,4,4
534031272,325,162,163,130
534031273,10,4,6,5
534031274,0,0,0,0
534031281,103,56,47,36
534031282,114,50,64,36
534031283,32,17,15,14
534031284,61,26,35,23
534031291,146,66,80,49
534031292,23,10,13,8
534031293,16,7,9,5
534031294,4,2,2,1
534031301,2926,1398,1528,1417
534031302,2042,1006,1036,1037
534031303,2990,1511,1479,1460
534031304,2560,1682,878,928
534031311,968,489,479,519
534031312,1352,683,669,561
534031313,1777,901,876,829
534031314,2045,1018,1027,875
534031321,934,443,491,393
534031322,766,389,377,326
534031323,1658,844,814,679
534031324,1245,628,617,505
534031331,162,79,83,69
534031332,209,143,66,110
534031333,320,164,156,128
534031334,526,259,267,205
534031341,275,129,146,96
534031342,167,81,86,62
534031343,82,40,42,27
534031344,344,172,172,157
534031351,405,210,195,171
534031352,51,28,23,19
534031353,2122,1017,1105,850
534031354,1489,723,766,671
534031361,33,14,19,13
534031362,55,22,33,19
534031363,136,71,65,54
534031364,73,38,35,28
534031371,76,38,38,29
534031372,64,47,17,42
534031373,27,17,10,12
534031374,2,1,1,1
534031381,0,0,0,0
534031382,24,11,13,7
534031383,8,4,4,2
534031384,84,41,43,26
534031391,7,3,4,3
534031392,17,7,10,5
534031393,0,0,0,0
534031394,0,0,0,0
534031401,2793,1467,1326,1600
534031402,2272,1376,896,991
534031403,3496,1692,1804,1474
534031404,2306,1132,1174,964
534031411,1213,652,561,629
534031412,743,385,358,312
534031413,245,131,114,99
534031414,89,52,37,32
534031421,1021,488,533,437
534031422,1188,580,608,485
534031423,1580,786,794,627
534031424,2667,1303,1364,1037
534031431,934,456,478,383
534031432,608,303,305,238
534031433,461,193,268,184
534031434,428,218,210,176
534031441,147,83,64,46
534031442,2381,1062,1319,1165
534031443,768,401,367,257
534031444,1138,543,595,482
534031451,1492,727,765,707
534031452,2128,1026,1102,945
534031453,2231,1096,1135,1012
534031454,1874,949,925,737
534031461,329,168,161,131
534031462,69,42,27,33
534031463,24,10,14,8
534031464,2,1,1,1
534031471,337,89,248,8
534031472,9,6,3,3
534031473,0,0,0,0
534031474,166,56,110,21
534031481,62,33,29,21
534031482,48,25,23,17
534031483,68,32,36,21
534031484,99,49,50,34
534031491,0,0,0,0
534031492,0,0,0,0
534031493,64,34,30,23
534031494,23,10,13,7
534031501,2016,981,1035,765
534031502,877,409,468,345
534031503,1792,933,859,666
534031504,729,387,342,286
534031511,302,162,140,143
534031512,332,171,161,144
534031513,777,399,378,310
534031514,2449,1234,1215,1091
534031521,1278,647,631,526
534031522,2219,1132,1087,879
534031523,2589,1318,1271,1155
534031524,1901,1076,825,926
534031531,1072,517,555,403
534031532,1626,782,844,711
534031533,2513,1289,1224,1027
534031534,2722,1317,1405,1162
534031541,1628,804,824,706
534031542,1948,962,986,910
534031543,1596,758,838,642
534031544,530,270,260,244
534031551,1040,534,506,446
534031552,823,391,432,286
534031553,1355,656,699,443
534031554,1542,777,765,499
534031561,0,0,0,0
534031562,0,0,0,0
534031563,206,129,77,113
534031564,4,4,0,4
534031571,43,22,21,13
534031572,118,65,53,37
534031573,105,55,50,31
534031574,15,10,5,8
534031581,109,54,55,36
534031582,10,4,6,4
534031583,0,0,0,0
534031584,0,0,0,0
534031591,19,10,9,5
534031592,13,6,7,6
534031593,0,0,0,0
534031594,0,0,0,0
534031601,1253,602,651,522
534031602,1858,936,922,721
534031603,1387,723,664,533
534031604,2475,1210,1265,1019
534031611,2323,1163,1160,840
534031612,3223,1721,1502,1528
534031613,1746,853,893,719
534031614,2673,1357,1316,1282
534031621,2408,1227,1181,1266
534031622,2493,1258,1235,1005
534031623,2543,1299,1244,1212
534031624,2551,1284,1267,1060
534031631,1362,706,656,482
534031632,1137,572,565,455
534031633,1582,808,774,661
534031634,104,56,48,53
534031641,321,159,162,125
534031642,25,11,14,15
534031643,230,162,68,129
534031644,8,5,3,2
534031651,261,133,128,89
534031652,1144,547,597,371
534031653,24,14,10,7
534031654,28,14,14,11
534031661,1005,498,507,349
534031662,13,9,4,6
534031663,6,3,3,1
534031664,0,0,0,0
534031671,65,30,35,22
534031672,0,0,0,0
534031673,25,11,14,7
534031674,55,28,27,20
534031681,0,0,0,0
534031682,0,0,0,0
534031683,0,0,0,0
534031684,0,0,0,0
534031691,0,0,0,0
534031692,6,3,3,1
534031693,15,7,8,4
534031694,47,22,25,12
534031701,653,323,330,217
534031702,2548,1299,1249,1085
534031703,47,24,23,14
534031704,2514,1229,1285,963
534031711,2062,980,1082,800
534031712,1741,872,869,706
534031713,1348,678,670,553
534031714,450,238,212,171
534031721,2239,1146,1093,866
534031722,395,213,182,163
534031723,1820,945,875,608
534031724,620,320,300,192
534031731,286,159,127,117
534031732,32,17,15,13
534031733,1034,515,519,347
534031734,1262,626,636,473
534031741,221,113,108,84
534031742,73,34,39,24
534031743,511,264,247,185
534031744,61,33,28,18
534031751,39,21,18,10
534031752,108,58,50,33
534031753,40,17,23,12
534031754,55,27,28,19
534031761,10,5,5,4
534031762,21,11,10,8
534031763,26,13,13,9
534031764,64,28,36,20
534031771,2,2,0,2
534031772,66,37,29,24
534031773,0,0,0,0
534031774,17,10,7,5
534031781,76,35,41,23
534031782,27,15,12,8
534031783,86,49,37,28
534031784,28,16,12,8
534031791,121,56,65,38
534031792,8,4,4,3
534031793,130,44,86,14
534031794,17,8,9,6
534031801,2047,1006,1041,748
534031802,1132,595,537,505
534031803,2588,1248,1340,980
534031804,22,11,11,10
534031811,118,65,53,51
534031812,98,22,76,2
534031813,0,0,0,0
534031814,1338,804,534,494
534031821,1409,736,673,513
534031822,1717,863,854,631
534031823,2008,1041,967,827
534031824,2769,1387,1382,1042
534031831,1023,508,515,334
534031832,888,432,456,342
534031833,1512,747,765,571
534031834,1467,719,748,518
534031841,1104,551,553,425
534031842,0,0,0,0
534031843,622,319,303,208
534031844,142,74,68,46
534031851,89,56,33,42
534031852,55,30,25,16
534031853,32,16,16,10
534031854,27,16,11,8
534031861,14,8,6,9
534031862,15,9,6,9
534031863,72,35,37,25
534031864,9,6,3,4
534031871,15,8,7,5
534031872,0,0,0,0
534031873,53,26,27,13
534031874,0,0,0,0
534031881,33,15,18,11
534031882,76,39,37,27
534031883,197,111,86,67
534031884,44,20,24,14
534031891,113,59,54,38
534031892,27,13,14,9
534031893,41,19,22,10
534031894,0,0,0,0
534031901,678,340,338,288
534031902,685,354,331,330
534031903,222,137,85,139
534031904,380,204,176,178
534031911,831,465,366,392
534031912,1878,945,933,860
534031913,956,447,509,387
534031914,2878,1480,1398,1199
534031921,1830,901,929,719
534031922,2007,1009,998,844
534031923,2363,1173,1190,870
534031924,2002,1010,992,755
534031931,2399,1155,1244,933
534031932,1971,1005,966,812
534031933,1619,831,788,650
534031934,1934,972,962,836
534031941,715,372,343,285
534031942,1777,887,890,682
534031943,617,300,317,241
534031944,840,409,431,331
534031951,245,141,104,46
534031952,25,14,11,10
534031953,1297,620,677,494
534031954,536,263,273,187
534031961,17,11,6,6
534031962,99,91,8,10
534031963,102,48,54,29
534031964,29,15,14,9
534031971,0,0,0,0
534031972,0,0,0,0
534031973,9,4,5,2
534031974,48,24,24,16
534031981,82,41,41,27
534031982,18,5,13,8
534031983,0,0,0,0
534031984,0,0,0,0
534031991,48,25,23,15
534031992,6,4,2,3
534031993,95,42,53,32
534031994,199,96,103,64
534032001,55,31,24,24
534032002,96,45,51,36
534032003,88,34,54,17
534032004,0,0,0,0
534032011,0,0,0,0
534032012,26,13,13,6
534032013,0,0,0,0
534032014,44,25,19,13
534032021,70,31,39,18
534032022,98,50,48,36
534032023,100,49,51,32
534032024,103,56,47,36
534032031,112,55,57,37
534032032,44,24,20,14
534032033,35,12,23,11
534032034,11,6,5,3
534032041,30,17,13,12
534032042,125,102,23,46
534032043,62,34,28,15
534032044,28,15,13,10
534032051,38,19,19,9
534032052,43,21,22,16
534032053,27,8,19,9
534032054,138,66,72,46
534032061,1,1,0,1
534032062,0,0,0,0
534032063,6,3,3,2
534032064,4,1,3,2
534032071,0,0,0,0
534032072,0,0,0,0
534032073,0,0,0,0
534032074,0,0,0,0
534032081,41,19,22,12
534032082,87,41,46,30
534032083,15,9,6,5
534032084,48,25,23,12
534032091,119,61,58,42
534032092,83,39,44,32
534032093,47,23,24,16
534032094,16,9,7,6
534032101,0,0,0,0
534032102,4,2,2,1
534032103,0,0,0,0
534032104,9,4,5,2
534032111,28,15,13,10
534032112,34,17,17,12
534032113,87,38,49,32
534032114,132,67,65,44
534032121,79,45,34,25
534032122,64,33,31,27
534032123,161,95,66,62
534032124,10,6,4,4
534032131,78,40,38,28
534032132,19,9,10,8
534032133,164,83,81,59
534032134,34,20,14,10
534032141,112,53,59,38
534032142,12,6,6,4
534032143,62,31,31,14
534032144,22,14,8,7
534032151,42,22,20,13
534032152,59,30,29,16
534032153,163,63,100,12
534032154,28,17,11,11
534032161,15,7,8,6
534032162,24,11,13,7
534032163,0,0,0,0
534032164,0,0,0,0
534032171,0,0,0,0
534032172,0,0,0,0
534032173,20,10,10,6
534032174,0,0,0,0
534032181,3,1,2,1
534032182,109,51,58,35
534032183,40,22,18,14
534032184,78,37,41,24
534032191,8,3,5,2
534032192,0,0,0,0
534032193,4,2,2,1
534032194,0,0,0,0
534032201,7,3,4,4
534032202,149,78,71,47
534032203,17,10,7,7
534032204,18,7,11,5
534032211,141,77,64,42
534032212,223,133,90,98
534032213,18,14,4,10
534032214,32,29,3,24
534032221,50,30,20,25
534032222,45,24,21,17
534032223,52,29,23,16
534032224,40,23,17,16
534032231,174,84,90,50
534032232,28,16,12,10
534032233,136,68,68,59
534032234,166,91,75,56
534032241,22,12,10,8
534032242,41,20,21,12
534032243,55,28,27,17
534032244,87,42,45,26
534032251,39,35,4,6
534032252,165,80,85,52
534032253,10,5,5,3
534032254,67,35,32,22
534032261,12,6,6,7
534032262,95,50,45,31
534032263,10,5,5,4
534032264,0,0,0,0
534032271,99,50,49,31
534032272,29,14,15,7
534032273,0,0,0,0
534032274,49,28,21,14
534032281,32,17,15,12
534032282,0,0,0,0
534032283,0,0,0,0
534032284,0,0,0,0
534032291,0,0,0,0
534032292,0,0,0,0
534032293,31,12,19,9
534032294,11,6,5,4
534032301,5,2,3,2
534032302,19,10,9,7
534032303,46,40,6,1
534032304,53,27,26,19
534032311,27,13,14,13
534032312,54,26,28,14
534032313,33,19,14,12
534032314,32,15,17,9
534032321,29,13,16,10
534032322,9,7,2,7
534032323,10,4,6,4
534032324,43,20,23,15
534032331,33,13,20,10
534032332,117,59,58,33
534032333,98,48,50,35
534032334,111,59,52,38
534032341,246,123,123,35
534032342,55,28,27,17
534032343,78,38,40,33
534032344,53,29,24,16
534032351,29,12,17,9
534032352,33,17,16,13
534032353,0,0,0,0
534032354,96,51,45,37
534032361,8,5,3,4
534032362,0,0,0,0
534032363,17,7,10,5
534032364,25,10,15,8
534032371,0,0,0,0
534032372,20,12,8,7
534032481,1,1,0,1
534032482,64,29,35,24
534032483,30,13,17,7
534032484,132,60,72,48
534032491,104,47,57,36
534032492,36,18,18,13
534032493,109,53,56,41
534032494,196,95,101,65
534032501,0,0,0,0
534032502,66,23,43,9
534032503,0,0,0,0
534032504,0,0,0,0
534032511,19,9,10,7
534032512,135,68,67,45
534032513,12,7,5,3
534032514,31,17,14,12
534032521,54,27,27,19
534032522,137,70,67,49
534032523,139,66,73,50
534032524,304,147,157,94
534032531,292,145,147,85
534032532,315,161,154,103
534032533,133,67,66,37
534032534,41,20,21,17
534032541,826,416,410,258
534032542,261,123,138,103
534032543,50,27,23,13
534032544,270,135,135,87
534032551,141,72,69,53
534032552,275,138,137,96
534032553,535,271,264,201
534032554,327,171,156,111
534032561,291,142,149,95
534032562,9,5,4,2
534032563,77,37,40,26
534032564,14,7,7,5
534032571,71,34,37,23
534032572,43,20,23,14
534032573,12,6,6,3
534032574,2,1,1,1
534032581,117,61,56,41
534032582,268,128,140,103
534032583,167,79,88,53
534032584,233,114,119,84
534032591,159,80,79,55
534032592,325,163,162,111
534032593,495,242,253,180
534032594,957,466,491,361
534032601,80,37,43,27
534032602,140,70,70,51
534032603,70,35,35,23
534032604,71,36,35,24
534032611,49,27,22,18
534032612,29,13,16,9
534032613,104,51,53,33
534032614,32,18,14,11
534032621,51,27,24,15
534032622,62,34,28,19
534032623,174,96,78,58
534032624,109,56,53,36
534032631,109,54,55,39
534032632,129,67,62,46
534032633,180,82,98,53
534032634,231,117,114,80
534032641,273,140,133,90
534032642,368,192,176,139
534032643,144,72,72,54
534032644,35,17,18,11
534032651,313,158,155,101
534032652,122,63,59,40
534032653,758,385,373,250
534032654,192,95,97,68
534032661,28,14,14,11
534032662,19,11,8,8
534032663,38,22,16,13
534032664,49,26,23,21
534032671,124,60,64,39
534032672,38,19,19,13
534032673,49,24,25,19
534032674,171,86,85,63
534032681,147,57,90,32
534032682,924,471,453,327
534032683,284,138,146,98
534032684,231,110,121,77
534032691,106,51,55,33
534032692,20,11,9,9
534032693,36,17,19,14
534032694,12,7,5,3
534032701,2,1,1,1
534032702,0,0,0,0
534032703,65,34,31,24
534032704,25,13,12,10
534032711,43,22,21,15
534032712,62,36,26,22
534032713,83,42,41,21
534032714,61,31,30,19
534032721,486,248,238,158
534032722,899,468,431,329
534032723,36,18,18,12
534032724,490,252,238,172
534032731,118,62,56,44
534032732,239,112,127,78
534032733,321,168,153,118
534032734,242,120,122,81
534032741,226,113,113,76
534032742,252,126,126,88
534032743,338,158,180,120
534032744,287,157,130,109
534032751,291,145,146,105
534032752,197,98,99,64
534032753,350,172,178,132
534032754,56,29,27,25
534032761,129,69,60,58
534032762,145,75,70,53
534032763,128,73,55,49
534032764,50,26,24,17
534032771,54,31,23,20
534032772,64,37,27,20
534032773,96,51,45,28
534032774,46,22,24,16
534032781,118,62,56,36
534032782,39,22,17,11
534032783,220,75,145,46
534032784,2,1,1,1
534032791,104,51,53,32
534032792,189,97,92,60
534032793,145,67,78,47
534032794,206,111,95,72
534032801,23,12,11,8
534032802,41,24,17,16
534032803,0,0,0,0
534032804,29,16,13,9
534032811,54,28,26,20
534032812,86,44,42,33
534032813,30,14,16,6
534032814,35,23,12,16
534032821,38,20,18,10
534032822,257,132,125,87
534032823,29,15,14,12
534032824,229,114,115,72
534032831,541,269,272,184
534032832,542,259,283,197
534032833,342,160,182,109
534032834,183,91,92,62
534032841,109,51,58,43
534032842,573,280,293,193
534032843,233,120,113,92
534032844,1047,517,530,430
534032851,376,194,182,132
534032852,355,171,184,122
534032853,691,322,369,268
534032854,833,408,425,345
534032861,476,250,226,191
534032862,278,144,134,83
534032863,537,262,275,217
534032864,90,46,44,34
534032871,65,29,36,24
534032872,16,9,7,4
534032873,186,88,98,71
534032874,0,0,0,0
534032881,164,91,73,60
534032882,293,143,150,98
534032883,95,43,52,35
534032884,204,103,101,77
534032891,159,74,85,54
534032892,259,132,127,96
534032893,285,145,140,102
534032894,129,65,64,43
534032901,0,0,0,0
534032902,33,17,16,9
534032903,64,33,31,27
534032904,52,23,29,12
534032911,102,54,48,35
534032912,188,86,102,59
534032913,40,26,14,11
534032914,83,46,37,34
534032921,288,142,146,101
534032922,510,249,261,196
534032923,333,170,163,107
534032924,408,200,208,134
534032931,210,102,108,85
534032932,310,152,158,98
534032933,60,31,29,23
534032934,104,60,44,45
534032941,386,190,196,147
534032942,738,375,363,300
534032943,1041,529,512,401
534032944,373,182,191,148
534032951,942,420,522,365
534032952,924,448,476,378
534032953,373,175,198,146
534032954,1348,631,717,496
534032961,650,330,320,270
534032962,198,106,92,75
534032963,774,371,403,274
534032964,659,333,326,252
534032971,265,135,130,92
534032972,292,156,136,112
534032973,339,175,164,122
534032974,75,37,38,23
534032981,71,38,33,23
534032982,159,79,80,48
534032983,95,54,41,16
534032984,74,39,35,25
534032991,142,77,65,50
534032992,39,24,15,12
534032993,181,92,89,56
534032994,56,30,26,17
534033001,285,145,140,114
534033002,370,182,188,185
534033003,102,82,20,1
534033004,261,154,107,152
534033011,9,3,6,6
534033012,118,57,61,64
534033013,138,65,73,54
534033014,34,19,15,12
534033021,136,68,68,68
534033022,157,74,83,61
534033023,29,14,15,9
534033024,76,37,39,28
534033031,0,0,0,0
534033032,229,110,119,75
534033033,20,10,10,4
534033034,28,14,14,8
534033041,42,20,22,15
534033042,485,234,251,205
534033043,132,71,61,45
534033044,100,48,52,37
534033051,43,22,21,14
534033052,268,138,130,92
534033053,50,25,25,19
534033054,155,71,84,54
534033061,122,60,62,37
534033062,2,0,2,2
534033063,158,71,87,55
534033064,66,35,31,19
534033071,75,41,34,24
534033072,186,101,85,62
534033073,228,104,124,72
534033074,182,84,98,53
534033081,66,33,33,29
534033082,14,7,7,4
534033083,172,83,89,53
534033084,66,34,32,20
534033091,19,8,11,4
534033092,260,125,135,85
534033093,0,0,0,0
534033094,133,65,68,48
534033101,181,95,86,68
534033102,140,60,80,47
534033103,149,54,95,36
534033104,105,52,53,35
534033111,341,162,179,129
534033112,65,33,32,25
534033113,139,68,71,56
534033114,563,282,281,207
534033121,10,5,5,4
534033122,41,22,19,14
534033123,415,207,208,174
534033124,118,55,63,38
534033131,87,43,44,32
534033132,0,0,0,0
534033133,377,187,190,123
534033134,176,86,90,59
534033141,137,66,71,42
534033142,175,77,98,64
534033143,4,3,1,2
534033144,139,65,74,40
534033151,112,54,58,30
534033152,52,25,27,15
534033153,295,159,136,90
534033154,182,90,92,72
534033161,65,28,37,18
534033162,8,4,4,3
534033163,99,52,47,37
534033164,223,113,110,59
534033171,10,5,5,3
534033172,8,5,3,3
534033173,52,27,25,23
534033174,28,14,14,11
534033181,37,20,17,10
534033182,200,87,113,51
534033183,4,2,2,2
534033184,237,102,135,60
534033191,12,3,9,4
534033192,0,0,0,0
534033193,177,81,96,54
534033194,87,43,44,26
534033201,18,9,9,3
534033202,42,18,24,13
534033203,0,0,0,0
534033204,81,39,42,26
534033211,12,9,3,5
534033212,382,186,196,156
534033213,102,55,47,33
534033214,66,30,36,27
534033221,662,331,331,266
534033222,623,317,306,252
534033223,251,130,121,106
534033224,576,281,295,217
534033231,484,244,240,235
534033232,104,55,49,43
534033233,894,437,457,400
534033234,0,0,0,0
534033241,0,0,0,0
534033242,76,32,44,17
534033243,0,0,0,0
534033244,12,6,6,4
534033251,262,132,130,88
534033252,300,149,151,108
534033253,174,80,94,49
534033254,209,105,104,71
534033261,20,10,10,9
534033262,129,60,69,47
534033263,81,34,47,24
534033264,96,45,51,31
534033271,92,50,42,28
534033272,149,76,73,49
534033273,70,39,31,31
534033274,85,37,48,25
534033281,141,73,68,43
534033282,41,18,23,16
534033283,6,3,3,2
534033284,46,24,22,15
534033291,44,23,21,15
534033292,188,102,86,55
534033293,0,0,0,0
534033294,242,120,122,74
534033301,77,36,41,29
534033302,64,38,26,26
534033303,49,25,24,12
534033304,85,46,39,20
534033311,63,28,35,19
534033312,44,23,21,12
534033313,22,12,10,7
534033314,58,29,29,17
534034301,129,66,63,43
534034302,68,34,34,20
534034303,69,32,37,20
534034304,111,52,59,40
534034311,20,11,9,6
534034312,92,45,47,47
534034313,26,14,12,8
534034314,2,1,1,1
534034321,120,57,63,38
534034322,0,0,0,0
534034323,175,84,91,49
534034324,54,25,29,19
534034331,0,0,0,0
534034333,3,2,1,1
534034334,0,0,0,0
534034401,90,39,51,35
534034402,205,104,101,63
534034403,38,18,20,13
534034404,83,39,44,28
534034411,110,53,57,34
534034412,13,7,6,7
534034413,71,37,34,23
534034414,85,38,47,30
534034421,45,21,24,16
534034422,104,53,51,37
534034423,16,9,7,7
534034424,90,46,44,31
534034431,261,123,138,82
534034432,0,0,0,0
534034433,206,101,105,46
534034434,185,83,102,59
534034443,0,0,0,0
534033321,226,118,108,76
534033322,151,65,86,55
534033323,14,7,7,5
534033324,58,27,31,19
534033331,576,275,301,228
534033332,204,90,114,71
534033333,90,44,46,37
534033334,42,19,23,15
534033341,167,76,91,56
534033342,102,52,50,34
534033343,273,130,143,84
534033344,62,31,31,18
534033351,0,0,0,0
534033352,157,77,80,57
534033353,0,0,0,0
534033354,31,13,18,6
534033361,80,37,43,23
534033362,189,94,95,60
534033363,85,42,43,26
534033364,115,61,54,46
534033371,67,31,36,23
534033372,168,83,85,51
534033373,135,68,67,46
534033374,57,28,29,17
534033381,45,23,22,17
534033382,0,0,0,0
534033383,112,53,59,30
534033384,101,47,54,33
534033391,54,27,27,14
534033392,95,51,44,32
534033393,8,3,5,3
534033394,4,2,2,1
534033401,23,12,11,9
534033402,0,0,0,0
534033403,27,13,14,8
534033404,1,1,0,1
534033411,0,0,0,0
534033412,0,0,0,0
534033413,0,0,0,0
534033414,24,10,14,8
534033421,44,20,24,16
534033422,46,20,26,12
534033423,62,27,35,21
534033424,38,18,20,13
534033431,81,37,44,25
534033432,0,0,0,0
534033433,0,0,0,0
534033434,0,0,0,0
534033441,0,0,0,0
534033442,141,72,69,52
534033443,4,2,2,1
534033444,34,14,20,9
534033451,0,0,0,0
534033452,0,0,0,0
534033453,235,112,123,76
534033454,35,17,18,12
534033461,91,48,43,27
534033462,271,138,133,94
534033463,74,40,34,23
534033464,210,107,103,76
534033471,65,33,32,25
534033472,87,51,36,27
534033473,101,52,49,34
534033474,94,51,43,27
534033481,168,78,90,60
534033482,1,0,1,1
534033483,35,18,17,10
534033484,55,29,26,17
534033491,52,28,24,16
534033492,189,96,93,53
534033493,23,12,11,8
534033494,28,12,16,9
534033501,38,17,21,12
534033502,0,0,0,0
534033503,14,6,8,5
534033504,30,19,11,10
534033511,0,0,0,0
534033512,67,30,37,24
534033513,0,0,0,0
534033514,10,6,4,5
534033521,86,43,43,30
534033522,34,15,19,9
534033523,29,10,19,8
534033524,0,0,0,0
534033531,0,0,0,0
534033532,0,0,0,0
534033533,0,0,0,0
534033534,0,0,0,0
534033541,10,5,5,4
534033542,9,3,6,4
534033543,9,5,4,2
534033544,113,61,52,34
534033551,143,69,74,42
534033552,70,29,41,29
534033553,54,29,25,20
534033554,133,45,88,26
534033561,242,122,120,83
534033562,21,10,11,6
534033563,474,237,237,193
534033564,200,110,90,79
534033571,128,60,68,44
534033572,143,74,69,43
534033573,122,64,58,42
534033574,241,121,120,74
534033581,62,29,33,20
534033582,126,62,64,30
534033583,45,22,23,14
534033584,23,10,13,9
534033591,32,12,20,12
534033592,63,35,28,19
534033593,15,7,8,3
534033594,89,43,46,28
534033601,4,1,3,2
534033602,0,0,0,0
534033603,60,31,29,19
534033604,0,0,0,0
534033611,2,1,1,1
534033612,67,32,35,16
534033613,102,52,50,38
534033614,47,22,25,17
534033621,41,20,21,12
534033622,44,25,19,16
534033623,75,41,34,22
534033624,0,0,0,0
534033631,0,0,0,0
534033632,0,0,0,0
534033633,52,23,29,15
534033634,17,8,9,4
534033641,19,7,12,8
534033642,16,8,8,4
534033643,40,19,21,16
534033644,44,22,22,13
534033651,0,0,0,0
534033652,0,0,0,0
534033653,3,1,2,1
534033654,0,0,0,0
534033661,466,208,258,169
534033662,278,132,146,110
534033663,130,67,63,43
534033664,405,201,204,141
534033671,138,67,71,49
534033672,71,37,34,21
534033673,166,83,83,68
534033674,35,20,15,17
534033681,25,11,14,11
534033682,152,69,83,53
534033683,61,30,31,20
534033684,21,10,11,5
534033691,14,6,8,6
534033692,48,21,27,22
534033693,294,142,152,100
534033694,148,73,75,53
534033701,549,257,292,166
534033702,83,38,45,34
534033703,4,2,2,2
534033704,0,0,0,0
534033711,62,30,32,16
534033712,86,42,44,27
534033713,39,20,19,17
534033714,27,13,14,12
534033721,17,8,9,5
534033722,0,0,0,0
534033723,28,12,16,10
534033724,17,6,11,6
534033731,16,8,8,5
534033732,11,4,7,4
534033733,0,0,0,0
534033734,0,0,0,0
534033741,32,9,23,10
534033742,19,9,10,6
534033743,0,0,0,0
534033744,61,23,38,20
534033751,111,56,55,34
534033752,49,26,23,18
534033753,44,22,22,12
534033754,87,41,46,30
534033761,133,67,66,53
534033762,285,141,144,114
534033763,14,8,6,5
534033764,48,23,25,16
534033771,65,35,30,27
534033772,74,37,37,23
534033773,170,84,86,61
534033774,13,7,6,5
534033781,63,29,34,23
534033782,149,69,80,49
534033783,66,31,35,22
534033784,220,117,103,72
534033791,89,48,41,28
534033792,464,223,241,168
534033793,160,77,83,44
534033794,92,47,45,35
534033801,246,121,125,73
534033802,111,52,59,37
534033803,166,77,89,52
534033804,102,49,53,30
534033811,46,28,18,17
534033812,25,12,13,8
534033813,81,46,35,25
534033814,13,6,7,3
534033821,10,5,5,2
534033822,18,9,9,4
534033823,28,14,14,13
534033824,18,12,6,8
534033831,0,0,0,0
534033832,0,0,0,0
534033833,9,4,5,3
534033834,7,3,4,2
534033841,67,36,31,22
534033842,179,87,92,59
534033843,77,39,38,23
534033844,55,25,30,12
534033851,37,19,18,15
534033852,21,9,12,7
534033853,58,30,28,17
534033854,17,6,11,6
534033861,62,30,32,20
534033862,45,22,23,17
534033863,77,37,40,21
534033864,133,67,66,40
534033871,150,78,72,48
534033872,80,38,42,27
534033873,0,0,0,0
534033874,333,180,153,124
534033881,207,103,104,68
534033882,454,236,218,150
534033883,551,257,294,213
534033884,326,157,169,121
534033891,93,49,44,37
534033892,282,136,146,93
534033893,258,122,136,89
534033894,597,276,321,244
534033901,103,55,48,35
534033902,119,61,58,32
534033903,89,39,50,26
534033904,45,24,21,13
534033911,50,25,25,18
534033912,16,9,7,5
534033913,44,18,26,11
534033914,3,1,2,2
534033921,12,7,5,4
534033922,0,0,0,0
534033923,44,23,21,15
534033924,84,41,43,25
534033931,0,0,0,0
534033932,7,3,4,3
534033933,3,2,1,1
534033934,20,11,9,6
534033941,62,31,31,19
534033942,10,5,5,3
534033943,48,23,25,13
534033944,0,0,0,0
534033951,6,3,3,2
534033952,0,0,0,0
534033953,12,5,7,5
534033954,21,11,10,7
534033961,0,0,0,0
534033962,82,37,45,27
534033963,0,0,0,0
534033964,164,85,79,47
534033971,0,0,0,0
534033972,22,10,12,5
534033973,71,37,34,18
534033974,49,22,27,13
534033981,536,251,285,163
534033982,285,128,157,99
534033983,6,2,4,2
534033984,336,162,174,133
534033991,518,248,270,195
534033992,674,321,353,302
534033993,325,158,167,121
534033994,294,144,150,110
534034001,21,11,10,7
534034002,0,0,0,0
534034003,147,73,74,45
534034004,0,0,0,0
534034101,205,101,104,59
534034102,100,42,58,27
534034103,6,3,3,2
534034104,284,143,141,97
534034111,0,0,0,0
534034113,31,17,14,10
534034114,0,0,0,0
534034201,46,24,22,17
534034202,129,64,65,39
534034203,183,93,90,59
534034204,32,15,17,10
534034211,500,244,256,160
534034212,5,3,2,3
534034213,178,90,88,54
534034214,375,186,189,108
534034221,0,0,0,0
534034223,0,0,0,0
534034224,0,0,0,0
534034501,27,13,14,9
534034502,61,29,32,19
534034503,244,130,114,72
534034504,170,85,85,45
534034511,106,51,55,30
534034512,75,37,38,28
534034513,38,19,19,14
534034514,68,31,37,23
534034521,158,80,78,53
534034522,81,36,45,29
534034523,176,84,92,55
534034524,91,38,53,27
534034531,173,87,86,50
534034532,111,59,52,32
534034533,24,11,13,6
534034534,129,61,68,29
534034541,144,70,74,36
534034542,0,0,0,0
534034543,62,28,34,30
534034544,135,70,65,42
534034553,0,0,0,0
534034601,95,49,46,43
534034602,85,48,37,31
534034603,135,64,71,57
534034604,76,37,39,33
534034611,55,29,26,19
534034612,191,100,91,72
534034613,109,62,47,46
534034614,110,53,57,41
534034621,141,64,77,48
534034622,66,30,36,16
534034623,6,4,2,2
534034624,53,26,27,15
534034631,84,43,41,29
534034632,105,43,62,32
534034633,32,14,18,9
534034634,125,61,64,39
534034641,17,6,11,4
534034642,198,81,117,46
534034643,70,35,35,19
534034644,53,27,26,16
534034651,369,189,180,115
534034652,2,1,1,1
534034653,308,151,157,98
534034654,297,138,159,90
534034663,0,0,0,0
534034701,112,58,54,42
534034702,29,12,17,8
534034703,237,108,129,88
534034704,116,59,57,45
534034711,167,78,89,65
534034712,136,67,69,41
534034713,321,157,164,144
534034714,77,37,40,24
534034721,51,24,27,15
534034722,19,7,12,8
534034723,98,47,51,25
534034724,140,66,74,38
534034731,0,0,0,0
534034732,126,53,73,32
534034733,0,0,0,0
534034734,45,22,23,11
534034741,83,45,38,21
534034742,12,8,4,3
534034743,140,66,74,41
534034744,58,29,29,16
534034751,56,31,25,18
534034752,339,191,148,65
534034753,138,63,75,44
534034754,117,54,63,31
534034761,250,130,120,84
534034762,8,3,5,3
534034763,316,163,153,102
534034764,235,118,117,65
534034773,0,0,0,0
534034801,311,159,152,127
534034802,242,118,124,72
534034803,346,146,200,104
534034804,427,209,218,144
534034811,28,12,16,8
534034812,17,8,9,4
534034813,208,99,109,56
534034814,18,10,8,4
534034821,19,8,11,6
534034822,39,20,19,12
534034823,0,0,0,0
534034824,38,21,17,9
534034831,207,109,98,53
534034832,133,63,70,38
534034833,0,0,0,0
534034834,113,65,48,30
534034841,184,93,91,50
534034842,203,104,99,57
534034843,141,73,68,47
534034844,92,44,48,32
534034851,101,54,47,36
534034852,28,14,14,10
534034853,164,85,79,48
534034854,83,42,41,29
534034861,137,65,72,46
534034862,241,119,122,67
534034863,39,19,20,19
534034864,92,49,43,29
534034871,200,93,107,59
534034872,0,0,0,0
534034873,240,119,121,75
534034874,103,46,57,41
534034883,0,0,0,0
534034901,302,143,159,103
534034902,256,127,129,87
534034903,408,203,205,149
534034904,53,24,29,16
534034911,71,35,36,18
534034912,79,39,40,29
534034913,60,34,26,22
534034914,20,8,12,9
534034921,66,35,31,19
534034922,4,2,2,1
534034923,131,66,65,36
534034924,11,6,5,4
534034931,0,0,0,0
534034932,79,43,36,34
534034933,2,1,1,1
534034934,14,6,8,5
534034941,41,22,19,14
534034942,118,55,63,32
534034943,34,19,15,9
534034944,22,11,11,7
534034951,124,56,68,33
534034952,67,35,32,16
534034953,142,69,73,42
534034954,159,81,78,47
534034961,0,0,0,0
534034962,59,28,31,17
534034963,104,52,52,36
534034964,76,16,60,3
534034971,53,29,24,18
534034972,186,91,95,59
534034973,2,1,1,1
534034974,72,35,37,21
534034981,90,35,55,29
534034982,0,0,0,0
534034983,158,79,79,47
534034984,12,5,7,3
534034993,0,0,0,0
534040001,2,1,1,1
534040002,49,30,19,24
534040003,23,10,13,11
534040004,1613,800,813,608
534040011,1480,665,815,436
534040012,2699,1284,1415,1031
534040013,3866,1846,2020,1528
534040014,3346,1637,1709,1570
534040021,2354,1131,1223,828
534040022,2073,1078,995,945
534040023,1937,958,979,810
534040024,720,370,350,299
534040031,3618,1913,1705,1830
534040032,3324,1699,1625,1412
534040033,2789,1445,1344,1349
534040034,3734,1911,1823,1758
534040041,952,488,464,450
534040042,1280,642,638,501
534040043,646,353,293,285
534040044,70,21,49,1
534040051,278,147,131,97
534040052,390,204,186,140
534040053,159,72,87,59
534040054,221,119,102,73
534040061,653,317,336,233
534040062,178,88,90,75
534040063,154,88,66,68
534040064,207,105,102,83
534040071,658,319,339,258
534040072,1741,867,874,713
534040073,93,42,51,27
534040074,173,92,81,60
534040081,179,93,86,62
534040082,334,175,159,129
534040083,213,124,89,109
534040084,295,153,142,104
534040091,530,280,250,244
534040092,146,72,74,60
534040093,580,258,322,150
534040094,104,54,50,41
534040101,0,0,0,0
534040102,1399,695,704,504
534040103,1928,947,981,791
534040104,6316,3113,3203,2449
534040111,3512,1706,1806,1539
534040112,4014,1987,2027,1854
534040113,2641,1357,1284,1159
534040114,3096,1553,1543,1472
534040121,2197,1132,1065,958
534040122,2108,1088,1020,802
534040123,2345,1179,1166,1100
534040124,2029,994,1035,807
534040131,2977,1544,1433,1422
534040132,3815,1953,1862,1710
534040133,3266,1690,1576,1392
534040134,2969,1516,1453,1278
534040141,1975,877,1098,694
534040142,159,80,79,63
534040143,2191,1084,1107,840
534040144,2289,1169,1120,891
534040151,400,209,191,158
534040152,1436,705,731,513
534040153,520,268,252,225
534040154,1906,944,962,749
534040161,155,74,81,53
534040162,122,60,62,48
534040163,1294,656,638,477
534040164,513,258,255,212
534040171,203,93,110,69
534040172,50,31,19,42
534040173,104,55,49,32
534040174,753,331,422,227
534040181,656,349,307,292
534040182,1317,669,648,505
534040183,617,327,290,283
534040184,628,334,294,252
534040191,695,369,326,294
534040192,49,34,15,30
534040193,1053,705,348,327
534040194,1466,735,731,589
534040201,4306,2060,2246,1838
534040202,2961,1461,1500,1336
534040203,2687,1306,1381,1118
534040204,2834,1422,1412,1104
534040211,2384,1243,1141,1105
534040212,3724,1925,1799,1817
534040213,2024,1055,969,997
534040214,1318,651,667,586
534040221,3946,2011,1935,1798
534040222,992,513,479,374
534040223,2889,1563,1326,1612
534040224,2015,1094,921,840
534040231,3804,1920,1884,1596
534040232,2733,1375,1358,1346
534040233,2699,1373,1326,1124
534040234,4235,2225,2010,1860
534040241,3499,1801,1698,1556
534040242,3500,1767,1733,1265
534040243,4067,2171,1896,2053
534040244,2643,1372,1271,1036
534040251,1648,886,762,804
534040252,1050,552,498,479
534040253,2829,1468,1361,1213
534040254,2453,1271,1182,1178
534040363,2711,1310,1401,1041
534040364,2418,1172,1246,1119
534040371,2650,1361,1289,989
534040372,3138,1519,1619,1343
534040373,2899,1384,1515,1340
534040374,1060,523,537,454
534040381,178,91,87,59
534040382,99,50,49,32
534040383,263,103,160,65
534040384,305,149,156,114
534040391,1402,684,718,550
534040392,264,126,138,99
534040393,1681,837,844,627
534040394,110,53,57,33
534040401,3328,1625,1703,1724
534040402,3512,1862,1650,1709
534040403,845,420,425,350
534040404,2151,1134,1017,967
534040411,2964,1553,1411,1215
534040412,3859,1929,1930,1726
534040413,3606,1812,1794,1367
534040414,3533,1748,1785,1308
534040421,3324,1686,1638,1529
534040422,3123,1587,1536,1306
534040423,3171,1600,1571,1333
534040424,3080,1536,1544,1265
534040431,2862,1425,1437,1107
534040432,3219,1586,1633,1262
534040433,3636,1820,1816,1515
534040434,3549,1766,1783,1285
534040441,2457,1264,1193,1006
534040442,1222,623,599,455
534040443,2130,1303,827,620
534040444,893,482,411,411
534040451,534,284,250,209
534040452,106,50,56,35
534040453,4,2,2,2
534040454,73,72,1,72
534040461,2235,1136,1099,934
534040462,2626,1297,1329,1132
534040463,1457,734,723,603
534040464,593,291,302,224
534040471,2381,1080,1301,1208
534040472,2881,1395,1486,1327
534040473,2848,1404,1444,1327
534040474,2252,1081,1171,929
534040481,697,341,356,276
534040482,58,28,30,16
534040483,3290,1617,1673,1277
534040484,253,128,125,113
534040491,493,221,272,162
534040492,138,65,73,42
534040493,231,111,120,84
534040494,102,52,50,36
534040501,280,162,118,148
534040502,695,309,386,210
534040503,68,37,31,19
534040504,57,27,30,21
534040511,515,257,258,190
534040512,1413,684,729,530
534040513,2616,1286,1330,1064
534040514,841,421,420,375
534040521,2812,1427,1385,1045
534040522,3938,1952,1986,1640
534040523,3033,1509,1524,1144
534040524,3442,1708,1734,1337
534040531,3769,1880,1889,1617
534040532,2509,1259,1250,1013
534040533,3864,1918,1946,1593
534040534,3911,1921,1990,1718
534040541,1744,1085,659,586
534040542,989,486,503,399
534040543,3392,1755,1637,1437
534040544,1434,766,668,624
534040551,0,0,0,0
534040552,0,0,0,0
534040553,161,83,78,51
534040554,524,257,267,214
534040561,18,8,10,9
534040562,269,117,152,97
534040563,1511,726,785,580
534040564,2303,1172,1131,852
534040571,2454,1300,1154,1066
534040572,2828,1413,1415,1096
534040573,1793,894,899,669
534040574,2209,1100,1109,831
534040581,2716,1343,1373,1170
534040582,1987,970,1017,883
534040583,2422,1188,1234,979
534040584,2351,1167,1184,994
534040591,1620,802,818,667
534040592,2278,1124,1154,932
534040593,1393,696,697,550
534040594,1903,934,969,892
534040601,75,37,38,20
534040602,241,111,130,67
534040603,17,7,10,6
534040604,318,162,156,91
534040611,2394,1180,1214,1180
534040612,3338,1663,1675,1356
534040613,569,292,277,226
534040614,2665,1347,1318,985
534040621,2653,1265,1388,948
534040622,2583,1294,1289,966
534040623,3375,1676,1699,1324
534040624,3207,1614,1593,1349
534040631,3573,1771,1802,1534
534040632,5535,2714,2821,2347
534040633,3325,1626,1699,1545
534040634,2577,1208,1369,1209
534040641,3026,1523,1503,1164
534040642,2988,1583,1405,1334
534040643,3366,1678,1688,1653
534040644,895,459,436,392
534040651,1922,976,946,716
534040652,2572,1273,1299,1144
534040653,2302,1125,1177,863
534040654,2466,1239,1227,899
534040661,4698,2274,2424,2166
534040662,1863,939,924,705
534040663,2657,1291,1366,1070
534040664,1793,917,876,624
534040671,1777,903,874,635
534040672,1438,716,722,500
534040673,1796,916,880,621
534040674,1414,696,718,544
534040681,2246,1144,1102,876
534040682,2023,1029,994,800
534040683,2009,1020,989,820
534040684,1879,943,936,684
534040691,1652,814,838,664
534040692,2765,1399,1366,1076
534040693,1760,876,884,677
534040694,2713,1307,1406,1089
534040701,126,61,65,47
534040702,119,68,51,53
534040703,560,276,284,216
534040704,881,453,428,354
534040711,2561,1214,1347,1077
534040712,2626,1289,1337,959
534040713,3343,1669,1674,1339
534040714,2958,1433,1525,1135
534040721,3481,1672,1809,1416
534040722,3471,1754,1717,1514
534040723,3079,1494,1585,1408
534040724,2600,1224,1376,1226
534040731,3375,1664,1711,1438
534040732,3172,1650,1522,1494
534040733,2173,1047,1126,1055
534040734,2938,1458,1480,1185
534040741,2200,1133,1067,1034
534040742,1194,665,529,634
534040743,2200,1124,1076,958
534040744,1237,611,626,449
534040751,1783,935,848,673
534040752,1546,773,773,628
534040753,1488,737,751,465
534040754,2099,969,1130,858
534040761,4327,2150,2177,1462
534040762,3589,1777,1812,1302
534040763,2612,1262,1350,932
534040764,1308,639,669,474
534040771,3103,1488,1615,1048
534040772,3225,1590,1635,1159
534040773,2536,1302,1234,872
534040774,1527,725,802,567
534040781,3944,1838,2106,1660
534040782,899,472,427,384
534040783,4501,2226,2275,1743
534040784,984,498,486,353
534040791,647,319,328,238
534040792,3314,1694,1620,1644
534040793,317,161,156,104
534040794,3562,1774,1788,1643
534040801,539,269,270,204
534040802,1714,829,885,784
534040803,336,167,169,115
534040804,419,206,213,195
534040811,2452,1210,1242,1115
534040812,1935,933,1002,753
534040813,2250,1127,1123,859
534040814,1720,856,864,652
534040821,1297,618,679,552
534040822,1655,781,874,712
534040823,2217,1086,1131,973
534040824,1358,671,687,528
534040831,2923,1424,1499,1219
534040832,3184,1538,1646,1228
534040833,1099,557,542,401
534040834,2620,1323,1297,1009
534040841,2646,1291,1355,1003
534040842,509,245,264,177
534040843,1219,568,651,374
534040844,88,42,46,21
534040851,117,62,55,35
534040852,29,14,15,9
534040853,96,49,47,37
534040854,7,4,3,2
534040861,19,9,10,8
534040862,22,9,13,17
534040863,193,95,98,59
534040864,91,44,47,38
534040871,91,44,47,30
534040872,278,145,133,79
534040873,0,0,0,0
534040874,216,114,102,65
534040881,1681,852,829,566
534040882,780,386,394,276
534040883,918,452,466,328
534040884,483,236,247,174
534040891,133,68,65,35
534040892,969,464,505,409
534040893,122,65,57,31
534040894,97,52,45,31
534040901,1520,760,760,605
534040902,1494,758,736,559
534040903,2634,1304,1330,1003
534040904,1580,797,783,564
534040911,729,375,354,246
534040912,799,406,393,286
534040913,878,447,431,311
534040914,1439,732,707,459
534040921,922,466,456,322
534040922,2580,1252,1328,997
534040923,1252,640,612,479
534040924,1331,627,704,431
534040931,2299,1110,1189,882
534040932,1033,520,513,398
534040933,2121,1038,1083,804
534040934,1155,565,590,423
534040941,166,57,109,26
534040942,152,46,106,28
534040943,201,70,131,24
534040944,228,116,112,73
534040951,0,0,0,0
534040952,19,10,9,7
534040953,38,16,22,11
534040954,114,57,57,32
534040961,86,38,48,28
534040962,195,96,99,73
534040963,32,18,14,14
534040964,160,82,78,50
534040971,175,90,85,51
534040972,35,19,16,8
534040973,49,28,21,14
534040974,44,18,26,13
534040981,19,11,8,8
534040982,190,104,86,69
534040983,145,82,63,61
534040984,37,23,14,13
534040991,90,46,44,26
534040992,184,77,107,48
534040993,208,102,106,83
534040994,247,126,121,66
534041001,201,79,122,61
534041002,741,362,379,286
534041003,104,46,58,46
534041004,190,86,104,37
534041011,591,196,395,132
534041012,851,439,412,341
534041013,84,44,40,30
534041014,107,53,54,39
534041021,1723,850,873,645
534041022,2624,1251,1373,1105
534041023,1809,931,878,693
534041024,2458,1223,1235,997
534041031,1462,699,763,610
534041032,1162,567,595,470
534041033,1603,832,771,678
534041034,1902,960,942,753
534041041,813,378,435,298
534041042,130,69,61,48
534041043,1860,883,977,709
534041044,288,140,148,109
534041051,429,169,260,126
534041052,1090,533,557,404
534041053,100,48,52,32
534041054,453,232,221,163
534041061,490,223,267,163
534041062,3,1,2,2
534041063,1898,947,951,698
534041064,168,79,89,57
534041071,1,1,0,1
534041072,81,38,43,24
534041073,27,14,13,10
534041074,16,8,8,4
534041081,197,99,98,64
534041082,0,0,0,0
534041083,58,29,29,19
534041084,64,29,35,18
534041091,2,1,1,1
534041092,6,3,3,3
534041093,19,11,8,10
534041094,0,0,0,0
534041101,245,114,131,108
534041102,138,77,61,64
534041103,233,157,76,144
534041104,282,94,188,77
534041111,50,26,24,16
534041112,68,31,37,24
534041113,75,39,36,27
534041114,83,35,48,25
534041121,1229,612,617,462
534041122,2194,1086,1108,832
534041123,423,195,228,124
534041124,524,273,251,192
534041131,2446,1224,1222,934
534041132,1739,866,873,672
534041133,1179,581,598,363
534041134,666,340,326,229
534041141,939,439,500,330
534041142,72,34,38,28
534041143,405,199,206,142
534041144,20,11,9,8
534041151,2,1,1,1
534041152,102,56,46,36
534041153,57,24,33,19
534041154,9,6,3,3
534041161,63,31,32,26
534041162,0,0,0,0
534041163,19,12,7,7
534041164,159,75,84,52
534041171,32,12,20,11
534041172,22,12,10,6
534041173,35,20,15,11
534041174,35,17,18,9
534041181,98,48,50,38
534041182,187,91,96,63
534041183,1,1,0,1
534041184,78,39,39,25
534041191,9,6,3,5
534041192,0,0,0,0
534041193,25,13,12,8
534041194,62,31,31,18
534041201,1049,520,529,421
534041202,75,16,59,45
534041203,379,178,201,148
534041204,319,164,155,94
534041211,42,18,24,12
534041212,49,29,20,13
534041213,881,450,431,259
534041214,66,33,33,22
534041221,105,52,53,32
534041222,73,33,40,31
534041223,48,26,22,17
534041224,105,60,45,48
534041231,49,20,29,16
534041232,95,45,50,31
534041233,146,41,105,20
534041234,132,65,67,41
534041241,943,476,467,304
534041242,219,114,105,97
534041243,1819,885,934,644
534041244,1648,825,823,645
534041251,221,116,105,72
534041252,297,147,150,114
534041253,1404,717,687,476
534041254,388,197,191,160
534041261,764,362,402,254
534041262,1298,620,678,418
534041263,420,198,222,150
534041264,103,50,53,32
534041271,1237,608,629,363
534041272,25,13,12,10
534041273,175,89,86,55
534041274,0,0,0,0
534041281,35,17,18,12
534041282,112,61,51,38
534041283,436,241,195,184
534041284,1391,705,686,536
534041291,36,19,17,14
534041292,13,7,6,6
534041293,146,73,73,53
534041294,6,4,2,1
534041301,477,385,92,372
534041302,964,492,472,267
534041303,129,76,53,66
534041304,240,133,107,75
534041311,1278,646,632,363
534041312,61,31,30,23
534041313,290,149,141,109
534041314,333,170,163,119
534041321,228,116,112,81
534041322,157,85,72,62
534041323,219,95,124,46
534041324,74,35,39,25
534041331,48,27,21,16
534041332,55,38,17,32
534041333,11,6,5,3
534041334,2,1,1,1
534041341,960,472,488,386
534041342,1804,890,914,710
534041343,139,70,69,46
534041344,1180,574,606,456
534041351,769,369,400,308
534041352,7,3,4,3
534041353,211,113,98,74
534041354,142,76,66,42
534041361,10,6,4,4
534041362,140,70,70,44
534041363,69,35,34,25
534041364,11,4,7,3
534041371,118,54,64,40
534041372,0,0,0,0
534041373,542,255,287,183
534041374,114,70,44,64
534041381,1108,521,587,435
534041382,1398,694,704,542
534041383,468,239,229,190
534041384,1211,593,618,430
534041391,461,225,236,162
534041392,31,16,15,6
534041393,92,48,44,30
534041394,155,77,78,47
534041401,490,228,262,200
534041402,1441,688,753,530
534041403,1986,957,1029,755
534041404,2301,1115,1186,873
534041411,978,517,461,362
534041412,909,452,457,328
534041413,2110,1049,1061,722
534041414,357,162,195,106
534041421,964,469,495,324
534041422,23,11,12,9
534041423,2503,1230,1273,965
534041424,525,251,274,189
534041431,5,3,2,2
534041432,14,6,8,6
534041433,14,5,9,4
534041434,94,45,49,31
534041441,60,39,21,32
534041442,9,7,2,7
534041443,38,24,14,13
534041444,6,5,1,5
534041451,0,0,0,0
534041452,65,25,40,13
534041453,60,31,29,20
534041454,39,20,19,12
534041461,31,16,15,11
534041462,4,3,1,1
534041463,10,5,5,4
534041464,117,56,61,39
534041471,1310,639,671,438
534041472,0,0,0,0
534041473,767,382,385,236
534041474,2087,1080,1007,852
534041481,991,530,461,436
534041482,1594,816,778,594
534041483,1302,660,642,556
534041484,449,223,226,185
534041491,230,108,122,74
534041492,23,13,10,6
534041493,170,94,76,65
534041494,309,154,155,100
534041501,2678,1259,1419,1122
534041502,3162,1570,1592,1190
534041503,2888,1391,1497,1397
534041504,2803,1400,1403,1133
534041511,1716,835,881,616
534041512,1513,750,763,544
534041513,3004,1359,1645,1278
534041514,2876,1387,1489,1192
534041521,2481,1210,1271,961
534041522,1413,682,731,508
534041523,2200,1095,1105,833
534041524,1084,535,549,401
534041531,108,56,52,37
534041532,0,0,0,0
534041533,300,125,175,124
534041534,0,0,0,0
534041541,16,7,9,4
534041542,269,126,143,85
534041543,150,70,80,49
534041544,1401,665,736,427
534041551,281,145,136,88
534041552,96,45,51,32
534041553,957,474,483,294
534041554,62,29,33,18
534041561,99,53,46,30
534041562,11,6,5,2
534041563,8,3,5,1
534041564,0,0,0,0
534041571,180,89,91,58
534041572,1045,549,496,530
534041573,72,41,31,38
534041574,721,389,332,334
534041581,1202,582,620,520
534041582,442,241,201,207
534041583,1047,535,512,459
534041584,1021,425,596,463
534041591,58,27,31,21
534041592,1819,875,944,609
534041593,596,260,336,293
534041594,861,433,428,279
534041601,2278,1117,1161,935
534041602,2713,1380,1333,1074
534041603,2893,1397,1496,1073
534041604,2525,1287,1238,870
534041611,2995,1449,1546,1176
534041612,3263,1548,1715,1350
534041613,2277,1139,1138,852
534041614,2092,1037,1055,816
534041621,2647,1293,1354,1029
534041622,2517,1197,1320,1015
534041623,2827,1384,1443,1101
534041624,1625,781,844,694
534041631,173,75,98,41
534041632,16,9,7,5
534041633,127,55,72,48
534041634,731,349,382,271
534041641,1615,788,827,534
534041642,1667,821,846,561
534041643,1825,897,928,692
534041644,1503,724,779,572
534041651,834,404,430,281
534041652,179,94,85,66
534041653,1870,909,961,648
534041654,983,478,505,294
534041661,0,0,0,0
534041662,0,0,0,0
534041663,3,2,1,1
534041664,0,0,0,0
534041671,20,10,10,7
534041672,481,245,236,177
534041673,110,53,57,38
534041674,615,300,315,246
534041681,1062,525,537,431
534041682,1186,574,612,465
534041683,1799,909,890,785
534041684,1404,699,705,596
534041691,1449,726,723,602
534041692,1489,676,813,636
534041693,2668,1308,1360,1007
534041694,797,396,401,295
534041701,598,293,305,265
534041702,1626,823,803,547
534041703,200,93,107,95
534041704,350,180,170,122
534041711,1961,965,996,709
534041712,1724,814,910,656
534041713,1145,584,561,436
534041714,1302,639,663,405
534041721,1215,555,660,470
534041722,1524,759,765,595
534041723,1082,518,564,384
534041724,1565,778,787,577
534041731,189,92,97,71
534041732,900,427,473,364
534041733,222,116,106,69
534041734,1152,560,592,443
534041741,1863,897,966,785
534041742,2129,1011,1118,839
534041743,2333,1146,1187,962
534041744,1860,927,933,776
534041751,1244,612,632,420
534041752,197,106,91,61
534041753,1131,541,590,436
534041754,576,282,294,220
534041761,204,99,105,68
534041762,205,102,103,71
534041763,821,411,410,290
534041764,174,89,85,54
534041771,442,203,239,167
534041772,1890,939,951,734
534041773,22,10,12,7
534041774,73,38,35,25
534041781,1571,733,838,760
534041782,390,191,199,170
534041783,1050,525,525,400
534041784,0,0,0,0
534041791,638,306,332,249
534041792,119,56,63,44
534041793,0,0,0,0
534041794,32,17,15,13
534041801,210,73,137,39
534041802,0,0,0,0
534041803,174,80,94,39
534041804,207,97,110,65
534041811,83,37,46,28
534041812,1042,506,536,348
534041813,512,245,267,171
534041814,1287,612,675,462
534041821,363,170,193,133
534041822,1431,685,746,548
534041823,447,229,218,174
534041824,240,108,132,81
534041831,51,26,25,15
534041832,822,391,431,287
534041833,29,12,17,10
534041834,1311,681,630,501
534041841,1541,771,770,563
534041842,1281,651,630,505
534041843,476,219,257,168
534041844,106,52,54,42
534041851,1219,618,601,469
534041852,860,427,433,338
534041853,0,0,0,0
534041854,0,0,0,0
534041861,2166,1080,1086,836
534041862,188,99,89,81
534041863,255,125,130,100
534041864,3,1,2,2
534041871,33,13,20,8
534041872,138,70,68,42
534041873,35,16,19,9
534041874,76,24,52,8
534041881,677,305,372,248
534041882,77,42,35,23
534041883,121,60,61,38
534041884,207,105,102,62
534041891,1,1,0,1
534041892,9,3,6,3
534041893,40,21,19,12
534041894,0,0,0,0
534041901,27,12,15,7
534041902,15,9,6,3
534041903,4,3,1,1
534041904,40,22,18,7
534041911,286,94,192,16
534041912,1527,735,792,543
534041913,420,180,240,20
534041914,63,40,23,31
534041921,259,127,132,94
534041922,20,11,9,6
534041923,130,62,68,41
534041924,51,27,24,12
534041931,5,3,2,1
534041932,637,317,320,235
534041933,0,0,0,0
534041934,0,0,0,0
534041941,484,229,255,172
534041942,0,0,0,0
534041943,0,0,0,0
534041944,0,0,0,0
534041951,0,0,0,0
534041952,0,0,0,0
534041953,0,0,0,0
534041954,0,0,0,0
534041961,41,21,20,12
534041962,92,42,50,27
534041963,36,15,21,14
534041964,0,0,0,0
534041971,20,10,10,6
534041972,16,7,9,3
534041973,0,0,0,0
534041974,59,28,31,18
534041981,22,8,14,8
534041982,16,9,7,4
534041983,52,26,26,17
534041984,6,3,3,2
534041991,5,1,4,2
534041992,0,0,0,0
534041993,0,0,0,0
534041994,89,45,44,24
534042001,3,1,2,1
534042002,19,7,12,5
534042003,28,13,15,6
534042004,20,8,12,5
534042011,45,22,23,11
534042012,117,58,59,34
534042013,28,14,14,12
534042014,96,44,52,31
534042021,43,22,21,13
534042022,149,75,74,47
534042023,31,19,12,9
534042024,244,126,118,78
534042031,493,240,253,177
534042032,276,146,130,94
534042033,136,73,63,62
534042034,685,337,348,235
534042041,1011,510,501,364
534042042,995,504,491,362
534042043,1145,589,556,416
534042044,727,370,357,259
534042051,700,315,385,225
534042052,1234,580,654,467
534042053,635,323,312,189
534042054,709,357,352,257
534042061,856,445,411,275
534042062,203,101,102,71
534042063,535,276,259,189
534042064,304,159,145,112
534042071,171,90,81,56
534042072,115,65,50,46
534042073,390,197,193,153
534042074,115,62,53,38
534042081,44,22,22,16
534042082,77,36,41,23
534042083,31,13,18,10
534042084,371,180,191,113
534042091,199,101,98,65
534042092,135,62,73,46
534042093,185,90,95,60
534042094,67,37,30,26
534042101,11,3,8,4
534042102,20,10,10,7
534042103,20,10,10,5
534042104,6,4,2,2
534042111,66,31,35,19
534042112,31,15,16,10
534042113,32,15,17,7
534042114,5,2,3,4
534042121,32,19,13,8
534042122,321,161,160,110
534042123,48,25,23,19
534042124,1074,511,563,386
534042131,311,154,157,114
534042132,751,374,377,266
534042133,642,321,321,242
534042134,1487,717,770,527
534042141,865,426,439,282
534042142,292,149,143,120
534042143,191,91,100,63
534042144,297,150,147,100
534042151,577,290,287,214
534042152,1008,506,502,373
534042153,513,260,253,193
534042154,382,187,195,130
534042161,256,128,128,93
534042162,490,247,243,163
534042163,253,132,121,97
534042164,202,101,101,50
534042171,753,379,374,273
534042172,91,40,51,30
534042173,51,25,26,17
534042174,101,58,43,30
534042181,175,85,90,58
534042182,172,92,80,63
534042183,186,101,85,67
534042184,122,61,61,34
534042191,192,99,93,66
534042192,102,56,46,30
534042193,10,6,4,2
534042194,49,28,21,23
534042201,58,29,29,21
534042202,4,2,2,3
534042203,67,35,32,18
534042204,53,25,28,21
534042211,61,26,35,15
534042212,17,10,7,5
534042213,33,14,19,9
534042214,7,4,3,3
534042221,52,27,25,17
534042222,504,251,253,203
534042223,32,19,13,9
534042224,57,27,30,27
534042231,316,153,163,133
534042232,563,278,285,193
534042233,281,147,134,107
534042234,329,167,162,114
534042241,512,262,250,173
534042242,620,302,318,215
534042243,611,299,312,188
534042244,91,47,44,34
534042251,590,304,286,205
534042252,409,187,222,113
534042253,532,260,272,173
534042254,531,278,253,159
534042261,36,15,21,7
534042262,70,32,38,22
534042263,42,22,20,15
534042264,80,45,35,24
534042271,22,12,10,8
534042272,75,41,34,28
534042273,51,22,29,18
534042274,100,44,56,31
534042281,33,20,13,10
534042282,8,5,3,3
534042283,150,66,84,39
534042284,63,34,29,15
534042291,0,0,0,0
534042292,45,23,22,9
534042293,48,23,25,15
534042294,41,23,18,11
534042301,35,16,19,9
534042302,47,27,20,13
534042303,94,47,47,31
534042304,70,41,29,19
534042311,75,35,40,25
534042312,3,1,2,1
534042313,59,33,26,28
534042314,31,21,10,16
534042321,4,2,2,1
534042322,8,5,3,2
534042323,100,49,51,26
534042324,6,3,3,1
534042331,702,357,345,275
534042332,434,218,216,146
534042333,610,298,312,207
534042334,86,49,37,30
534042341,397,210,187,120
534042342,256,127,129,86
534042343,374,185,189,134
534042344,130,60,70,37
534042351,116,59,57,34
534042352,60,32,28,19
534042353,149,76,73,41
534042354,73,38,35,22
534042361,67,37,30,21
534042362,75,41,34,24
534042363,84,43,41,32
534042364,2,1,1,1
534042371,141,68,73,41
534042372,17,9,8,6
534042373,59,32,27,11
534042374,102,50,52,28
534042381,38,18,20,11
534042382,93,47,46,17
534042383,15,5,10,4
534042384,50,29,21,11
534042391,96,45,51,22
534042392,31,16,15,8
534042393,22,14,8,9
534042394,15,9,6,4
534042401,57,28,29,20
534042402,46,22,24,13
534042403,54,27,27,16
534042404,40,19,21,12
534042411,289,144,145,114
534042412,175,98,77,68
534042413,66,34,32,30
534042414,99,43,56,38
534042421,69,37,32,28
534042422,27,15,12,8
534042423,0,0,0,0
534042424,15,8,7,5
534042431,39,19,20,13
534042432,29,14,15,12
534042433,113,58,55,42
534042434,168,85,83,51
534042441,99,48,51,32
534042442,105,47,58,39
534042443,85,36,49,24
534042444,495,248,247,180
534042451,68,44,24,31
534042452,47,23,24,13
534042453,59,37,22,25
534042454,315,130,185,15
534042461,36,20,16,16
534042462,37,16,21,11
534042463,96,53,43,38
534042464,88,39,49,32
534042471,73,29,44,16
534042472,32,16,16,9
534042473,70,33,37,17
534042474,51,23,28,12
534042481,124,58,66,38
534042482,16,10,6,7
534042483,42,24,18,11
534042484,74,36,38,22
534042491,46,27,19,16
534042492,236,122,114,81
534042493,75,43,32,23
534042494,133,64,69,52
534042501,589,285,304,188
534042502,26,14,12,14
534042503,375,166,209,109
534042504,175,78,97,69
534042511,0,0,0,0
534042512,63,31,32,26
534042513,187,94,93,81
534042514,29,19,10,11
534042521,14,7,7,5
534042522,51,25,26,14
534042523,67,35,32,22
534042524,9,6,3,3
534042531,14,7,7,7
534042532,177,81,96,48
534042533,32,14,18,12
534042534,0,0,0,0
534042541,115,59,56,38
534042542,299,147,152,111
534042543,26,10,16,9
534042544,6,3,3,3
534042551,301,150,151,103
534042552,0,0,0,0
534042553,196,116,80,54
534042554,0,0,0,0
534042561,48,27,21,19
534042562,35,18,17,14
534042563,70,33,37,20
534042564,21,11,10,6
534042571,1,1,0,1
534042572,46,23,23,14
534042573,38,19,19,10
534042574,7,3,4,3
534042581,119,58,61,46
534042582,86,39,47,26
534042583,459,241,218,189
534042584,43,19,24,13
534042591,182,93,89,63
534042592,54,21,33,15
534042593,496,253,243,176
534042594,114,60,54,37
534042601,441,217,224,161
534042602,958,484,474,341
534042603,355,178,177,137
534042604,412,206,206,161
534042611,253,132,121,90
534042612,19,13,6,10
534042613,438,222,216,165
534042614,1277,646,631,540
534042621,89,44,45,29
534042622,75,38,37,19
534042623,1140,561,579,363
534042624,64,32,32,17
534042631,45,22,23,16
534042632,15,8,7,6
534042633,20,10,10,7
534042634,39,19,20,11
534042641,30,13,17,14
534042642,34,15,19,11
534042643,66,34,32,27
534042644,130,70,60,43
534042651,103,59,44,35
534042652,67,35,32,17
534042653,192,92,100,69
534042654,35,19,16,12
534042661,107,56,51,33
534042662,89,46,43,35
534042663,139,66,73,53
534042664,369,183,186,150
534042671,594,257,337,195
534042672,62,31,31,17
534042673,782,379,403,276
534042674,435,213,222,149
534042681,464,284,180,229
534042682,404,202,202,148
534042683,64,34,30,21
534042684,324,168,156,128
534042691,217,116,101,73
534042692,81,42,39,25
534042693,79,33,46,19
534042694,143,63,80,13
534042701,214,102,112,75
534042702,52,27,25,15
534042703,267,133,134,75
534042704,22,12,10,8
534042711,649,306,343,261
534042712,1877,941,936,743
534042713,219,110,109,88
534042714,2309,1075,1234,985
534042721,2444,1230,1214,900
534042722,394,198,196,121
534042723,1528,793,735,745
534042724,381,198,183,150
534042731,8,5,3,2
534042732,239,107,132,90
534042733,57,27,30,19
534042734,306,163,143,123
534042741,251,127,124,92
534042742,132,71,61,49
534042743,54,29,25,14
534042744,486,240,246,182
534042751,213,103,110,86
534042752,251,120,131,90
534042753,479,243,236,199
534042754,152,79,73,67
534042761,313,157,156,130
534042762,643,290,353,191
534042763,381,202,179,150
534042764,1157,574,583,404
534042771,307,165,142,121
534042772,703,344,359,275
534042773,353,177,176,129
534042774,286,156,130,109
534042781,692,369,323,310
534042782,770,431,339,375
534042783,481,247,234,207
534042784,158,83,75,59
534042791,60,27,33,19
534042792,49,21,28,16
534042793,28,13,15,14
534042794,50,24,26,18
534042801,131,60,71,50
534042802,0,0,0,0
534042803,0,0,0,0
534042804,0,0,0,0
534042811,85,42,43,42
534042812,1083,573,510,572
534042813,1,1,0,1
534042814,1019,520,499,453
534042821,494,252,242,219
534042822,37,19,18,11
534042823,257,134,123,113
534042824,25,11,14,12
534042831,99,51,48,33
534042832,213,117,96,86
534042833,8,4,4,3
534042834,33,16,17,10
534042841,39,23,16,14
534042842,469,311,158,282
534042843,38,22,16,14
534042844,158,79,79,59
534042851,706,368,338,290
534042852,637,325,312,254
534042853,941,495,446,387
534042854,1015,511,504,464
534042861,1222,617,605,503
534042862,861,448,413,333
534042863,772,382,390,325
534042864,1136,605,531,495
534042871,11,5,6,6
534042872,912,460,452,309
534042873,876,443,433,324
534042874,829,419,410,314
534042881,484,251,233,172
534042882,134,68,66,46
534042883,160,82,78,60
534042884,31,16,15,13
534042891,137,73,64,48
534042892,139,78,61,54
534042893,655,353,302,329
534042894,963,514,449,427
534042901,18,10,8,5
534042902,52,13,39,32
534042903,579,312,267,196
534042904,495,327,168,21
534042911,0,0,0,0
534042912,329,165,164,154
534042913,0,0,0,0
534042914,93,39,54,29
534042921,263,130,133,109
534042922,84,42,42,24
534042923,34,25,9,7
534042924,27,16,11,11
534042931,95,45,50,31
534042932,34,21,13,11
534042933,114,58,56,41
534042934,84,40,44,26
534042941,14,8,6,5
534042942,45,23,22,10
534042943,771,410,361,358
534042944,120,71,49,66
534042951,425,219,206,183
534042952,375,201,174,146
534042953,213,103,110,80
534042954,321,166,155,110
534042961,331,188,143,164
534042962,735,391,344,348
534042963,247,136,111,117
534042964,167,84,83,64
534042971,89,45,44,47
534042972,118,55,63,44
534042973,340,172,168,109
534042974,351,168,183,129
534042981,340,166,174,126
534042982,435,239,196,199
534042983,277,145,132,98
534042984,55,27,28,15
534042991,1409,750,659,632
534042992,1123,625,498,557
534042993,278,141,137,100
534042994,1072,556,516,475
534043001,60,35,25,28
534043002,21,12,9,8
534043003,75,37,38,23
534043004,49,22,27,16
534043011,7,4,3,3
534043012,66,34,32,25
534043013,23,12,11,8
534043014,13,8,5,6
534043021,17,6,11,5
534043022,23,11,12,5
534043023,5,2,3,1
534043024,21,11,10,6
534043031,18,10,8,6
534043032,66,28,38,18
534043033,28,13,15,9
534043034,68,29,39,22
534043041,18,8,10,4
534043042,45,24,21,13
534043043,2,1,1,1
534043044,69,34,35,20
534043051,23,13,10,10
534043052,60,30,30,19
534043053,8,2,6,2
534043054,3,2,1,1
534043061,66,32,34,17
534043062,10,5,5,4
534043063,0,0,0,0
534043064,9,5,4,3
534043071,11,5,6,3
534043072,137,73,64,42
534043073,58,30,28,16
534043074,90,47,43,26
534043081,61,28,33,19
534043082,80,38,42,23
534043083,31,15,16,12
534043084,6,4,2,2
534043091,110,60,50,44
534043092,143,68,75,53
534043093,118,60,58,36
534043094,74,34,40,20
534043101,99,49,50,36
534043102,70,36,34,23
534043103,3,2,1,2
534043104,70,29,41,17
534043111,79,36,43,22
534043112,51,26,25,17
534043113,73,41,32,21
534043114,41,18,23,13
534043121,19,11,8,6
534043122,66,30,36,22
534043123,34,15,19,10
534043124,45,23,22,16
534043131,8,5,3,5
534043132,61,30,31,21
534043133,7,3,4,3
534043134,26,13,13,7
534043141,0,0,0,0
534043142,1,1,0,1
534043143,115,56,59,34
534043144,7,3,4,1
534043151,0,0,0,0
534043152,0,0,0,0
534043153,23,14,9,7
534043154,5,3,2,2
534043161,0,0,0,0
534043162,94,31,63,11
534043163,5,3,2,2
534043164,79,42,37,19
534043171,64,34,30,20
534043172,49,21,28,13
534043173,33,12,21,8
534043174,0,0,0,0
534043181,37,17,20,12
534043182,102,47,55,31
534043183,5,1,4,2
534043184,107,48,59,28
534043191,41,20,21,13
534043192,13,7,6,3
534043193,66,32,34,21
534043194,31,15,16,7
534043201,82,40,42,21
534043202,70,33,37,25
534043203,44,22,22,13
534043204,304,147,157,106
534043211,51,26,25,17
534043212,43,21,22,12
534043213,97,50,47,32
534043214,138,68,70,43
534043221,14,11,3,7
534043222,12,8,4,5
534043223,150,72,78,57
534043224,45,22,23,12
534043231,4,2,2,2
534043232,49,20,29,14
534043233,173,80,93,50
534043234,73,34,39,22
534043241,31,16,15,11
534043242,29,17,12,11
534043243,8,5,3,2
534043244,15,9,6,3
534043251,20,6,14,5
534043252,12,6,6,3
534043253,20,9,11,4
534043254,8,4,4,2
534043261,18,8,10,6
534043262,119,57,62,40
534043263,6,3,3,2
534043264,41,21,20,10
534043271,37,18,19,11
534043272,32,17,15,7
534043273,0,0,0,0
534043274,0,0,0,0
534043281,91,45,46,21
534043282,0,0,0,0
534043283,116,57,59,32
534043284,0,0,0,0
534043291,0,0,0,0
534043292,51,29,22,15
534043293,80,43,37,24
534043294,164,84,80,40
534043301,33,15,18,7
534043302,689,344,345,250
534043303,56,24,32,14
534043304,39,22,17,13
534043311,284,149,135,110
534043312,30,13,17,8
534043313,20,10,10,7
534043314,60,31,29,23
534043321,150,75,75,49
534043322,68,33,35,20
534043323,73,36,37,26
534043324,238,122,116,81
534043331,219,102,117,76
534043332,8,3,5,4
534043333,91,38,53,25
534043334,0,0,0,0
534043341,14,6,8,5
534043342,7,3,4,2
534043343,34,15,19,12
534043344,90,46,44,30
534043351,43,24,19,12
534043352,100,53,47,30
534043353,76,37,39,26
534043354,4,1,3,1
534043361,17,8,9,7
534043362,39,18,21,12
534043363,36,21,15,11
534043364,78,41,37,25
534043371,13,5,8,4
534043372,8,3,5,1
534043373,3,2,1,1
534043374,88,40,48,24
534043381,87,38,49,26
534043382,123,57,66,34
534043383,128,58,70,33
534043384,65,33,32,16
534043391,0,0,0,0
534043392,3,2,1,1
534043393,53,24,29,13
534043394,20,13,7,5
534043401,69,33,36,26
534043402,123,58,65,44
534043403,69,38,31,30
534043404,84,38,46,26
534043411,34,20,14,11
534043412,28,16,12,10
534043413,47,22,25,12
534043414,38,17,21,11
534043421,79,34,45,24
534043422,40,17,23,9
534043423,102,51,51,33
534043424,25,14,11,6
534043431,0,0,0,0
534043432,0,0,0,0
534043433,0,0,0,0
534043434,0,0,0,0
534043441,71,37,34,17
534043442,96,40,56,13
534043443,8,3,5,2
534043444,14,6,8,4
534043451,182,73,109,32
534043452,90,47,43,23
534043453,19,12,7,5
534043454,0,0,0,0
534043461,140,72,68,45
534043462,9,6,3,2
534043463,94,48,46,27
534043464,15,8,7,5
534043471,0,0,0,0
534043472,0,0,0,0
534043473,0,0,0,0
534043474,0,0,0,0
534043481,0,0,0,0
534043482,20,10,10,9
534043483,0,0,0,0
534043484,228,110,118,57
534043491,37,18,19,11
534043492,82,42,40,24
534043493,149,74,75,42
534043494,205,112,93,53
534043501,37,21,16,17
534043502,29,12,17,8
534043503,81,46,35,32
534043504,18,8,10,6
534043511,35,17,18,10
534043512,42,18,24,13
534043513,34,20,14,8
534043514,58,29,29,19
534043521,66,35,31,19
534043522,24,12,12,7
534043523,45,20,25,12
534043524,16,7,9,5
534043531,0,0,0,0
534043532,45,22,23,13
534043533,2,2,0,2
534043534,45,22,23,12
534043541,80,40,40,22
534043542,48,24,24,11
534043543,1,0,1,1
534043544,84,41,43,22
534043551,45,22,23,13
534043552,45,21,24,15
534043553,0,0,0,0
534043554,8,5,3,3
534043561,0,0,0,0
534043562,47,23,24,11
534043563,0,0,0,0
534043564,180,91,89,52
534043571,31,15,16,8
534043572,106,55,51,28
534043573,238,107,131,65
534043574,3,2,1,2
534043581,0,0,0,0
534043582,0,0,0,0
534043583,0,0,0,0
534043584,0,0,0,0
534043591,0,0,0,0
534043592,3,1,2,1
534043593,0,0,0,0
534043594,38,14,24,14
534043601,25,14,11,8
534043602,44,17,27,9
534043603,22,11,11,7
534043604,58,28,30,19
534043611,39,21,18,14
534043612,102,48,54,30
534043613,36,19,17,9
534043614,79,42,37,24
534043621,20,10,10,8
534043622,0,0,0,0
534043623,4,0,4,4
534043624,0,0,0,0
534043631,5,4,1,3
534043632,88,41,47,23
534043633,0,0,0,0
534043634,76,39,37,24
534043641,76,39,37,18
534043642,0,0,0,0
534043643,33,18,15,8
534043644,0,0,0,0
534043651,79,63,16,61
534043652,16,12,4,11
534043653,0,0,0,0
534043654,0,0,0,0
534043661,37,18,19,10
534043662,31,15,16,9
534043663,127,59,68,34
534043664,98,45,53,29
534043671,111,60,51,28
534043672,95,50,45,26
534043673,120,55,65,34
534043674,68,32,36,20
534043681,0,0,0,0
534043682,0,0,0,0
534043683,0,0,0,0
534043684,0,0,0,0
534043691,0,0,0,0
534043692,65,31,34,18
534043693,0,0,0,0
534043694,221,98,123,69
534043701,45,20,25,11
534043702,9,3,6,2
534043703,64,34,30,22
534043704,106,47,59,29
534043711,39,25,14,18
534043712,0,0,0,0
534043713,21,10,11,5
534043714,0,0,0,0
534043721,2,1,1,1
534043722,5,3,2,2
534043723,0,0,0,0
534043724,21,12,9,5
534043731,33,17,16,11
534043732,47,18,29,12
534043733,0,0,0,0
534043734,71,36,35,19
534043741,114,62,52,33
534043742,19,11,8,5
534043743,0,0,0,0
534043744,6,3,3,1
534043751,0,0,0,0
534043752,0,0,0,0
534043753,4,3,1,1
534043754,75,38,37,19
534043761,62,29,33,15
534043762,36,20,16,13
534043763,64,30,34,17
534043764,53,25,28,13
534043771,14,7,7,6
534043772,0,0,0,0
534043773,325,151,174,88
534043774,55,30,25,25
534043781,25,11,14,7
534043782,101,51,50,40
534043783,1,1,0,1
534043784,27,12,15,8
534043791,31,15,16,7
534043792,60,30,30,14
534043793,92,42,50,27
534043794,5,2,3,3
534043801,85,42,43,34
534043802,12,8,4,5
534043803,739,360,379,291
534043804,0,0,0,0
534043811,1,0,1,1
534043812,3,2,1,1
534043813,0,0,0,0
534043814,0,0,0,0
534043821,4,3,1,1
534043822,18,8,10,5
534043823,0,0,0,0
534043824,2,1,1,1
534043831,24,10,14,11
534043832,61,29,32,20
534043833,4,2,2,3
534043834,95,45,50,25
534043841,0,0,0,0
534043842,0,0,0,0
534043843,3,2,1,1
534043844,17,10,7,4
534043851,75,36,39,22
534043852,29,14,15,10
534043853,6,2,4,2
534043854,128,63,65,38
534043861,80,38,42,25
534043862,81,44,37,27
534043863,109,51,58,32
534043864,105,49,56,32
534043871,431,216,215,159
534043872,66,34,32,30
534043873,619,302,317,224
534043874,409,196,213,134
534043881,58,28,30,17
534043882,68,34,34,19
534043883,140,72,68,64
534043884,175,100,75,68
534043891,163,85,78,55
534043892,57,32,25,17
534043893,177,80,97,54
534043894,131,65,66,36
534043901,1024,631,393,600
534043902,0,0,0,0
534043903,1174,928,246,933
534043904,0,0,0,0
534043911,0,0,0,0
534043912,1,1,0,1
534043913,0,0,0,0
534043914,36,20,16,1
534043921,22,9,13,7
534043922,39,17,22,13
534043923,112,59,53,46
534043924,74,36,38,22
534043931,73,33,40,28
534043932,17,11,6,7
534043933,10,6,4,2
534043934,10,7,3,4
534043941,120,64,56,33
534043942,0,0,0,0
534043943,56,25,31,17
534043944,0,0,0,0
534043951,0,0,0,0
534043952,59,28,31,14
534043953,0,0,0,0
534043954,61,26,35,16
534043961,55,26,29,21
534043962,134,69,65,54
534043963,76,39,37,23
534043964,77,39,38,27
534043971,221,109,112,76
534043972,261,129,132,88
534043973,0,0,0,0
534043974,43,19,24,13
534043981,8,4,4,2
534043982,30,14,16,8
534043983,29,11,18,10
534043984,5,3,2,1
534043991,191,88,103,54
534043992,99,46,53,33
534043993,240,123,117,61
534043994,172,87,85,54
534044001,324,167,157,133
534044002,313,155,158,110
534044003,47,24,23,20
534044004,56,27,29,21
534044011,48,21,27,17
534044012,79,41,38,26
534044013,40,18,22,15
534044014,21,10,11,5
534044021,39,17,22,11
534044022,153,81,72,40
534044023,13,9,4,2
534044024,57,28,29,18
534044031,37,17,20,9
534044032,92,44,48,27
534044033,94,44,50,29
534044034,66,27,39,17
534044041,28,16,12,10
534044042,34,19,15,13
534044043,12,5,7,4
534044044,30,15,15,11
534044051,43,18,25,14
534044052,152,76,76,42
534044053,43,19,24,15
534044054,206,101,105,68
534044061,579,277,302,176
534044062,128,56,72,45
534044063,204,90,114,56
534044064,53,25,28,22
534044071,97,46,51,32
534044072,85,42,43,21
534044073,20,11,9,9
534044074,70,31,39,24
534044081,44,22,22,12
534044082,9,5,4,3
534044083,90,41,49,23
534044084,21,8,13,7
534044091,21,10,11,8
534044092,0,0,0,0
534044093,249,136,113,84
534044094,3,2,1,3
534044101,190,90,100,82
534044102,29,10,19,11
534044103,81,41,40,24
534044104,81,35,46,25
534044111,77,40,37,35
534044112,34,16,18,10
534044113,211,106,105,89
534044114,228,121,107,86
534044121,136,66,70,41
534044122,35,17,18,12
534044123,223,124,99,37
534044124,40,21,19,13
534044131,96,54,42,32
534044132,158,79,79,49
534044133,55,29,26,17
534044134,152,72,80,50
534044141,104,49,55,25
534044142,240,113,127,97
534044143,103,50,53,30
534044144,181,80,101,63
534044151,146,68,78,47
534044152,57,24,33,21
534044153,81,41,40,26
534044154,40,22,18,12
534044161,24,18,6,21
534044162,9,9,0,9
534044163,11,5,6,3
534044164,201,113,88,56
534044171,43,25,18,11
534044172,226,107,119,62
534044173,29,14,15,8
534044174,68,34,34,25
534044181,270,135,135,82
534044182,16,9,7,4
534044183,52,19,33,13
534044184,64,29,35,17
534044191,4,2,2,1
534044192,11,6,5,2
534044193,4,2,2,2
534044194,28,11,17,9
534044201,0,0,0,0
534044202,0,0,0,0
534044203,77,41,36,20
534044204,16,7,9,7
534044211,374,185,189,128
534044212,378,187,191,137
534044213,348,183,165,133
534044214,1029,461,568,323
534044221,56,31,25,26
534044222,40,19,21,13
534044223,233,106,127,90
534044224,106,51,55,31
534044231,43,21,22,12
534044232,89,52,37,23
534044233,2,1,1,1
534044234,105,58,47,29
534044241,190,83,107,72
534044242,170,87,83,61
534044243,216,111,105,71
534044244,173,70,103,41
534044251,89,45,44,32
534044252,1,0,1,1
534044253,74,37,37,24
534044254,57,28,29,16
534044261,19,8,11,6
534044262,144,71,73,43
534044263,0,0,0,0
534044264,99,47,52,29
534044271,149,76,73,48
534044272,179,86,93,47
534044273,120,55,65,33
534044274,40,20,20,14
534044281,109,55,54,34
534044282,27,15,12,7
534044283,97,50,47,32
534044284,7,2,5,3
534044291,79,41,38,24
534044292,245,128,117,71
534044293,74,38,36,29
534044294,95,52,43,34
534044301,42,21,21,13
534044302,91,48,43,27
534044303,54,26,28,17
534044304,15,6,9,5
534044311,109,53,56,35
534044312,600,285,315,243
534044313,31,15,16,13
534044314,62,31,31,20
534044321,204,93,111,77
534044322,381,189,192,117
534044323,8,4,4,3
534044324,121,51,70,45
534044331,83,42,41,31
534044332,0,0,0,0
534044333,679,324,355,235
534044334,524,249,275,189
534044341,185,91,94,65
534044342,135,65,70,46
534044343,305,158,147,126
534044344,169,84,85,56
534044351,30,15,15,8
534044352,199,91,108,91
534044353,122,59,63,39
534044354,89,42,47,26
534044361,95,46,49,27
534044362,119,63,56,34
534044363,49,21,28,16
534044364,238,114,124,76
534044371,121,62,59,42
534044372,71,40,31,20
534044373,211,102,109,58
534044374,140,65,75,41
534044381,66,30,36,14
534044382,81,43,38,22
534044383,15,9,6,5
534044384,168,81,87,42
534044391,6,2,4,2
534044392,133,61,72,42
534044393,180,90,90,63
534044394,0,0,0,0
534044401,27,11,16,6
534044402,67,30,37,23
534044403,106,45,61,26
534044404,31,16,15,7
534044411,16,9,7,7
534044412,73,40,33,23
534044413,70,37,33,23
534044414,0,0,0,0
534044421,0,0,0,0
534044422,13,7,6,7
534044423,29,11,18,8
534044424,137,66,71,46
534044431,276,143,133,107
534044432,820,401,419,317
534044433,39,20,19,12
534044434,195,93,102,73
534044441,610,293,317,219
534044442,55,27,28,23
534044443,313,164,149,115
534044444,397,195,202,151
534044451,43,19,24,15
534044452,120,56,64,41
534044453,115,47,68,42
534044454,314,156,158,112
534044461,20,10,10,6
534044462,216,105,111,63
534044463,308,157,151,117
534044464,108,52,56,31
534044471,139,70,69,43
534044472,119,73,46,51
534044473,0,0,0,0
534044474,11,8,3,3
534044481,228,113,115,60
534044482,101,49,52,32
534044483,69,37,32,24
534044484,253,116,137,77
534044491,54,28,26,20
534044492,146,67,79,45
534044493,209,98,111,61
534044494,421,214,207,116
534044501,35,15,20,10
534044502,0,0,0,0
534044503,49,24,25,15
534044504,39,22,17,13
534044511,129,61,68,43
534044512,18,8,10,6
534044513,37,20,17,15
534044514,31,14,17,8
534044521,0,0,0,0
534044522,183,91,92,49
534044523,58,28,30,18
534044524,77,41,36,28
534044531,215,100,115,47
534044532,95,45,50,33
534044533,102,50,52,30
534044534,35,20,15,11
534044541,100,50,50,28
534044542,231,112,119,94
534044543,0,0,0,0
534044544,23,12,11,8
534044551,189,101,88,92
534044552,270,154,116,124
534044553,178,84,94,58
534044554,329,162,167,110
534044561,135,68,67,47
534044562,16,7,9,5
534044563,416,192,224,154
534044564,86,44,42,31
534044571,0,0,0,0
534044572,0,0,0,0
534044573,41,18,23,17
534044574,259,125,134,82
534044581,141,71,70,34
534044582,180,89,91,53
534044583,293,142,151,85
534044584,332,165,167,106
534044591,92,46,46,36
534044592,188,86,102,53
534044593,135,74,61,42
534044594,40,19,21,14
534044601,113,56,57,31
534044602,88,40,48,35
534044603,56,25,31,21
534044604,104,55,49,33
534044611,60,32,28,18
534044612,29,16,13,6
534044613,40,20,20,13
534044614,15,8,7,5
534044621,0,0,0,0
534044622,4,2,2,1
534044623,3,2,1,2
534044624,96,42,54,21
534044631,15,8,7,6
534044632,0,0,0,0
534044633,32,14,18,7
534044634,0,0,0,0
534044641,33,16,17,9
534044642,14,6,8,6
534044643,0,0,0,0
534044644,11,6,5,3
534044651,36,17,19,12
534044652,172,84,88,44
534044653,103,55,48,43
534044654,81,45,36,22
534044661,387,189,198,132
534044662,178,86,92,62
534044663,165,84,81,56
534044664,128,62,66,36
534044671,307,141,166,99
534044672,691,323,368,241
534044673,61,29,32,12
534044674,381,188,193,161
534044681,576,269,307,210
534044682,792,388,404,305
534044683,444,236,208,186
534044684,473,236,237,203
534044691,366,179,187,159
534044692,306,149,157,125
534044693,275,128,147,104
534044694,93,43,50,30
534044701,38,21,17,15
534044702,119,58,61,33
534044703,3,1,2,1
534044704,45,20,25,14
534044711,7,4,3,2
534044712,60,30,30,19
534044713,7,4,3,2
534044714,0,0,0,0
534044721,158,68,90,50
534044722,133,71,62,43
534044723,44,25,19,12
534044724,76,37,39,22
534044731,20,8,12,6
534044732,0,0,0,0
534044733,0,0,0,0
534044734,0,0,0,0
534044741,0,0,0,0
534044742,38,18,20,14
534044743,55,23,32,13
534044744,252,127,125,72
534044751,13,4,9,4
534044752,0,0,0,0
534044753,29,10,19,8
534044754,0,0,0,0
534044761,209,106,103,59
534044762,81,43,38,21
534044763,47,22,25,11
534044764,0,0,0,0
534044771,52,30,22,13
534044772,337,169,168,124
534044773,28,18,10,7
534044774,156,74,82,51
534044781,290,142,148,120
534044782,0,0,0,0
534044783,173,85,88,52
534044784,0,0,0,0
534044791,52,22,30,19
534044792,150,75,75,54
534044793,0,0,0,0
534044794,46,23,23,12
534044801,24,12,12,5
534044802,26,10,16,7
534044803,30,13,17,9
534044804,85,39,46,23
534044811,0,0,0,0
534044812,83,38,45,19
534044813,109,54,55,29
534044814,14,9,5,6
534044821,0,0,0,0
534044822,22,12,10,6
534044823,118,58,60,35
534044824,49,24,25,11
534044831,2,1,1,1
534044832,0,0,0,0
534044833,46,22,24,14
534044834,48,25,23,15
534044841,86,44,42,25
534044842,254,115,139,88
534044843,25,11,14,7
534044844,77,35,42,24
534044851,8,5,3,2
534044852,0,0,0,0
534044853,0,0,0,0
534044854,0,0,0,0
534044861,0,0,0,0
534044862,96,32,64,10
534044863,20,8,12,3
534044864,43,21,22,10
534044871,62,34,28,16
534044872,34,16,18,12
534044873,89,36,53,16
534044874,8,3,5,4
534044881,4,1,3,2
534044882,46,20,26,11
534044883,28,12,16,8
534044884,66,31,35,15
534044891,42,21,21,14
534044892,69,29,40,16
534044893,10,4,6,2
534044894,38,19,19,7
534044901,0,0,0,0
534044902,43,23,20,14
534044903,62,31,31,16
534044904,18,7,11,6
534044911,39,21,18,13
534044912,20,10,10,7
534044913,25,10,15,12
534044914,69,38,31,28
534044921,116,53,63,39
534044922,35,18,17,9
534044923,12,7,5,5
534044924,36,19,17,9
534044931,69,26,43,21
534044932,4,2,2,2
534044933,138,71,67,50
534044934,13,6,7,3
534044941,10,3,7,3
534044942,76,36,40,27
534044943,125,65,60,39
534044944,368,178,190,108
534044951,0,0,0,0
534044952,0,0,0,0
534044953,39,20,19,10
534044954,37,17,20,13
534044961,0,0,0,0
534044962,0,0,0,0
534044963,60,31,29,19
534044964,0,0,0,0
534044971,181,88,93,49
534044972,41,20,21,13
534044973,31,15,16,9
534044974,192,94,98,48
534044981,18,9,9,6
534044982,65,26,39,16
534045101,195,94,101,75
534045102,43,21,22,15
534045103,124,60,64,36
534045104,175,92,83,55
534045113,86,40,46,23
534045114,0,0,0,0
534045201,128,69,59,31
534045202,62,28,34,20
534045203,99,56,43,27
534045204,25,12,13,8
534045211,140,73,67,46
534045212,265,125,140,82
534045213,7,5,2,2
534045214,367,183,184,113
534045221,16,6,10,11
534045223,365,175,190,124
534045224,171,96,75,56
534045233,0,0,0,0
534045283,0,0,0,0
534045284,0,0,0,0
534045301,29,19,10,10
534045302,68,32,36,25
534045303,39,19,20,12
534045304,29,17,12,11
534045311,14,8,6,5
534045312,15,7,8,4
534045313,103,50,53,28
534045314,148,73,75,44
534045321,44,24,20,17
534045322,329,155,174,111
534045323,15,7,8,7
534045324,84,40,44,25
534045331,545,268,277,195
534045332,173,79,94,76
534045333,183,93,90,51
534045334,402,182,220,142
534045341,0,0,0,0
534045343,78,31,47,29
534045344,7,2,5,4
534045353,0,0,0,0
534045374,504,236,268,162
534045381,466,209,257,177
534045382,142,66,76,48
534045383,752,376,376,288
534045384,75,34,41,27
534045391,9,4,5,2
534045392,0,0,0,0
534045393,76,38,38,21
534045394,37,16,21,13
534045401,150,78,72,29
534045402,268,132,136,63
534045403,80,44,36,23
534045404,212,100,112,69
534045411,130,70,60,46
534045412,266,119,147,69
534045413,29,15,14,8
534045414,60,31,29,16
534045421,91,46,45,32
534045422,217,107,110,55
534045423,23,11,12,6
534045424,21,9,12,8
534045431,114,50,64,27
534045432,82,40,42,20
534045433,27,13,14,10
534045434,64,34,30,19
534045441,86,45,41,29
534045442,171,96,75,80
534045443,166,70,96,49
534045444,356,203,153,20
534045451,249,120,129,99
534045452,212,102,110,75
534045453,531,242,289,166
534045454,284,126,158,86
534045461,349,179,170,114
534045462,162,82,80,61
534045463,451,227,224,167
534045464,684,332,352,257
534045471,465,229,236,168
534045472,786,378,408,271
534045473,393,190,203,119
534045474,23,12,11,9
534045481,333,174,159,115
534045482,29,12,17,8
534045483,33,17,16,9
534045484,1,0,1,1
534045491,95,51,44,18
534045492,0,0,0,0
534045493,49,26,23,15
534045494,108,50,58,25
534045501,222,107,115,75
534045502,50,27,23,13
534045503,200,100,100,69
534045504,73,40,33,26
534045511,108,56,52,31
534045512,361,183,178,139
534045513,63,32,31,20
534045514,246,124,122,94
534045521,299,141,158,114
534045522,271,132,139,86
534045523,891,429,462,310
534045524,1116,503,613,361
534045531,222,107,115,60
534045532,204,105,99,67
534045533,518,253,265,199
534045534,181,81,100,65
534045541,197,104,93,80
534045542,161,83,78,63
534045543,209,100,109,71
534045544,304,160,144,116
534045551,243,131,112,88
534045552,426,198,228,129
534045553,8,5,3,3
534045554,181,99,82,48
534045561,315,150,165,102
534045562,155,80,75,44
534045563,6,2,4,5
534045564,4,1,3,1
534045571,123,59,64,32
534045572,54,26,28,15
534045573,69,38,31,15
534045574,29,15,14,9
534045581,0,0,0,0
534045582,0,0,0,0
534045583,305,144,161,76
534045584,17,9,8,5
534045591,71,32,39,20
534045592,344,166,178,103
534045593,0,0,0,0
534045594,3,0,3,3
534045601,704,344,360,294
534045602,504,243,261,188
534045603,247,120,127,97
534045604,509,258,251,196
534045611,524,253,271,177
534045612,463,218,245,180
534045613,482,232,250,179
534045614,386,200,186,150
534045621,1093,529,564,410
534045622,1009,403,606,513
534045623,765,391,374,340
534045624,874,450,424,391
534045631,324,194,130,149
534045632,25,13,12,9
534045633,242,119,123,91
534045634,307,145,162,90
534045641,111,52,59,30
534045642,61,29,32,20
534045643,183,88,95,60
534045644,337,171,166,131
534045651,0,0,0,0
534045652,26,13,13,9
534045653,332,167,165,125
534045654,214,101,113,65
534045661,230,84,146,66
534045662,22,11,11,9
534045663,57,30,27,24
534045664,0,0,0,0
534045671,0,0,0,0
534045672,0,0,0,0
534045673,0,0,0,0
534045674,5,2,3,1
534045681,37,19,18,8
534045682,36,21,15,8
534045683,36,16,20,7
534045684,166,80,86,42
534045691,0,0,0,0
534045692,0,0,0,0
534045693,21,12,9,9
534045694,0,0,0,0
534045701,282,140,142,100
534045702,158,74,84,52
534045703,174,98,76,61
534045704,0,0,0,0
534045711,202,94,108,62
534045712,736,379,357,291
534045713,3,2,1,1
534045714,401,196,205,146
534045721,566,281,285,222
534045722,239,113,126,103
534045723,264,120,144,105
534045724,219,107,112,72
534045731,163,83,80,70
534045732,350,133,217,86
534045733,124,65,59,41
534045734,486,257,229,167
534045741,644,305,339,251
534045742,652,313,339,222
534045743,700,345,355,220
534045744,423,215,208,148
534045751,611,291,320,234
534045752,343,180,163,98
534045753,446,213,233,150
534045754,59,30,29,18
534045761,1,0,1,1
534045762,6,6,0,1
534045763,0,0,0,0
534045764,1,1,0,1
534045771,0,0,0,0
534045772,0,0,0,0
534045773,0,0,0,0
534045774,2,1,1,1
534045781,0,0,0,0
534045782,3,3,0,3
534045783,1,1,0,1
534045784,11,6,5,2
534045791,8,4,4,3
534045792,0,0,0,0
534045793,39,18,21,12
534045794,0,0,0,0
534045801,86,41,45,26
534045802,0,0,0,0
534045803,54,35,19,21
534045804,113,58,55,32
534045811,322,154,168,117
534045812,778,381,397,294
534045813,691,346,345,241
534045814,301,154,147,102
534045821,429,213,216,151
534045822,350,173,177,104
534045823,277,140,137,79
534045824,163,81,82,67
534045831,291,139,152,96
534045832,224,118,106,78
534045833,209,114,95,80
534045834,60,24,36,13
534045841,492,232,260,179
534045842,215,106,109,65
534045843,0,0,0,0
534045844,0,0,0,0
534045851,0,0,0,0
534045852,132,63,69,40
534045853,0,0,0,0
534045854,195,92,103,54
534045861,9,5,4,2
534045862,0,0,0,0
534045863,146,74,72,55
534045864,131,57,74,40
534045871,109,50,59,23
534045872,42,21,21,9
534045873,203,107,96,53
534045874,64,31,33,19
534045881,0,0,0,0
534045882,36,22,14,14
534045883,0,0,0,0
534045884,0,0,0,0
534045891,52,25,27,19
534045892,0,0,0,0
534045893,3,2,1,1
534045894,0,0,0,0
534045901,66,28,38,17
534045902,225,115,110,64
534045903,72,32,40,15
534045904,317,167,150,110
534045911,713,355,358,250
534045912,198,98,100,55
534045913,108,47,61,31
534045914,26,11,15,7
534045921,41,16,25,13
534045922,0,0,0,0
534045923,0,0,0,0
534045924,0,0,0,0
534045931,66,33,33,13
534045932,71,29,42,15
534045933,2,1,1,1
534045934,0,0,0,0
534045941,0,0,0,0
534045942,0,0,0,0
534045943,0,0,0,0
534045944,7,4,3,3
534045951,33,17,16,7
534045952,22,7,15,5
534045953,51,27,24,14
534045954,0,0,0,0
534045961,2,1,1,1
534045962,67,37,30,23
534045963,1,1,0,1
534045964,32,15,17,8
534045971,24,10,14,12
534045972,26,12,14,6
534045973,0,0,0,0
534045974,0,0,0,0
534045981,42,18,24,9
534045982,146,72,74,40
534045983,13,5,8,3
534045984,114,56,58,32
534045991,155,82,73,19
534045992,58,29,29,19
534045993,123,60,63,36
534045994,33,14,19,11
534046301,0,0,0,0
534046302,0,0,0,0
534046303,1,1,0,1
534046304,0,0,0,0
534046313,0,0,0,0
534046374,204,109,95,98
534046381,20,12,8,7
534046382,101,52,49,46
534046383,1257,614,643,438
534046384,1106,501,605,340
534046391,169,86,83,61
534046393,57,28,29,20
534046401,53,29,24,11
534046402,9,4,5,2
534046403,93,43,50,24
534046404,0,0,0,0
534046411,84,41,43,19
534046412,0,0,0,0
534046413,176,82,94,44
534046414,1,1,0,1
534046421,0,0,0,0
534046423,17,9,8,4
534046424,45,25,20,16
534046433,0,0,0,0
534046434,0,0,0,0
534046471,0,0,0,0
534046472,71,20,51,47
534046473,0,0,0,0
534046474,181,83,98,56
534046481,520,249,271,217
534046482,664,313,351,305
534046483,36,19,17,20
534046484,153,66,87,70
534046491,0,0,0,0
534046493,13,5,8,7
534046501,9,6,3,2
534046502,110,54,56,34
534046503,9,4,5,3
534046504,84,41,43,19
534046511,91,42,49,22
534046512,47,27,20,9
534046513,168,87,81,57
534046514,548,264,284,193
534046521,231,113,118,78
534046522,423,210,213,176
534046523,59,32,27,25
534046524,62,33,29,23
534046531,107,53,54,7
534046532,0,0,0,0
534046533,26,14,12,9
534046534,30,18,12,10
534046541,0,0,0,0
534046542,0,0,0,0
534046543,0,0,0,0
534046544,172,83,89,60
534046553,486,225,261,183
534046554,9,3,6,3
534046562,45,21,24,20
534046563,11,6,5,5
534046564,177,76,101,90
534046571,148,65,83,66
534046572,322,165,157,99
534046573,328,168,160,182
534046574,27,12,15,8
534046581,198,104,94,56
534046582,343,175,168,138
534046583,276,128,148,88
534046584,261,129,132,99
534046591,3,2,1,3
534046593,0,0,0,0
534046601,0,0,0,0
534046602,93,50,43,27
534046603,0,0,0,0
534046604,81,40,41,25
534046611,0,0,0,0
534046612,112,58,54,35
534046613,2,1,1,1
534046614,115,55,60,34
534046621,36,19,17,14
534046622,10,5,5,1
534046623,5,2,3,2
534046624,0,0,0,0
534046631,0,0,0,0
534046632,77,35,42,32
534046633,27,13,14,12
534046634,111,49,62,40
534046641,178,90,88,70
534046642,439,207,232,133
534046643,1452,698,754,551
534046644,901,410,491,400
534046651,508,205,303,184
534046652,4,3,1,1
534046653,872,410,462,371
534046654,659,331,328,315
534046661,30,13,17,13
534046662,463,234,229,263
534046663,806,402,404,379
534046664,946,462,484,404
534046671,2,1,1,1
534046672,132,55,77,69
534046673,448,229,219,167
534046674,100,46,54,37
534046681,525,253,272,184
534046682,595,276,319,218
534046683,444,227,217,154
534046684,548,250,298,221
534046691,236,108,128,99
534046692,31,18,13,14
534046693,797,356,441,322
534046694,1,1,0,1
534046701,0,0,0,0
534046702,2,1,1,1
534046703,94,19,75,1
534046704,0,0,0,0
534046711,0,0,0,0
534046712,27,13,14,4
534046713,5,3,2,3
534046714,0,0,0,0
534046721,9,5,4,3
534046722,0,0,0,0
534046723,24,9,15,9
534046724,93,52,41,26
534046731,0,0,0,0
534046732,0,0,0,0
534046733,0,0,0,0
534046734,75,34,41,26
534046741,265,138,127,137
534046742,917,460,457,347
534046743,10,5,5,3
534046744,231,121,110,90
534046751,599,304,295,232
534046752,1182,581,601,529
534046753,783,379,404,300
534046754,954,435,519,386
534046761,1308,643,665,635
534046762,643,295,348,259
534046763,1041,477,564,418
534046764,913,422,491,401
534046771,1017,484,533,456
534046772,884,440,444,362
534046773,1483,692,791,633
534046774,1221,570,651,538
534046781,935,451,484,374
534046782,867,412,455,335
534046783,1183,580,603,491
534046784,1112,559,553,469
534046791,542,265,277,193
534046793,701,336,365,294
534046794,4,2,2,2
534046801,0,0,0,0
534046802,7,7,0,7
534046803,0,0,0,0
534046804,0,0,0,0
534046811,0,0,0,0
534046812,111,56,55,27
534046813,0,0,0,0
534046814,190,91,99,56
534046821,4,3,1,1
534046822,22,17,5,14
534046823,48,27,21,14
534046824,0,0,0,0
534046831,3,2,1,1
534046832,208,101,107,76
534046833,533,258,275,190
534046834,1082,496,586,385
534046841,691,346,345,270
534046842,1079,529,550,398
534046843,835,363,472,280
534046844,303,145,158,111
534046851,898,419,479,378
534046852,620,318,302,285
534046853,6,3,3,2
534046854,0,0,0,0
534046861,429,208,221,190
534046862,242,118,124,107
534046863,0,0,0,0
534046864,20,12,8,5
534046871,560,262,298,215
534046872,2038,975,1063,877
534046873,0,0,0,0
534046874,94,50,44,36
534046881,1401,645,756,616
534046882,1001,502,499,446
534046883,420,206,214,188
534046884,746,358,388,321
534046891,144,81,63,62
534046892,0,0,0,0
534046893,44,30,14,43
534046901,0,0,0,0
534046902,0,0,0,0
534046903,0,0,0,0
534046904,50,22,28,14
534046911,48,27,21,13
534046912,102,54,48,27
534046913,126,59,67,32
534046914,46,21,25,14
534046921,31,15,16,9
534046922,335,171,164,106
534046923,51,27,24,17
534046924,575,278,297,196
534046931,846,408,438,311
534046932,1146,548,598,428
534046933,610,300,310,204
534046934,277,130,147,90
534046941,322,154,168,123
534046942,0,0,0,0
534046943,0,0,0,0
534046944,17,7,10,5
534046951,7,3,4,2
534046981,12,7,5,10
534046982,180,115,65,132
534046991,0,0,0,0
534051711,31,15,16,7
534051712,21,4,17,3
534051713,17,7,10,5
534051714,0,0,0,0
534051721,42,20,22,13
534051722,0,0,0,0
534051723,0,0,0,0
534051724,0,0,0,0
534051731,9,4,5,3
534051732,936,472,464,281
534051733,55,30,25,17
534051734,5,2,3,2
534051741,1954,974,980,580
534051742,0,0,0,0
534051743,82,41,41,29
534051744,50,25,25,13
534051751,3,1,2,1
534051752,76,42,34,21
534051753,0,0,0,0
534051754,33,18,15,11
534051761,126,67,59,41
534051762,58,26,32,17
534051763,170,83,87,52
534051764,75,36,39,19
534051771,25,12,13,7
534051772,0,0,0,0
534051773,40,19,21,9
534051774,3,1,2,1
534051781,0,0,0,0
534051782,32,15,17,7
534051783,0,0,0,0
534051784,2,1,1,1
534051791,19,10,9,5
534051792,0,0,0,0
534051793,41,20,21,9
534051794,13,9,4,2
534051801,46,22,24,13
534051802,101,56,45,42
534051803,17,8,9,4
534051804,151,78,73,45
534051811,39,16,23,11
534051812,6,2,4,2
534060483,0,0,0,0
534060484,3,2,1,1
534060491,570,275,295,215
534060492,74,38,36,25
534060493,0,0,0,0
534060494,0,0,0,0
534060501,3750,1829,1921,1341
534060502,2818,1389,1429,1220
534060503,631,323,308,246
534060504,3372,1590,1782,1348
534060511,3037,1509,1528,1303
534060512,1396,736,660,573
534060513,1222,578,644,477
534060514,80,39,41,30
534060521,461,226,235,180
534060522,644,309,335,228
534060523,62,32,30,22
534060524,10,9,1,10
534060531,1639,853,786,732
534060532,2434,1249,1185,1014
534060533,336,170,166,119
534060534,2167,1069,1098,853
534060541,298,133,165,95
534060542,0,0,0,0
534060543,1370,702,668,468
534060544,0,0,0,0
534060551,0,0,0,0
534060552,68,31,37,23
534060553,0,0,0,0
534060554,66,30,36,24
534060561,283,137,146,107
534060562,643,328,315,228
534060563,192,92,100,61
534060564,15,9,6,7
534060571,390,174,216,96
534060572,0,0,0,0
534060573,112,38,74,2
534060574,0,0,0,0
534060581,0,0,0,0
534060582,0,0,0,0
534060583,42,20,22,18
534062481,6,2,4,2
534062482,0,0,0,0
534062483,170,85,85,55
534062484,0,0,0,0
534062491,0,0,0,0
534062492,0,0,0,0
534062493,0,0,0,0
534062494,39,21,18,8
534062571,0,0,0,0
534062572,383,186,197,155
534062574,30,12,18,10
534062581,313,157,156,96
534062582,97,47,50,28
534063423,0,0,0,0
534063424,0,0,0,0
534063431,1,1,0,1
534063432,5,3,2,2
534063433,11,8,3,2
534063434,1,1,0,1
534063441,71,35,36,19
534063442,67,31,36,18
534063443,0,0,0,0
534063444,0,0,0,0
534063451,0,0,0,0
534063452,16,5,11,4
534063453,43,23,20,13
534063454,60,31,29,15
534063461,0,0,0,0
534063462,0,0,0,0
534063463,0,0,0,0
534063464,0,0,0,0
534063471,12,6,6,5
534063472,290,136,154,102
534063473,40,19,21,12
534063474,392,194,198,147
534063481,79,42,37,28
534063482,86,41,45,27
534063483,142,70,72,41
534063484,21,10,11,7
534063491,110,53,57,30
534063492,192,95,97,53
534063493,100,55,45,36
534063494,42,24,18,20
534063501,4,3,1,2
534063502,0,0,0,0
534063503,123,63,60,37
534063504,74,42,32,30
534063511,170,66,104,34
534063512,18,9,9,6
534063513,5,2,3,3
534063514,100,55,45,34
534063521,37,18,19,7
534063522,31,14,17,9
534063523,45,23,22,14
534063524,25,11,14,6
534064263,1,0,1,1
534064264,96,47,49,37
534064271,579,272,307,214
534064272,522,275,247,203
534064273,478,205,273,159
534064274,556,272,284,197
534064281,756,356,400,294
534064282,727,330,397,268
534064283,924,448,476,355
534064284,472,232,240,178
534064291,118,60,58,57
534064292,4,1,3,2
534064293,472,234,238,199
534064294,0,0,0,0
534064301,36,18,18,12
534064302,75,41,34,18
534064303,5,2,3,2
534064304,0,0,0,0
534064311,53,30,23,18
534064312,0,0,0,0
534064313,95,47,48,20
534064314,0,0,0,0
534064321,0,0,0,0
534064322,0,0,0,0
534064323,0,0,0,0
534064324,0,0,0,0
534064331,0,0,0,0
534064332,29,15,14,10
534064333,28,16,12,9
534064334,86,39,47,31
534064341,101,57,44,43
534064342,38,18,20,14
534064343,32,19,13,9
534064344,10,4,6,2
534064351,60,26,34,21
534064352,12,5,7,2
534064353,131,73,58,43
534064354,5,1,4,2
534064361,0,0,0,0
534064362,6,3,3,3
534064363,0,0,0,0
534064364,0,0,0,0
534050001,1973,992,981,746
534050002,2039,1016,1023,760
534050003,1677,827,850,621
534050004,2642,1333,1309,996
534050011,2276,1111,1165,886
534050012,2707,1378,1329,1047
534050013,2649,1315,1334,1066
534050014,2744,1334,1410,1152
534050021,3222,1572,1650,1336
534050022,1628,838,790,584
534050023,3529,1741,1788,1381
534050024,1456,705,751,536
534050031,1631,815,816,570
534050032,1260,600,660,456
534050033,808,399,409,311
534050034,461,236,225,165
534050041,181,98,83,65
534050042,35,18,17,9
534050043,674,341,333,253
534050044,266,161,105,29
534050051,197,103,94,49
534050052,97,47,50,31
534050053,455,231,224,57
534050054,36,18,18,9
534050061,54,24,30,20
534050062,179,90,89,67
534050063,53,29,24,15
534050064,135,71,64,53
534050071,255,171,84,15
534050072,42,20,22,11
534050073,204,80,124,44
534050074,45,20,25,11
534050081,0,0,0,0
534050082,98,29,69,8
534050083,35,17,18,11
534050084,1357,702,655,672
534050091,1229,594,635,399
534050092,245,129,116,88
534050093,2802,1393,1409,1350
534050094,244,126,118,80
534050101,2351,1157,1194,907
534050102,2967,1456,1511,1184
534050103,2221,1091,1130,965
534050104,1961,929,1032,803
534050111,2558,1294,1264,1041
534050112,3273,1640,1633,1241
534050113,2573,1288,1285,1013
534050114,2924,1477,1447,1121
534050121,3428,1721,1707,1340
534050122,1570,768,802,547
534050123,3411,1668,1743,1276
534050124,1391,680,711,512
534050131,823,403,420,297
534050132,122,65,57,39
534050133,147,67,80,40
534050134,12,9,3,5
534050141,194,97,97,55
534050142,8,3,5,3
534050143,36,19,17,10
534050144,52,27,25,14
534050151,162,97,65,67
534050152,16,11,5,10
534050153,961,494,467,313
534050154,239,106,133,70
534050161,0,0,0,0
534050162,150,80,70,52
534050163,194,106,88,66
534050164,33,18,15,11
534050171,203,107,96,78
534050172,86,41,45,29
534050173,308,154,154,108
534050174,446,212,234,70
534050181,109,59,50,31
534050182,1210,625,585,639
534050183,74,41,33,31
534050184,0,0,0,0
534050191,925,477,448,402
534050192,563,296,267,78
534050193,41,26,15,16
534050194,30,15,15,12
534050201,3310,1587,1723,1269
534050202,2144,1048,1096,784
534050203,2275,1131,1144,948
534050204,2991,1490,1501,1060
534050211,2577,1274,1303,959
534050212,2293,1173,1120,828
534050213,1237,609,628,453
534050214,1490,760,730,566
534050221,3256,1632,1624,1167
534050222,1250,600,650,406
534050223,909,454,455,355
534050224,120,57,63,36
534050231,120,63,57,57
534050232,25,8,17,5
534050233,101,48,53,35
534050234,101,49,52,26
534050241,76,33,43,20
534050242,0,0,0,0
534050243,12,7,5,5
534050244,9,5,4,2
534050251,85,30,55,11
534050252,195,90,105,64
534050253,8,6,2,5
534050254,0,0,0,0
534050261,87,47,40,32
534050262,32,19,13,8
534050263,119,21,98,7
534050264,16,8,8,5
534050271,49,28,21,26
534050272,442,181,261,99
534050273,51,23,28,16
534050274,180,125,55,8
534050281,44,24,20,12
534050282,63,30,33,27
534050283,1387,705,682,464
534050284,342,180,162,115
534050291,74,34,40,20
534050292,140,64,76,40
534050293,107,48,59,33
534050294,0,0,0,0
534050301,1741,856,885,766
534050302,1924,967,957,698
534050303,1146,532,614,470
534050304,422,207,215,142
534050311,690,329,361,190
534050312,691,338,353,209
534050313,220,116,104,81
534050314,1018,505,513,392
534050321,1138,584,554,392
534050322,152,76,76,51
534050323,2059,1049,1010,704
534050324,1249,642,607,469
534050331,99,62,37,31
534050332,731,363,368,260
534050333,91,69,22,30
534050334,1151,577,574,361
534050341,1666,784,882,512
534050342,112,59,53,32
534050343,3442,1686,1756,1448
534050344,1464,704,760,531
534050351,0,0,0,0
534050352,26,13,13,10
534050353,406,198,208,154
534050354,0,0,0,0
534050361,46,34,12,3
534050362,98,45,53,16
534050363,16,8,8,4
534050364,186,103,83,27
534050371,46,25,21,18
534050372,76,35,41,22
534050373,146,80,66,8
534050374,54,29,25,15
534050381,5,1,4,2
534050382,91,44,47,29
534050383,44,22,22,11
534050384,91,46,45,24
534050391,75,34,41,22
534050392,0,0,0,0
534050393,14,5,9,5
534050394,132,68,64,38
534050401,328,147,181,108
534050402,23,13,10,10
534050403,957,453,504,361
534050404,330,173,157,120
534050411,298,149,149,111
534050412,1093,533,560,384
534050413,140,81,59,50
534050414,603,285,318,193
534050421,2023,967,1056,726
534050422,3155,1524,1631,1234
534050423,1452,702,750,534
534050424,1107,544,563,427
534050431,227,103,124,79
534050432,199,84,115,112
534050433,573,276,297,196
534050434,244,133,111,107
534050441,2895,1412,1483,1019
534050442,1222,594,628,420
534050443,689,348,341,229
534050444,3,2,1,1
534050451,237,114,123,80
534050452,209,100,109,77
534050453,91,47,44,33
534050454,2257,1145,1112,1084
534050461,54,23,31,14
534050462,18,12,6,6
534050463,317,155,162,114
534050464,46,21,25,13
534050471,27,14,13,8
534050472,35,16,19,9
534050473,131,62,69,35
534050474,34,17,17,11
534050481,0,0,0,0
534050482,96,44,52,26
534050483,0,0,0,0
534050484,84,28,56,4
534050491,156,87,69,38
534050492,3,2,1,1
534050493,50,23,27,15
534050494,199,77,122,48
534050501,1183,581,602,498
534050502,94,50,44,35
534050503,1500,765,735,582
534050504,189,102,87,79
534050511,38,19,19,12
534050512,196,105,91,60
534050513,0,0,0,0
534050514,209,209,0,2
534050521,1455,763,692,458
534050522,187,99,88,64
534050523,634,344,290,249
534050524,870,432,438,279
534050531,622,299,323,208
534050532,85,40,45,24
534050533,869,445,424,304
534050534,1021,508,513,331
534050541,354,187,167,104
534050542,186,90,96,54
534050543,127,70,57,51
534050544,916,459,457,330
534050551,188,86,102,69
534050552,1988,984,1004,777
534050553,748,381,367,273
534050554,711,372,339,322
534050561,61,33,28,29
534050562,97,55,42,39
534050563,149,75,74,45
534050564,8,3,5,3
534050571,34,19,15,15
534050572,6,3,3,2
534050573,24,9,15,12
534050574,0,0,0,0
534050581,0,0,0,0
534050582,118,54,64,38
534050583,1039,490,549,356
534050584,558,257,301,178
534050591,831,419,412,256
534050592,1627,816,811,634
534050593,2359,1137,1222,851
534050594,1429,705,724,567
534050601,1154,593,561,425
534050602,91,39,52,37
534050603,962,471,491,361
534050604,154,79,75,61
534050611,140,73,67,2
534050612,117,117,0,2
534050613,154,93,61,32
534050614,472,275,197,152
534050621,703,411,292,275
534050622,1462,753,709,535
534050623,451,217,234,144
534050624,590,304,286,237
534050631,153,93,60,79
534050632,429,209,220,148
534050633,189,93,96,65
534050634,67,33,34,16
534050641,83,41,42,25
534050642,122,71,51,52
534050643,4,3,1,3
534050644,0,0,0,0
534050651,458,248,210,162
534050652,196,102,94,59
534050653,17,8,9,6
534050654,46,25,21,14
534050661,141,37,104,11
534050662,0,0,0,0
534050663,143,74,69,47
534050664,85,33,52,20
534050671,0,0,0,0
534050672,63,31,32,24
534050673,110,59,51,41
534050674,273,140,133,85
534050681,2072,999,1073,633
534050682,3122,1522,1600,1048
534050683,1543,760,783,509
534050684,3545,1723,1822,1193
534050691,11,4,7,4
534050692,0,0,0,0
534050693,2793,1364,1429,1036
534050694,0,0,0,0
534050701,739,369,370,324
534050702,252,132,120,99
534050703,134,66,68,59
534050704,297,147,150,108
534050711,614,318,296,220
534050712,361,184,177,131
534050713,249,120,129,86
534050714,134,67,67,53
534050721,178,92,86,70
534050722,125,67,58,43
534050723,198,97,101,63
534050724,82,39,43,33
534050731,134,78,56,49
534050732,182,92,90,62
534050733,43,22,21,13
534050734,87,43,44,34
534050741,26,12,14,6
534050742,27,14,13,8
534050743,110,52,58,32
534050744,20,9,11,6
534050751,4,1,3,2
534050752,0,0,0,0
534050753,22,10,12,7
534050754,36,19,17,9
534050761,9,5,4,4
534050762,98,49,49,34
534051813,137,72,65,48
534051814,114,63,51,32
534051821,8,3,5,3
534051822,44,22,22,13
534051823,34,14,20,8
534051824,79,43,36,34
534051831,3,2,1,1
534051832,11,6,5,5
534051833,63,26,37,19
534051834,136,79,57,64
534051841,101,49,52,30
534051842,131,61,70,39
534051843,0,0,0,0
534051844,806,385,421,270
534051851,78,36,42,23
534051852,49,23,26,16
534051853,577,293,284,192
534051854,623,314,309,200
534051861,169,87,82,51
534051862,136,67,69,37
534051863,36,22,14,16
534051864,47,24,23,17
534051871,56,29,27,15
534051872,58,28,30,14
534051873,20,12,8,5
534051874,11,6,5,4
534051881,0,0,0,0
534051882,64,33,31,16
534051883,14,8,6,4
534051884,29,12,17,9
534051891,26,15,11,8
534051892,0,0,0,0
534051893,6,3,3,3
534051894,27,14,13,9
534051901,0,0,0,0
534051902,23,10,13,6
534051903,48,22,26,14
534051904,222,76,146,39
534051911,93,45,48,29
534051912,91,41,50,26
534051913,487,233,254,172
534051914,141,67,74,59
534051921,105,32,73,8
534051922,4,2,2,1
534051923,10,4,6,3
534051924,173,82,91,52
534051931,31,13,18,7
534051932,52,26,26,16
534051933,0,0,0,0
534051934,29,15,14,10
534051941,8,5,3,5
534051942,35,19,16,11
534051943,68,38,30,20
534051944,81,39,42,30
534051951,1023,509,514,367
534051952,1287,628,659,460
534051953,910,464,446,365
534051954,1232,599,633,426
534051961,12,7,5,5
534051962,79,17,62,4
534051963,149,73,76,56
534051964,109,52,57,27
534051971,66,30,36,20
534051972,73,40,33,18
534051973,46,25,21,11
534051974,2,1,1,1
534051981,48,25,23,11
534051982,43,23,20,9
534051983,0,0,0,0
534051984,28,15,13,10
534051991,61,27,34,13
534051992,42,20,22,15
534051993,267,144,123,111
534051994,473,233,240,190
534052001,460,243,217,166
534052002,0,0,0,0
534052003,11,6,5,3
534052004,0,0,0,0
534052011,0,0,0,0
534052012,55,27,28,19
534052013,0,0,0,0
534052014,98,48,50,41
534052021,82,37,45,32
534052022,275,147,128,117
534050763,31,15,16,9
534050764,46,23,23,13
534050771,72,43,29,32
534050772,237,137,100,84
534050773,12,12,0,12
534050774,7,6,1,7
534050781,1228,593,635,459
534050782,740,361,379,267
534050783,77,49,28,28
534050784,5,1,4,1
534050791,754,372,382,255
534050792,285,154,131,89
534050793,29,15,14,7
534050794,799,396,403,252
534050801,256,122,134,89
534050802,274,149,125,109
534050803,28,11,17,10
534050804,1,1,0,1
534050811,86,46,40,30
534050812,64,32,32,17
534050813,206,102,104,68
534050814,102,52,50,33
534050821,30,19,11,12
534050822,10,9,1,10
534050823,6,4,2,2
534050824,7,4,3,3
534050831,89,38,51,27
534050832,141,46,95,16
534050833,55,30,25,14
534050834,64,33,31,25
534050841,120,57,63,34
534050842,47,26,21,16
534050843,0,0,0,0
534050844,23,15,8,9
534050851,0,0,0,0
534050852,18,8,10,4
534050853,0,0,0,0
534050854,19,10,9,3
534050861,151,71,80,39
534050862,160,76,84,38
534050863,165,87,78,41
534050864,83,42,41,21
534050871,0,0,0,0
534050872,0,0,0,0
534050873,55,27,28,14
534050874,83,42,41,18
534050881,179,82,97,53
534050882,69,39,30,20
534050883,145,69,76,41
534050884,288,149,139,87
534050891,112,59,53,35
534050892,40,23,17,12
534050893,6,1,5,1
534050894,107,54,53,29
534050901,697,356,341,247
534050902,0,0,0,0
534050903,1375,660,715,502
534050904,253,117,136,98
534050911,16,9,7,6
534050912,41,19,22,18
534050913,8,8,0,8
534050914,9,5,4,3
534050921,1,1,0,1
534050922,23,13,10,8
534050923,32,17,15,10
534050924,0,0,0,0
534050931,105,60,45,29
534050932,40,19,21,11
534050933,57,27,30,17
534050934,18,8,10,5
534050941,18,9,9,7
534050942,122,69,53,31
534050943,94,45,49,23
534050944,66,31,35,20
534050951,2,1,1,1
534050952,6,4,2,2
534050953,142,71,71,35
534050954,14,5,9,3
534050961,3,2,1,2
534050962,0,0,0,0
534050963,50,9,41,1
534050964,33,17,16,9
534050971,31,17,14,7
534050972,31,15,16,7
534050973,58,33,25,16
534050974,0,0,0,0
534050981,85,44,41,25
534050982,52,27,25,15
534050983,0,0,0,0
534050984,0,0,0,0
534050991,61,29,32,16
534050992,129,68,61,39
534050993,9,6,3,4
534050994,327,157,170,98
534051001,0,0,0,0
534051002,0,0,0,0
534051003,0,0,0,0
534051004,0,0,0,0
534051011,21,12,9,10
534051012,82,45,37,30
534051013,3,2,1,1
534051014,0,0,0,0
534051021,110,57,53,39
534051022,56,26,30,21
534051023,0,0,0,0
534051024,0,0,0,0
534051031,0,0,0,0
534051032,14,6,8,5
534051033,36,15,21,12
534051034,235,129,106,12
534051041,18,7,11,6
534051042,106,50,56,31
534051043,132,67,65,19
534051044,51,25,26,16
534051051,0,0,0,0
534051052,0,0,0,0
534051053,0,0,0,0
534051054,0,0,0,0
534051061,10,5,5,5
534051062,20,9,11,9
534051063,3,2,1,1
534051064,140,70,70,39
534051071,0,0,0,0
534051072,13,6,7,4
534051073,0,0,0,0
534051074,0,0,0,0
534051081,0,0,0,0
534051082,0,0,0,0
534051083,0,0,0,0
534051084,0,0,0,0
534051091,0,0,0,0
534051092,1130,556,574,386
534051093,25,11,14,6
534051094,214,180,34,74
534051101,68,39,29,25
534051102,97,55,42,31
534051103,56,28,28,19
534051104,90,28,62,10
534051111,279,129,150,82
534051112,15,8,7,7
534051113,0,0,0,0
534051114,24,11,13,8
534051121,6,3,3,2
534051122,0,0,0,0
534051123,271,136,135,81
534051124,45,25,20,12
534051131,110,52,58,37
534051132,107,54,53,32
534051133,117,58,59,39
534051134,281,145,136,82
534051141,4,2,2,1
534051142,191,98,93,57
534051143,0,0,0,0
534051144,42,19,23,16
534051151,64,32,32,21
534051152,6,3,3,2
534051153,5,3,2,2
534051154,10,3,7,3
534051161,0,0,0,0
534051162,0,0,0,0
534051163,0,0,0,0
534051164,0,0,0,0
534051171,0,0,0,0
534051172,0,0,0,0
534051173,4,2,2,1
534051174,65,32,33,17
534051181,26,9,17,8
534051182,0,0,0,0
534051183,49,21,28,18
534051184,28,14,14,7
534051191,65,37,28,19
534051192,180,87,93,55
534051193,8,4,4,3
534051194,88,43,45,24
534051201,149,79,70,46
534051202,5,3,2,1
534051203,0,0,0,0
534051204,45,21,24,13
534051211,24,14,10,6
534051212,0,0,0,0
534051213,67,36,31,17
534051214,0,0,0,0
534051221,128,61,67,39
534051222,0,0,0,0
534051223,0,0,0,0
534051224,0,0,0,0
534051231,77,39,38,16
534051232,50,26,24,15
534051233,0,0,0,0
534051234,38,19,19,15
534051241,0,0,0,0
534051242,0,0,0,0
534051243,18,8,10,5
534051244,17,11,6,5
534051251,2,1,1,1
534051252,18,11,7,5
534051253,187,92,95,51
534051254,24,12,12,8
534051261,0,0,0,0
534051262,0,0,0,0
534051263,11,5,6,4
534051264,25,11,14,8
534051271,101,44,57,35
534051272,26,12,14,8
534051273,51,26,25,14
534051274,98,47,51,28
534051281,64,25,39,11
534051282,171,76,95,48
534051283,29,13,16,7
534051284,40,23,17,15
534051291,7,2,5,2
534051292,45,25,20,14
534051293,112,60,52,33
534051294,41,23,18,11
534051301,0,0,0,0
534051302,55,27,28,20
534051303,168,88,80,56
534051304,38,21,17,12
534051311,99,44,55,26
534051312,47,24,23,13
534051313,108,56,52,35
534051314,0,0,0,0
534051321,0,0,0,0
534051322,0,0,0,0
534051323,0,0,0,0
534051324,0,0,0,0
534051331,0,0,0,0
534051332,43,23,20,10
534051333,0,0,0,0
534051334,0,0,0,0
534051341,109,30,79,6
534051342,0,0,0,0
534051343,6,4,2,3
534051344,79,35,44,20
534051351,31,15,16,9
534051352,9,4,5,3
534051353,0,0,0,0
534051354,18,10,8,6
534051361,9,5,4,3
534051362,34,16,18,8
534051363,1047,515,532,355
534051364,500,254,246,158
534051371,40,22,18,10
534051372,148,70,78,39
534051373,29,12,17,8
534051374,0,0,0,0
534051381,117,56,61,36
534051382,0,0,0,0
534051383,4,2,2,2
534051384,0,0,0,0
534051391,88,40,48,26
534051392,43,23,20,14
534051393,42,19,23,15
534051394,0,0,0,0
534051401,103,52,51,32
534051402,16,8,8,6
534051403,122,98,24,16
534051404,128,63,65,38
534051411,6,3,3,2
534051412,0,0,0,0
534051413,389,195,194,133
534051414,213,102,111,68
534051421,0,0,0,0
534051422,8,6,2,2
534051423,14,5,9,5
534051424,25,14,11,9
534051431,83,37,46,29
534051432,20,10,10,5
534051433,46,23,23,15
534051434,8,2,6,5
534051441,23,13,10,6
534051442,0,0,0,0
534051443,88,46,42,28
534051444,10,7,3,2
534051451,46,23,23,13
534051452,255,19,236,120
534051453,23,13,10,6
534051454,8,5,3,2
534051461,473,240,233,175
534051462,67,29,38,20
534051463,1354,691,663,473
534051464,681,356,325,204
534051471,6,3,3,2
534051472,0,0,0,0
534051473,80,37,43,22
534051474,4,2,2,2
534051481,6,3,3,3
534051482,90,40,50,21
534051483,245,127,118,85
534051484,92,40,52,22
534051491,53,27,26,12
534051492,0,0,0,0
534051493,88,40,48,28
534051494,0,0,0,0
534051501,938,456,482,367
534051502,857,406,451,292
534051503,2138,1049,1089,841
534051504,1797,874,923,603
534051511,2153,1055,1098,747
534051512,165,78,87,55
534051513,805,420,385,329
534051514,122,66,56,31
534051521,107,53,54,32
534051522,72,39,33,23
534051523,244,120,124,64
534051524,1367,693,674,490
534051531,104,42,62,37
534051532,2,1,1,1
534051533,1296,642,654,433
534051534,115,57,58,36
534051541,19,9,10,6
534051542,0,0,0,0
534051543,19,11,8,5
534051544,12,6,6,3
534051551,9,4,5,2
534051552,85,41,44,25
534051553,6,3,3,1
534051554,76,35,41,22
534051561,132,72,60,43
534051562,19,9,10,5
534051563,45,22,23,10
534051564,94,47,47,24
534051571,12,7,5,4
534051572,42,25,17,13
534051573,103,46,57,27
534051574,26,12,14,9
534051581,150,68,82,46
534051582,64,27,37,13
534051583,0,0,0,0
534051584,0,0,0,0
534051591,7,4,3,3
534051592,0,0,0,0
534051593,0,0,0,0
534051594,0,0,0,0
534051601,1974,962,1012,606
534051602,506,252,254,156
534051603,43,19,24,15
534051604,109,47,62,34
534051611,241,104,137,69
534051612,105,52,53,36
534051613,47,24,23,16
534051614,9,4,5,4
534051621,2750,1354,1396,886
534051622,2249,1113,1136,758
534051623,0,0,0,0
534051624,0,0,0,0
534051631,1495,723,772,550
534051632,199,93,106,60
534051633,0,0,0,0
534051634,963,483,480,305
534051641,2,1,1,2
534051642,9,5,4,2
534051643,1235,616,619,385
534051644,99,47,52,28
534051651,97,49,48,26
534051652,72,38,34,24
534051653,48,23,25,16
534051654,40,18,22,14
534051661,49,25,24,12
534051662,68,32,36,20
534051663,160,76,84,50
534051664,45,21,24,12
534051671,33,13,20,10
534051672,0,0,0,0
534051673,74,32,42,19
534051674,0,0,0,0
534051681,0,0,0,0
534051682,0,0,0,0
534051683,0,0,0,0
534051684,11,5,6,3
534051691,0,0,0,0
534051692,0,0,0,0
534051693,0,0,0,0
534051694,0,0,0,0
534051701,94,44,50,21
534051702,82,43,39,32
534051703,35,19,16,9
534051704,0,0,0,0
534052023,1065,523,542,452
534052024,501,260,241,215
534052031,20,7,13,7
534052032,108,44,64,15
534052033,452,221,231,216
534052034,1022,497,525,454
534052041,641,357,284,268
534052042,479,255,224,237
534052043,680,338,342,245
534052044,1229,624,605,528
534052051,135,80,55,70
534052052,8,5,3,5
534052053,329,169,160,123
534052054,48,23,25,15
534052061,10,8,2,10
534052062,277,137,140,99
534052063,17,9,8,8
534052064,22,13,9,9
534052071,251,122,129,88
534052072,32,16,16,10
534052073,18,12,6,6
534052074,544,281,263,191
534052081,85,41,44,23
534052082,12,7,5,3
534052083,32,16,16,11
534052084,3,1,2,2
534052091,1448,748,700,575
534052092,1379,745,634,734
534052093,693,382,311,341
534052094,598,414,184,420
534052101,6,2,4,2
534052102,0,0,0,0
534052103,16,9,7,5
534052104,0,0,0,0
534052111,29,13,16,7
534052112,154,78,76,46
534052113,44,19,25,12
534052114,28,13,15,11
534052121,1049,517,532,392
534052122,484,240,244,217
534052123,130,69,61,58
534052124,235,113,122,110
534052131,2416,1301,1115,1236
534052132,2247,1090,1157,1064
534052133,124,55,69,58
534052134,1562,781,781,639
534052141,1384,668,716,555
534052142,1447,743,704,635
534052143,1226,557,669,538
534052144,897,450,447,352
534052151,1659,936,723,738
534052152,405,204,201,165
534052153,1949,947,1002,706
534052154,1620,758,862,626
534052161,0,0,0,0
534052162,72,33,39,25
534052163,23,13,10,7
534052164,140,65,75,39
534052171,19,9,10,6
534052172,8,4,4,2
534052173,66,32,34,24
534052174,30,15,15,9
534052181,0,0,0,0
534052182,10,5,5,4
534052183,61,30,31,30
534052184,86,40,46,39
534052191,137,73,64,50
534052192,63,37,26,36
534052193,34,14,20,9
534052194,0,0,0,0
534052201,5,2,3,2
534052202,0,0,0,0
534052203,6,3,3,2
534052204,0,0,0,0
534052211,37,17,20,12
534052212,82,40,42,23
534052213,86,39,47,22
534052214,146,75,71,47
534052221,46,23,23,12
534052222,206,99,107,56
534052223,176,85,91,49
534052224,476,225,251,185
534052231,570,269,301,204
534052232,1789,863,926,653
534052233,2254,1130,1124,1032
534052234,1998,1006,992,1010
534052241,1399,700,699,649
534052242,628,324,304,253
534052243,1776,842,934,747
534052244,863,451,412,466
534052251,850,409,441,334
534052252,1970,967,1003,776
534052253,602,333,269,312
534052254,1827,930,897,787
534052261,203,121,82,102
534052262,4,1,3,4
534052263,281,153,128,145
534052264,4,2,2,1
534052271,0,0,0,0
534052272,97,52,45,30
534052273,0,0,0,0
534052274,48,27,21,17
534052281,197,114,83,89
534052282,75,41,34,24
534052283,41,22,19,14
534052284,9,5,4,3
534052291,4,2,2,2
534052292,0,0,0,0
534052293,6,4,2,2
534052294,0,0,0,0
534052301,0,0,0,0
534052302,0,0,0,0
534052303,0,0,0,0
534052304,0,0,0,0
534052311,80,39,41,24
534052312,0,0,0,0
534052313,50,25,25,19
534052314,3,1,2,1
534052321,317,171,146,108
534052322,1856,884,972,699
534052323,149,71,78,52
534052324,1351,666,685,497
534052331,2119,1012,1107,774
534052332,3722,1774,1948,1647
534052333,1663,826,837,772
534052334,1377,685,692,696
534052341,2156,1045,1111,1292
534052342,1739,885,854,993
534052343,1007,518,489,492
534052344,1170,564,606,623
534052351,959,450,509,482
534052352,1106,596,510,566
534052353,977,430,547,478
534052354,600,294,306,260
534052361,660,368,292,337
534052362,150,76,74,45
534052363,1008,518,490,426
534052364,19,10,9,6
534052371,64,30,34,20
534052372,66,34,32,32
534052373,0,0,0,0
534052374,0,0,0,0
534052381,51,23,28,19
534052382,0,0,0,0
534052383,6,2,4,3
534052384,0,0,0,0
534052391,0,0,0,0
534052392,0,0,0,0
534052393,0,0,0,0
534052394,341,187,154,2
534052401,24,10,14,8
534052402,254,123,131,81
534052403,29,14,15,10
534052404,22,10,12,9
534052411,88,40,48,23
534052412,7,4,3,3
534052413,159,78,81,49
534052414,34,14,20,9
534052421,51,31,20,18
534052422,1644,812,832,652
534052423,157,73,84,44
534052424,1198,548,650,471
534052431,2670,1320,1350,972
534052432,951,429,522,377
534052433,2533,1247,1286,978
534052434,445,206,239,141
534052441,1070,522,548,409
534052442,1168,591,577,512
534052443,221,109,112,143
534052444,1669,785,884,727
534052451,559,281,278,225
534052452,445,222,223,206
534052453,1303,643,660,494
534052454,397,213,184,189
534052461,607,315,292,262
534052462,128,67,61,50
534052463,430,227,203,181
534052464,30,22,8,25
534052471,52,28,24,15
534052472,12,5,7,3
534052473,52,29,23,14
534052474,23,9,14,6
534052481,32,15,17,6
534052482,0,0,0,0
534052483,17,10,7,5
534052484,0,0,0,0
534052491,0,0,0,0
534052492,0,0,0,0
534052493,19,7,12,5
534052494,80,36,44,27
534052501,2,1,1,1
534052502,31,14,17,10
534052503,0,0,0,0
534052504,0,0,0,0
534052511,68,35,33,19
534052512,0,0,0,0
534052513,1,0,1,1
534052514,0,0,0,0
534052521,57,30,27,18
534052522,1198,589,609,448
534052523,0,0,0,0
534052524,67,35,32,21
534052531,1429,582,847,663
534052532,449,214,235,156
534052533,724,363,361,236
534052534,9,7,2,8
534052541,27,16,11,8
534052542,1662,860,802,750
534052543,12,5,7,5
534052544,954,503,451,433
534052551,623,309,314,267
534052552,140,70,70,72
534052553,44,21,23,15
534052554,55,28,27,11
534052561,76,37,39,26
534052562,71,38,33,23
534052563,13,8,5,5
534052564,84,41,43,26
534052571,32,16,16,9
534052572,0,0,0,0
534052573,161,84,77,49
534052574,0,0,0,0
534052581,0,0,0,0
534052582,0,0,0,0
534052583,0,0,0,0
534052584,0,0,0,0
534052591,49,26,23,16
534052592,42,18,24,12
534052593,47,22,25,12
534052594,97,53,44,37
534052601,0,0,0,0
534052602,0,0,0,0
534052603,0,0,0,0
534052604,0,0,0,0
534052611,0,0,0,0
534052612,15,8,7,6
534052613,0,0,0,0
534052614,74,35,39,20
534052621,84,42,42,28
534052622,19,9,10,5
534052623,72,34,38,24
534052624,67,33,34,24
534052631,145,78,67,47
534052632,25,13,12,7
534052633,236,119,117,81
534052634,58,28,30,16
534052641,47,22,25,16
534052642,729,311,418,35
534052643,3,2,1,1
534052644,113,52,61,34
534052651,77,38,39,23
534052652,74,39,35,18
534052653,103,49,54,37
534052654,0,0,0,0
534052661,44,18,26,12
534052662,14,8,6,4
534052663,4,2,2,1
534052664,117,54,63,33
534052671,0,0,0,0
534052672,0,0,0,0
534052673,0,0,0,0
534052674,0,0,0,0
534052681,3,2,1,1
534052682,38,18,20,15
534052683,0,0,0,0
534052684,93,50,43,26
534052691,105,48,57,29
534052692,44,23,21,16
534052693,54,17,37,4
534052694,0,0,0,0
534052701,0,0,0,0
534052702,0,0,0,0
534052703,0,0,0,0
534052704,0,0,0,0
534052711,0,0,0,0
534052712,93,47,46,29
534052713,0,0,0,0
534052714,43,19,24,15
534052721,153,77,76,53
534052722,26,13,13,10
534052723,55,23,32,17
534052724,75,37,38,27
534052731,46,24,22,14
534052732,16,8,8,4
534052733,0,0,0,0
534052734,0,0,0,0
534052741,19,9,10,4
534052742,114,55,59,30
534052743,91,52,39,25
534052744,28,13,15,8
534052751,142,77,65,41
534052752,48,24,24,18
534052753,133,65,68,39
534052754,9,4,5,3
534052761,0,0,0,0
534052762,78,39,39,21
534052763,0,0,0,0
534052764,4,2,2,1
534052771,0,0,0,0
534052772,0,0,0,0
534052773,0,0,0,0
534052774,0,0,0,0
534052781,0,0,0,0
534052782,48,23,25,13
534052783,0,0,0,0
534052784,4,2,2,3
534052791,7,3,4,2
534052792,0,0,0,0
534052793,2,1,1,1
534052794,11,5,6,1
534052801,0,0,0,0
534052802,0,0,0,0
534052803,0,0,0,0
534052804,57,31,26,15
534052811,30,16,14,11
534052812,5,1,4,2
534052813,5,3,2,2
534052814,0,0,0,0
534052821,101,51,50,34
534052822,63,32,31,22
534052823,794,388,406,265
534052824,62,35,27,21
534052831,0,0,0,0
534052832,32,14,18,11
534052833,0,0,0,0
534052834,101,46,55,34
534052841,128,59,69,36
534052842,0,0,0,0
534052843,115,52,63,33
534052844,17,8,9,5
534052851,8,4,4,2
534052852,101,47,54,30
534052853,0,0,0,0
534052854,18,9,9,4
534052861,16,9,7,4
534052862,20,11,9,4
534052863,1,0,1,1
534052864,0,0,0,0
534052871,20,9,11,7
534052872,0,0,0,0
534052873,14,4,10,5
534052874,81,37,44,21
534052881,0,0,0,0
534052882,5,2,3,1
534052883,42,20,22,12
534052884,0,0,0,0
534052891,5,3,2,2
534052892,25,14,11,6
534052893,0,0,0,0
534052894,18,8,10,5
534052901,21,13,8,6
534052902,535,254,281,196
534052903,911,442,469,347
534052904,932,431,501,322
534052911,32,15,17,10
534052912,15,8,7,5
534052913,64,32,32,21
534052914,161,81,80,48
534052921,1313,624,689,442
534052922,582,276,306,196
534052923,1123,548,575,368
534052924,488,236,252,174
534052931,0,0,0,0
534052932,20,11,9,5
534052933,3,3,0,3
534052934,3,3,0,3
534052941,55,27,28,15
534052942,15,5,10,5
534052943,0,0,0,0
534052944,0,0,0,0
534052951,0,0,0,0
534052952,19,8,11,7
534052953,0,0,0,0
534052954,31,12,19,10
534052961,0,0,0,0
534052962,0,0,0,0
534052963,39,22,17,11
534052964,117,59,58,39
534052971,2,1,1,1
534052972,20,11,9,6
534052973,93,44,49,42
534052974,0,0,0,0
534052981,71,36,35,19
534052982,7,2,5,3
534052983,0,0,0,0
534052984,0,0,0,0
534052991,0,0,0,0
534052992,0,0,0,0
534052993,3,1,2,1
534052994,0,0,0,0
534053001,241,151,90,147
534053002,0,0,0,0
534053003,6,4,2,6
534053004,0,0,0,0
534053011,0,0,0,0
534053012,0,0,0,0
534053013,0,0,0,0
534053014,0,0,0,0
534053021,41,23,18,13
534053022,37,17,20,9
534053023,8,2,6,2
534053024,0,0,0,0
534053031,5,3,2,3
534053032,0,0,0,0
534053033,16,6,10,7
534053034,13,7,6,4
534053041,8,4,4,3
534053042,19,10,9,9
534053043,38,19,19,14
534053044,6,3,3,2
534053051,0,0,0,0
534053052,101,52,49,35
534053053,56,27,29,20
534053054,96,52,44,28
534053061,37,19,18,15
534053062,6,4,2,1
534053063,22,12,10,7
534053064,25,12,13,8
534053071,7,6,1,2
534053072,76,34,42,24
534053073,3,2,1,1
534053074,62,30,32,19
534053081,44,20,24,17
534053082,40,24,16,12
534053083,99,48,51,29
534053084,5,2,3,2
534053091,2,1,1,1
534053092,84,36,48,30
534053093,55,48,7,1
534053094,50,26,24,24
534053101,0,0,0,0
534053102,0,0,0,0
534053103,0,0,0,0
534053104,0,0,0,0
534053111,0,0,0,0
534053112,0,0,0,0
534053113,0,0,0,0
534053114,22,12,10,5
534053121,0,0,0,0
534053122,0,0,0,0
534053123,0,0,0,0
534053124,0,0,0,0
534053131,22,9,13,10
534053132,19,10,9,7
534053133,12,7,5,4
534053134,30,15,15,10
534053141,75,35,40,25
534053142,11,6,5,5
534053143,108,51,57,44
534053144,8,3,5,3
534053151,0,0,0,0
534053152,81,43,38,23
534053153,80,36,44,20
534053154,20,9,11,8
534053161,18,11,7,6
534053162,4,2,2,1
534053163,46,24,22,17
534053164,6,2,4,3
534053171,0,0,0,0
534053172,6,2,4,3
534053173,95,47,48,30
534053174,46,26,20,12
534053181,22,14,8,8
534053182,0,0,0,0
534053183,29,16,13,8
534053184,0,0,0,0
534053191,52,34,18,1
534053192,118,51,67,39
534053193,46,22,24,11
534053194,36,14,22,8
534053201,0,0,0,0
534053202,0,0,0,0
534053203,0,0,0,0
534053204,0,0,0,0
534053211,0,0,0,0
534053212,17,8,9,5
534053213,0,0,0,0
534053214,0,0,0,0
534053221,32,18,14,10
534053222,0,0,0,0
534053223,19,10,9,5
534053224,3,2,1,1
534053231,84,40,44,23
534053232,25,13,12,7
534053233,59,28,31,14
534053234,77,39,38,24
534053241,372,206,166,168
534053242,151,77,74,59
534053243,63,39,24,27
534053244,47,25,22,22
534053251,87,51,36,51
534053252,9,6,3,8
534053253,21,15,6,8
534053254,1,1,0,1
534053261,32,16,16,8
534053262,79,38,41,30
534053263,37,20,17,10
534053264,84,40,44,30
534053271,60,25,35,19
534053272,7,3,4,3
534053273,41,25,16,12
534053274,0,0,0,0
534053281,75,40,35,21
534053282,92,47,45,25
534053283,16,7,9,5
534053284,27,11,16,6
534053291,0,0,0,0
534053292,8,3,5,2
534053293,5,3,2,2
534053294,0,0,0,0
534053301,43,20,23,12
534053302,0,0,0,0
534053303,4,3,1,2
534053304,42,18,24,12
534053311,0,0,0,0
534053312,0,0,0,0
534053313,1,0,1,1
534053314,0,0,0,0
534053321,0,0,0,0
534053322,47,25,22,12
534053323,0,0,0,0
534053324,24,8,16,7
534053331,47,23,24,21
534053332,117,63,54,41
534053333,45,22,23,14
534053334,47,27,20,22
534053341,54,29,25,18
534053342,46,27,19,25
534053343,83,41,42,19
534053344,40,18,22,15
534053351,60,26,34,18
534053352,37,20,17,10
534053353,86,42,44,24
534053354,51,28,23,19
534053361,40,19,21,14
534053362,156,76,80,56
534053363,25,15,10,10
534053364,114,55,59,34
534053371,122,57,65,46
534053372,25,12,13,6
534053373,43,21,22,12
534053374,0,0,0,0
534053381,0,0,0,0
534053382,21,10,11,4
534053383,0,0,0,0
534053384,109,51,58,36
534053391,97,50,47,30
534053392,0,0,0,0
534053393,51,26,25,17
534053394,21,8,13,7
534053401,0,0,0,0
534053402,13,6,7,11
534053403,5,2,3,2
534053404,4,1,3,2
534053411,8,4,4,3
534053412,0,0,0,0
534053413,0,0,0,0
534053414,9,4,5,4
534053421,45,20,25,10
534053422,6,4,2,2
534053423,83,42,41,26
534053424,178,95,83,53
534053431,30,16,14,11
534053432,26,12,14,7
534053433,87,46,41,29
534053434,33,19,14,9
534053441,48,21,27,16
534053442,41,20,21,13
534053443,36,18,18,13
534053444,17,10,7,5
534053451,55,26,29,17
534053452,44,22,22,16
534053453,55,26,29,17
534053454,45,25,20,13
534053461,25,15,10,9
534053462,37,22,15,16
534053463,41,23,18,12
534053464,110,49,61,44
534053471,0,0,0,0
534053472,119,58,61,34
534053473,17,13,4,12
534053474,40,19,21,13
534053481,0,0,0,0
534053482,0,0,0,0
534053483,1,1,0,1
534053484,0,0,0,0
534053491,5,2,3,2
534053492,13,6,7,3
534053493,0,0,0,0
534053494,132,59,73,31
534053501,0,0,0,0
534053502,0,0,0,0
534053503,0,0,0,0
534053504,0,0,0,0
534053511,0,0,0,0
534053512,146,74,72,49
534053513,53,29,24,15
534053514,247,127,120,97
534053521,61,33,28,36
534053522,20,9,11,9
534053523,103,51,52,43
534053524,49,26,23,15
534053531,86,47,39,20
534053532,14,5,9,4
534053533,75,39,36,23
534053534,38,21,17,12
534053541,23,9,14,7
534053542,18,10,8,4
534053543,40,23,17,16
534053544,23,12,11,10
534053551,72,41,31,19
534053552,72,34,38,19
534053553,27,14,13,9
534053554,91,48,43,24
534053561,41,17,24,19
534053562,69,32,37,26
534053563,142,69,73,37
534053564,50,22,28,13
534053571,7,4,3,6
534053572,0,0,0,0
534053573,102,51,51,23
534053574,0,0,0,0
534053581,0,0,0,0
534053582,0,0,0,0
534053583,11,5,6,2
534053584,0,0,0,0
534053591,0,0,0,0
534053592,93,43,50,23
534053593,21,12,9,7
534053594,131,61,70,39
534053601,0,0,0,0
534053602,16,8,8,4
534053603,0,0,0,0
534053604,19,11,8,6
534053611,12,5,7,3
534053612,32,19,13,20
534053613,11,6,5,2
534053614,58,28,30,12
534053621,126,62,64,39
534053622,113,58,55,45
534053623,41,17,24,17
534053624,96,42,54,30
534053631,88,44,44,26
534053632,17,9,8,7
534053633,49,26,23,18
534053634,31,17,14,10
534053641,159,91,68,63
534053642,120,64,56,39
534053643,42,23,19,13
534053644,12,5,7,2
534053651,33,20,13,10
534053652,55,25,30,24
534053653,22,9,13,8
534053654,49,29,20,16
534053661,57,36,21,30
534053662,10,2,8,7
534053663,85,56,29,49
534053664,5,3,2,4
534053671,20,11,9,7
534053672,136,73,63,42
534053673,16,9,7,6
534053674,55,27,28,17
534053681,98,51,47,29
534053682,0,0,0,0
534053683,91,44,47,29
534053684,27,14,13,7
534053691,0,0,0,0
534053692,54,24,30,17
534053693,0,0,0,0
534053694,55,25,30,16
534053701,0,0,0,0
534053702,51,24,27,17
534053703,24,12,12,6
534053704,45,22,23,12
534053711,0,0,0,0
534053712,67,30,37,18
534053713,81,39,42,26
534053714,82,39,43,24
534053721,40,19,21,14
534053722,87,45,42,31
534053723,136,68,68,46
534053724,407,217,190,141
534053731,56,27,29,16
534053732,35,17,18,10
534053733,56,24,32,21
534053734,45,22,23,9
534053741,42,18,24,11
534053742,2,1,1,1
534053743,77,34,43,23
534053744,65,34,31,17
534053751,45,33,12,27
534053752,61,30,31,20
534053753,9,5,4,5
534053754,30,16,14,10
534053761,22,13,9,9
534053762,46,21,25,12
534053763,108,36,72,15
534053764,33,19,14,13
534053771,59,31,28,15
534053772,5,3,2,2
534053773,124,61,63,35
534053774,73,39,34,28
534053781,0,0,0,0
534053782,46,36,10,41
534053783,18,9,9,6
534053784,54,25,29,19
534053791,11,4,7,4
534053792,43,19,24,12
534053793,210,103,107,52
534053794,18,9,9,5
534053801,47,21,26,11
534053802,59,11,48,3
534053803,0,0,0,0
534053804,61,30,31,19
534053811,100,52,48,33
534053812,76,38,38,33
534053813,41,20,21,12
534053814,10,6,4,4
534053821,93,47,46,42
534053822,213,110,103,70
534053823,14,6,8,4
534053824,102,43,59,37
534053831,71,38,33,24
534053832,53,24,29,13
534053833,34,17,17,9
534053834,4,1,3,1
534053841,28,11,17,7
534053842,24,11,13,7
534053843,3,1,2,1
534053844,12,8,4,4
534053851,10,6,4,3
534053852,27,16,11,6
534053853,3,1,2,1
534053854,6,3,3,2
534053861,44,18,26,13
534053862,40,24,16,9
534053863,61,32,29,19
534053864,77,36,41,27
534053871,38,20,18,13
534053872,5,1,4,5
534053873,22,12,10,5
534053874,54,28,26,19
534053881,31,18,13,14
534053882,15,8,7,3
534053883,8,5,3,7
534053884,0,0,0,0
534053891,45,21,24,13
534053892,0,0,0,0
534053893,23,12,11,7
534053894,4,1,3,1
534053901,0,0,0,0
534053902,12,6,6,4
534053903,0,0,0,0
534053904,59,26,33,16
534053911,17,9,8,4
534053912,16,7,9,3
534053913,0,0,0,0
534053914,0,0,0,0
534053921,0,0,0,0
534053922,154,79,75,44
534053923,1,1,0,1
534053924,113,58,55,31
534053931,21,13,8,7
534053932,72,38,34,20
534053933,90,49,41,29
534053934,56,24,32,21
534053941,4,2,2,1
534053942,18,8,10,4
534053943,47,22,25,18
534053944,0,0,0,0
534053951,87,43,44,25
534053952,19,9,10,6
534053953,32,19,13,13
534053954,28,14,14,8
534053961,22,11,11,9
534053962,58,29,29,19
534053963,21,9,12,6
534053964,56,29,27,13
534053971,110,53,57,37
534053972,33,20,13,10
534053973,38,16,22,11
534053974,53,28,25,18
534053981,7,4,3,3
534053982,128,56,72,33
534053983,24,15,9,6
534053984,6,2,4,2
534053991,55,25,30,13
534053992,39,17,22,9
534053993,17,9,8,5
534053994,29,15,14,8
534054001,0,0,0,0
534054002,0,0,0,0
534054003,1,1,0,1
534054004,8,3,5,3
534054011,0,0,0,0
534054012,95,46,49,30
534054013,14,7,7,4
534054014,246,98,148,7
534054021,19,8,11,6
534054022,128,63,65,32
534054023,34,17,17,9
534054024,0,0,0,0
534054031,25,13,12,6
534054032,25,10,15,9
534054033,34,17,17,9
534054034,0,0,0,0
534054041,0,0,0,0
534054042,15,7,8,5
534054043,10,7,3,2
534054044,0,0,0,0
534054051,40,17,23,16
534054052,108,58,50,29
534054053,8,4,4,4
534054054,64,30,34,16
534054061,184,91,93,50
534054062,219,113,106,57
534054063,143,71,72,40
534054064,203,97,106,61
534054071,3,3,0,3
534054072,24,12,12,6
534054073,130,68,62,42
534054074,13,6,7,5
534054081,110,55,55,31
534054082,143,58,85,34
534054083,0,0,0,0
534054084,0,0,0,0
534054091,98,52,46,29
534054092,23,10,13,7
534054093,68,35,33,18
534054094,129,66,63,29
534054101,26,14,12,7
534054102,14,6,8,4
534054103,32,18,14,9
534054104,191,100,91,52
534054111,19,9,10,4
534054112,0,0,0,0
534054113,16,8,8,6
534054114,39,17,22,13
534054121,111,59,52,33
534054122,83,37,46,22
534054123,0,0,0,0
534054124,0,0,0,0
534054131,90,42,48,26
534054132,3,1,2,1
534054133,3,1,2,2
534054134,83,33,50,27
534054141,13,7,6,4
534054142,93,45,48,31
534054143,34,17,17,11
534054144,12,7,5,4
534054151,192,95,97,56
534054152,6,2,4,2
534054153,50,24,26,13
534054154,12,7,5,3
534054161,161,82,79,55
534054162,134,66,68,41
534054163,45,19,26,16
534054164,21,11,10,6
534054171,81,42,39,26
534054172,133,59,74,36
534054173,9,3,6,3
534054174,0,0,0,0
534054181,207,111,96,57
534054182,39,18,21,12
534054183,4,2,2,2
534054184,156,70,86,47
534054191,0,0,0,0
534054192,0,0,0,0
534054193,97,46,51,26
534054194,12,9,3,3
534054201,89,43,46,24
534054202,202,102,100,61
534054203,66,36,30,21
534054204,2,1,1,1
534054211,13,8,5,3
534054212,124,61,63,37
534054213,7,4,3,3
534054214,91,40,51,27
534054221,50,23,27,15
534054222,85,41,44,23
534054223,131,63,68,39
534054224,83,44,39,22
534054231,15,7,8,3
534054232,27,12,15,8
534054233,22,11,11,7
534054234,0,0,0,0
534054241,0,0,0,0
534054242,0,0,0,0
534054243,14,7,7,4
534054244,16,8,8,4
534054251,30,13,17,8
534054252,48,22,26,12
534054253,41,21,20,12
534054254,15,7,8,3
534054261,7,2,5,1
534054262,53,29,24,13
534054263,184,86,98,52
534054264,22,10,12,7
534054271,28,15,13,9
534054272,45,24,21,11
534054273,25,11,14,6
534054274,43,22,21,16
534054281,0,0,0,0
534054282,95,46,49,26
534054283,13,6,7,4
534054284,0,0,0,0
534054291,143,57,86,27
534054292,179,88,91,42
534054293,177,85,92,44
534054294,4,1,3,1
534054301,0,0,0,0
534054302,0,0,0,0
534054303,26,12,14,7
534054304,162,76,86,42
534054311,45,20,25,13
534054312,29,14,15,8
534054313,0,0,0,0
534054314,0,0,0,0
534054321,0,0,0,0
534054322,0,0,0,0
534054323,0,0,0,0
534054324,97,51,46,30
534054331,76,34,42,21
534054332,12,6,6,3
534054333,162,73,89,47
534054334,11,6,5,4
534054341,0,0,0,0
534054342,90,46,44,22
534054343,31,13,18,9
534054344,34,18,16,9
534054351,130,65,65,37
534054352,24,11,13,8
534054353,175,90,85,59
534054354,27,12,15,8
534054361,51,31,20,17
534054362,7,4,3,5
534054363,79,37,42,20
534054364,90,51,39,20
534054371,13,11,2,9
534054372,9,6,3,9
534054373,20,12,8,5
534054374,42,25,17,14
534054381,31,15,16,7
534054382,39,21,18,11
534054383,24,11,13,9
534054384,73,37,36,19
534054391,38,19,19,12
534054392,6,3,3,2
534054393,8,4,4,2
534054394,58,28,30,14
534054401,26,13,13,7
534054402,32,15,17,11
534054403,18,10,8,3
534054404,3,2,1,1
534054411,0,0,0,0
534054412,0,0,0,0
534054413,0,0,0,0
534054414,0,0,0,0
534054421,28,14,14,9
534054422,214,103,111,64
534054423,27,14,13,9
534054424,299,141,158,89
534054431,31,14,17,9
534054432,19,11,8,6
534054433,122,57,65,31
534054434,1,1,0,1
534054441,4,1,3,2
534054442,28,11,17,7
534054443,0,0,0,0
534054444,25,15,10,7
534054451,31,14,17,9
534054452,87,41,46,23
534054453,13,7,6,4
534054454,5,3,2,1
534054461,17,8,9,5
534054462,55,27,28,17
534054463,0,0,0,0
534054464,0,0,0,0
534054471,6,3,3,2
534054472,10,5,5,4
534054473,1,1,0,1
534054474,9,4,5,2
534054481,111,58,53,35
534054482,150,74,76,39
534054483,272,131,141,95
534054484,226,99,127,37
534054491,12,6,6,4
534054492,37,19,18,9
534054493,47,22,25,15
534054494,34,15,19,9
534054501,73,35,38,16
534054502,195,99,96,49
534054503,25,13,12,8
534054504,29,29,0,29
534054511,7,4,3,2
534054512,3,0,3,1
534054513,18,9,9,3
534054514,50,27,23,15
534054521,0,0,0,0
534054522,0,0,0,0
534054523,9,4,5,3
534054524,2,1,1,1
534054531,21,10,11,6
534054532,22,12,10,6
534054533,3,1,2,1
534054534,46,22,24,13
534054541,37,18,19,10
534054542,78,19,59,3
534054543,53,28,25,16
534054544,30,12,18,9
534054551,10,4,6,3
534054552,30,18,12,8
534054553,2,1,1,1
534054554,12,6,6,3
534054561,3,2,1,1
534054562,23,9,14,7
534054563,47,20,27,11
534054564,43,24,19,12
534054571,67,33,34,16
534054572,123,60,63,37
534054573,189,84,105,52
534054574,105,45,60,26
534054581,125,62,63,44
534054582,71,32,39,21
534054583,129,60,69,41
534054584,200,100,100,56
534054591,20,11,9,5
534054592,11,6,5,2
534054593,87,41,46,25
534054594,0,0,0,0
534054601,49,22,27,16
534054602,4,3,1,1
534054603,118,62,56,35
534054604,100,52,48,29
534054611,0,0,0,0
534054612,55,30,25,18
534054613,16,13,3,13
534054614,59,30,29,21
534054621,30,12,18,9
534054622,24,14,10,8
534054623,12,7,5,3
534054624,2,2,0,1
534054631,38,20,18,10
534054632,48,25,23,13
534054633,51,25,26,13
534054634,74,38,36,21
534054641,80,42,38,31
534054642,35,17,18,10
534054643,81,38,43,22
534054644,31,15,16,8
534054651,132,72,60,29
534054652,120,56,64,33
534054653,87,43,44,22
534054654,47,22,25,11
534054661,40,19,21,12
534054662,0,0,0,0
534054663,7,4,3,3
534054664,0,0,0,0
534054671,38,16,22,8
534054672,52,29,23,14
534054673,0,0,0,0
534054674,0,0,0,0
534054681,219,103,116,60
534054682,195,96,99,57
534054683,76,38,38,19
534054684,41,20,21,12
534054691,24,11,13,9
534054692,12,5,7,4
534054693,0,0,0,0
534054694,0,0,0,0
534054701,192,94,98,62
534054702,38,18,20,13
534054703,155,72,83,46
534054704,186,84,102,58
534054711,6,4,2,2
534054712,3,3,0,3
534054713,49,17,32,10
534054714,74,23,51,9
534054721,27,14,13,7
534054722,40,22,18,14
534054723,145,76,69,46
534054724,93,36,57,22
534054731,26,14,12,9
534054732,41,24,17,14
534054733,30,15,15,11
534054734,44,24,20,13
534054741,15,8,7,4
534054742,9,4,5,2
534054743,8,3,5,1
534054744,54,24,30,14
534054751,0,0,0,0
534054752,0,0,0,0
534054753,237,130,107,57
534054754,86,38,48,23
534054761,0,0,0,0
534054762,0,0,0,0
534054763,0,0,0,0
534054764,0,0,0,0
534054771,11,3,8,5
534054772,97,53,44,22
534054773,24,13,11,5
534054774,363,177,186,90
534054781,21,10,11,5
534054782,0,0,0,0
534054783,6,3,3,2
534054784,0,0,0,0
534054791,0,0,0,0
534054792,35,19,16,9
534054793,0,0,0,0
534054794,114,58,56,34
534054801,108,54,54,36
534054802,22,11,11,11
534054803,100,45,55,33
534054804,19,9,10,4
534054811,0,0,0,0
534054812,23,13,10,7
534054813,0,0,0,0
534054814,4,2,2,1
534054821,117,63,54,33
534054822,25,12,13,10
534054823,36,19,17,10
534054824,34,17,17,9
534054831,45,23,22,11
534054832,41,17,24,13
534054833,33,20,13,9
534054834,42,20,22,10
534054841,5,3,2,2
534054842,82,41,41,22
534054843,17,9,8,3
534054844,0,0,0,0
534054851,25,10,15,7
534054852,3,1,2,1
534054853,22,12,10,4
534054854,195,102,93,23
534054861,0,0,0,0
534054862,0,0,0,0
534054863,22,10,12,8
534054864,16,5,11,6
534054871,17,8,9,5
534054872,53,26,27,12
534054873,84,34,50,18
534054874,0,0,0,0
534054881,15,9,6,3
534054882,12,5,7,3
534054883,0,0,0,0
534054884,0,0,0,0
534054891,39,20,19,11
534054892,101,47,54,26
534054893,0,0,0,0
534054894,94,42,52,28
534054901,64,28,36,9
534054902,42,20,22,12
534054903,40,23,17,12
534054904,3,1,2,1
534054911,24,11,13,6
534054912,97,51,46,24
534054913,66,31,35,19
534054914,47,25,22,13
534054921,58,31,27,18
534054922,39,17,22,13
534054923,46,20,26,12
534054924,58,26,32,21
534054931,96,48,48,28
534054932,23,9,14,6
534054933,29,16,13,8
534054934,0,0,0,0
534054941,0,0,0,0
534054942,0,0,0,0
534054943,22,13,9,6
534054944,44,24,20,14
534054951,17,10,7,4
534054952,49,22,27,13
534054953,53,26,27,15
534054954,59,29,30,17
534054961,25,11,14,7
534054962,41,19,22,13
534054963,92,45,47,20
534054964,167,91,76,46
534054971,110,55,55,44
534054972,278,142,136,68
534054973,122,60,62,40
534054974,190,91,99,49
534054981,20,12,8,6
534054982,119,60,59,24
534054983,26,15,11,7
534054984,27,14,13,7
534054991,0,0,0,0
534054992,141,64,77,35
534054993,12,7,5,4
534054994,161,78,83,54
534055001,128,68,60,38
534055002,247,117,130,70
534055003,183,86,97,45
534055004,115,55,60,29
534055011,222,108,114,58
534055012,87,41,46,22
534055013,52,27,25,13
534055014,52,24,28,16
534055021,29,12,17,6
534055022,6,3,3,3
534055023,2,0,2,2
534055024,0,0,0,0
534055031,0,0,0,0
534055032,0,0,0,0
534055033,0,0,0,0
534055034,0,0,0,0
534055041,0,0,0,0
534055042,197,90,107,55
534055043,4,2,2,1
534055044,214,111,103,51
534055051,10,4,6,3
534055052,0,0,0,0
534055053,265,151,114,59
534055054,74,34,40,17
534055061,11,5,6,3
534055062,0,0,0,0
534055063,0,0,0,0
534055064,4,2,2,1
534055071,22,11,11,5
534055072,58,33,25,20
534055073,16,9,7,10
534055074,1,1,0,1
534055081,0,0,0,0
534055082,0,0,0,0
534055083,41,21,20,11
534055084,6,2,4,3
534055091,74,32,42,38
534055092,0,0,0,0
534055093,22,12,10,6
534055094,0,0,0,0
534055101,94,39,55,26
534055102,5,3,2,2
534055103,8,4,4,4
534055104,0,0,0,0
534055111,0,0,0,0
534055112,0,0,0,0
534055113,0,0,0,0
534055114,0,0,0,0
534055121,0,0,0,0
534055122,0,0,0,0
534055123,0,0,0,0
534055124,0,0,0,0
534055131,0,0,0,0
534055132,0,0,0,0
534055133,0,0,0,0
534055134,0,0,0,0
534055141,0,0,0,0
534055142,155,77,78,43
534055143,0,0,0,0
534055144,56,29,27,16
534055151,84,37,47,23
534055152,127,59,68,32
534055153,204,96,108,54
534055154,42,21,21,13
534055161,28,11,17,7
534055162,49,24,25,9
534055163,22,11,11,5
534055164,22,10,12,3
534055171,51,29,22,15
534055172,54,30,24,15
534055173,77,39,38,21
534055174,29,16,13,8
534055181,16,8,8,4
534055182,23,13,10,6
534055183,8,4,4,3
534055184,0,0,0,0
534055191,0,0,0,0
534055192,2,1,1,1
534055193,5,2,3,1
534055194,3,1,2,1
534055201,202,97,105,52
534055202,151,73,78,39
534055203,64,29,35,20
534055204,6,2,4,1
534055211,32,17,15,9
534055212,0,0,0,0
534055213,190,90,100,44
534055214,229,111,118,59
534055221,0,0,0,0
534055222,0,0,0,0
534055223,171,81,90,44
534055224,0,0,0,0
534055231,0,0,0,0
534055232,0,0,0,0
534055233,0,0,0,0
534055234,0,0,0,0
534055241,0,0,0,0
534055242,0,0,0,0
534055243,0,0,0,0
534055244,100,45,55,25
534055251,263,124,139,66
534055252,69,32,37,17
534055253,63,33,30,19
534055254,0,0,0,0
534055261,0,0,0,0
534055262,54,27,27,15
534055263,13,9,4,3
534055264,24,13,11,8
534055271,70,36,34,19
534055272,57,30,27,14
534055273,28,15,13,9
534055274,0,0,0,0
534055281,0,0,0,0
534055282,0,0,0,0
534055283,0,0,0,0
534055284,0,0,0,0
534055291,6,3,3,2
534055292,51,26,25,13
534055293,16,10,6,4
534055294,234,107,127,70
534055301,0,0,0,0
534055302,18,12,6,4
534055303,56,29,27,13
534055304,78,39,39,18
534055311,0,0,0,0
534055312,220,110,110,59
534055313,8,6,2,2
534055314,97,45,52,33
534055321,178,86,92,54
534055322,0,0,0,0
534055323,253,117,136,72
534055324,17,6,11,5
534055331,0,0,0,0
534055332,121,57,64,29
534055333,29,15,14,6
534055334,214,107,107,54
534055341,108,52,56,30
534055342,122,62,60,33
534055343,32,16,16,10
534055344,25,15,10,6
534055351,0,0,0,0
534055352,0,0,0,0
534055353,0,0,0,0
534055354,3,2,1,1
534055361,20,12,8,4
534055362,18,10,8,5
534055363,14,7,7,4
534055364,4,1,3,4
534055371,0,0,0,0
534055372,3,1,2,1
534055373,1,1,0,1
534055374,0,0,0,0
534055381,0,0,0,0
534055382,24,11,13,8
534055383,66,31,35,17
534055384,184,84,100,56
534055391,191,98,93,57
534055392,3,3,0,3
534055393,70,34,36,26
534055394,0,0,0,0
534055401,9,4,5,4
534055402,81,34,47,24
534055403,50,23,27,14
534055404,42,16,26,11
534055411,19,10,9,6
534055412,64,35,29,23
534055413,140,67,73,40
534055414,141,69,72,36
534055421,131,65,66,31
534055422,0,0,0,0
534055423,70,38,32,19
534055424,16,10,6,3
534055431,143,66,77,35
534055432,25,13,12,6
534055433,57,31,26,15
534055434,20,10,10,7
534055441,11,6,5,3
534055442,0,0,0,0
534055443,166,86,80,41
534055444,157,75,82,42
534055451,0,0,0,0
534055452,4,2,2,1
534055453,50,31,19,17
534055454,20,11,9,7
534055461,331,165,166,119
534055462,523,261,262,172
534055463,723,362,361,231
534055464,588,245,343,160
534055471,74,37,37,24
534055472,26,11,15,9
534055473,122,66,56,40
534055474,59,27,32,18
534055481,372,182,190,108
534055482,40,18,22,13
534055483,16,8,8,5
534055484,0,0,0,0
534055491,0,0,0,0
534055492,0,0,0,0
534055493,0,0,0,0
534055501,16,9,7,6
534055502,0,0,0,0
534055503,44,24,20,12
534055504,0,0,0,0
534055511,57,28,29,16
534055512,46,22,24,13
534055513,28,16,12,6
534055514,17,10,7,5
534055521,130,73,57,38
534055522,0,0,0,0
534055523,23,12,11,6
534055524,0,0,0,0
534055531,21,10,11,5
534055532,159,74,85,48
534055533,0,0,0,0
534055534,25,14,11,8
534055541,298,146,152,84
534055542,63,32,31,18
534055543,32,17,15,7
534055544,3,1,2,1
534055551,22,11,11,5
534055552,9,4,5,5
534055553,27,20,7,19
534055554,0,0,0,0
534055561,53,27,26,16
534055562,0,0,0,0
534055563,25,12,13,8
534055564,62,29,33,19
534055571,110,51,59,28
534055572,240,122,118,73
534055573,153,73,80,48
534055574,124,65,59,35
534055581,0,0,0,0
534055582,0,0,0,0
534055583,0,0,0,0
534055601,18,9,9,5
534055602,0,0,0,0
534055603,0,0,0,0
534055604,0,0,0,0
534055611,0,0,0,0
534055612,1,0,1,1
534055613,79,43,36,20
534055614,2,1,1,1
534055621,0,0,0,0
534055622,0,0,0,0
534055623,0,0,0,0
534055624,120,61,59,28
534055631,0,0,0,0
534055632,160,82,78,43
534055633,40,20,20,10
534055634,122,60,62,37
534055641,48,24,24,15
534055642,39,19,20,9
534055643,151,73,78,42
534055644,159,86,73,46
534055651,65,33,32,19
534055652,0,0,0,0
534055653,34,16,18,12
534055654,0,0,0,0
534055661,61,32,29,19
534055662,100,52,48,29
534055663,31,14,17,7
534055664,148,69,79,47
534055671,57,28,29,21
534055672,0,0,0,0
534055673,205,95,110,64
534055674,0,0,0,0
534055681,0,0,0,0
534055701,4,2,2,1
534055702,42,22,20,11
534055703,47,23,24,12
534055704,109,51,58,30
534055711,30,18,12,8
534055712,97,51,46,39
534055713,149,69,80,44
534055714,192,91,101,52
534055721,0,0,0,0
534055722,24,14,10,8
534055723,0,0,0,0
534055724,84,44,40,21
534055731,4,3,1,1
534055732,12,7,5,3
534055733,73,28,45,19
534055734,14,7,7,4
534055741,94,43,51,27
534055742,19,9,10,7
534055743,0,0,0,0
534055744,51,27,24,15
534055751,31,17,14,11
534055752,55,25,30,15
534055753,53,28,25,15
534055754,13,5,8,4
534055761,95,41,54,29
534055762,128,61,67,37
534055763,317,154,163,95
534055764,133,65,68,37
534055771,19,5,14,4
534055772,0,0,0,0
534055773,5,2,3,1
534055774,0,0,0,0
534055801,3,2,1,1
534055802,7,0,7,7
534055803,66,34,32,20
534055804,10,7,3,3
534055811,4,2,2,1
534055812,81,43,38,28
534055813,23,12,11,9
534055814,93,46,47,34
534055821,82,43,39,25
534055822,66,30,36,19
534055823,49,23,26,13
534055824,2,1,1,1
534055831,46,23,23,10
534055832,0,0,0,0
534055833,32,13,19,10
534055834,0,0,0,0
534055841,50,26,24,14
534055842,49,23,26,12
534055843,165,81,84,46
534055844,60,29,31,15
534055851,66,33,33,14
534055852,83,43,40,29
534055853,148,46,102,8
534055854,29,14,15,9
534055861,406,179,227,114
534055862,106,59,47,28
534055863,264,127,137,88
534055864,63,32,31,19
534055871,0,0,0,0
534055872,4,2,2,1
534055873,0,0,0,0
534055901,69,31,38,21
534055902,16,10,6,5
534055903,9,3,6,3
534055904,30,13,17,10
534055911,30,17,13,8
534055912,226,133,93,13
534055913,105,57,48,29
534055914,102,52,50,11
534055921,106,62,44,9
534055922,0,0,0,0
534055923,72,34,38,21
534055924,51,30,21,21
534055931,1,1,0,1
534055932,0,0,0,0
534055933,18,9,9,4
534055934,0,0,0,0
534055941,35,13,22,8
534055942,89,47,42,24
534055943,5,2,3,2
534055944,736,355,381,257
534055951,801,407,394,311
534055952,189,89,100,63
534055953,390,197,193,133
534055954,117,58,59,33
534055961,117,55,62,37
534055962,0,0,0,0
534055963,0,0,0,0
534055964,0,0,0,0
534055971,0,0,0,0
534055973,1,0,1,1
534056001,0,0,0,0
534056002,129,63,66,41
534056003,0,0,0,0
534056004,11,5,6,3
534056011,87,47,40,24
534056012,66,34,32,28
534056013,33,16,17,7
534056014,207,94,113,61
534056021,315,163,152,101
534056022,140,61,79,50
534056023,1,0,1,1
534056024,2,1,1,2
534056031,53,26,27,19
534056032,0,0,0,0
534056033,0,0,0,0
534056034,78,41,37,27
534056041,89,47,42,19
534056101,0,0,0,0
534056102,34,17,17,11
534056103,88,40,48,29
534056104,505,253,252,172
534056111,425,202,223,138
534056112,467,235,232,135
534056113,431,207,224,134
534056114,29,14,15,7
534056121,0,0,0,0
534056122,0,0,0,0
534056123,0,0,0,0
534056131,30,16,14,6
534056201,574,270,304,170
534056202,168,81,87,52
534056203,45,24,21,14
534056204,0,0,0,0
534056211,0,0,0,0
534056212,0,0,0,0
534056213,0,0,0,0
534056301,0,0,0,0
534056302,0,0,0,0
534056303,0,0,0,0
534060001,2627,1298,1329,995
534060002,276,151,125,125
534060003,1344,648,696,537
534060004,341,185,156,170
534060011,4,2,2,2
534060012,5,3,2,1
534060013,89,42,47,29
534060014,63,33,30,19
534060021,87,45,42,26
534060022,0,0,0,0
534060023,46,23,23,14
534060024,56,27,29,20
534060031,37,16,21,13
534060032,171,84,87,55
534060033,114,60,54,33
534060034,275,122,153,79
534060041,122,58,64,30
534060042,21,9,12,7
534060043,105,52,53,28
534060044,9,4,5,3
534060051,25,12,13,6
534060052,40,19,21,13
534060053,51,24,27,16
534060054,137,73,64,43
534060061,0,0,0,0
534060062,47,22,25,14
534060063,10,4,6,4
534060064,21,11,10,6
534060071,138,69,69,42
534060072,34,17,17,10
534060073,166,81,85,47
534060074,30,15,15,13
534060081,0,0,0,0
534060082,0,0,0,0
534060083,0,0,0,0
534060084,0,0,0,0
534060091,0,0,0,0
534060092,3,2,1,1
534060093,0,0,0,0
534060094,0,0,0,0
534060101,1716,831,885,676
534060102,1467,702,765,486
534060103,933,479,454,393
534060104,1323,692,631,521
534060111,786,415,371,308
534060112,202,102,100,75
534060113,102,49,53,30
534060114,486,245,241,177
534060121,206,104,102,55
534060122,27,15,12,8
534060123,1800,937,863,587
534060124,103,50,53,37
534060131,48,22,26,11
534060132,54,35,19,23
534060133,252,126,126,70
534060134,24,12,12,7
534060141,2,2,0,2
534060142,5,2,3,2
534060143,0,0,0,0
534060144,6,4,2,1
534060151,227,116,111,65
534060152,338,171,167,99
534060153,13,5,8,3
534060154,32,17,15,8
534060161,91,49,42,31
534060162,1,1,0,1
534060163,1,1,0,1
534060164,0,0,0,0
534060171,38,20,18,10
534060172,22,12,10,7
534060173,0,0,0,0
534060174,2,2,0,2
534060181,0,0,0,0
534060182,0,0,0,0
534060183,0,0,0,0
534060184,0,0,0,0
534060191,0,0,0,0
534060192,0,0,0,0
534060193,0,0,0,0
534060194,0,0,0,0
534060201,265,140,125,107
534060202,256,125,131,88
534060203,96,45,51,38
534060204,76,41,35,28
534060211,45,23,22,17
534060212,268,103,165,45
534060213,659,310,349,17
534060214,118,36,82,13
534060221,518,267,251,163
534060222,219,107,112,64
534060223,0,0,0,0
534060224,0,0,0,0
534060231,27,13,14,8
534060232,4,2,2,1
534060233,0,0,0,0
534060234,0,0,0,0
534060241,0,0,0,0
534060242,0,0,0,0
534060243,26,14,12,8
534060244,27,10,17,10
534060251,0,0,0,0
534060252,0,0,0,0
534060253,0,0,0,0
534060254,0,0,0,0
534060261,0,0,0,0
534060262,0,0,0,0
534060263,0,0,0,0
534060264,12,7,5,4
534060271,0,0,0,0
534060272,0,0,0,0
534060273,0,0,0,0
534060274,0,0,0,0
534060281,0,0,0,0
534060282,0,0,0,0
534060283,0,0,0,0
534060284,121,55,66,36
534060291,0,0,0,0
534060292,78,39,39,27
534060293,472,226,246,159
534060294,724,354,370,261
534060301,0,0,0,0
534060302,0,0,0,0
534060303,0,0,0,0
534060304,375,189,186,142
534060311,0,0,0,0
534060312,3,1,2,1
534060313,755,381,374,328
534060314,1451,733,718,611
534060321,33,14,19,12
534060322,530,265,265,191
534060323,682,309,373,228
534060324,1512,750,762,575
534060331,62,31,31,23
534060332,197,102,95,72
534060333,1687,831,856,662
534060334,1307,634,673,526
534060341,28,12,16,12
534060342,62,24,38,12
534060343,0,0,0,0
534060344,22,9,13,8
534060351,631,296,335,257
534060352,1487,736,751,578
534060353,2638,1256,1382,1246
534060354,2833,1355,1478,1334
534060361,1327,629,698,518
534060362,331,174,157,124
534060363,1754,852,902,681
534060364,529,256,273,187
534060371,221,75,146,57
534060372,766,383,383,248
534060373,1065,526,539,385
534060374,903,415,488,320
534060381,1336,673,663,466
534060382,1402,702,700,498
534060383,571,272,299,203
534060384,1255,591,664,510
534060391,940,438,502,330
534060392,414,199,215,144
534060393,907,407,500,320
534060394,58,25,33,16
534060401,1664,812,852,643
534060402,2457,1191,1266,1071
534060403,5217,2590,2627,1915
534060404,3630,1787,1843,1614
534060411,2430,1207,1223,990
534060412,2242,1094,1148,898
534060413,3656,1805,1851,1644
534060414,1981,996,985,815
534060421,1906,924,982,670
534060422,3252,1579,1673,1195
534060423,1977,944,1033,752
534060424,2444,1210,1234,988
534060431,2594,1245,1349,1107
534060432,2358,1189,1169,1005
534060433,1780,924,856,898
534060434,2034,1046,988,953
534060441,545,278,267,204
534060442,801,403,398,294
534060443,989,502,487,356
534060444,172,83,89,68
534060451,1660,845,815,637
534060452,1947,949,998,765
534060453,199,92,107,83
534060454,1102,536,566,420
534060461,1180,574,606,459
534060462,947,468,479,327
534060463,1196,600,596,463
534060464,752,362,390,301
534060471,576,282,294,214
534060472,968,478,490,370
534060473,173,82,91,65
534060474,127,63,64,34
534060481,75,36,39,30
534060482,1465,680,785,601
534060591,0,0,0,0
534060601,522,225,297,146
534060602,1310,666,644,548
534060603,1459,705,754,575
534060604,1133,543,590,429
534060611,820,386,434,311
534060612,6,4,2,5
534060613,125,65,60,43
534060614,0,0,0,0
534060621,0,0,0,0
534060622,0,0,0,0
534060623,0,0,0,0
534060624,0,0,0,0
534060631,0,0,0,0
534060632,162,78,84,53
534060633,0,0,0,0
534060634,0,0,0,0
534060641,493,250,243,166
534060642,12,8,4,3
534060643,0,0,0,0
534060644,0,0,0,0
534060651,0,0,0,0
534060662,4,3,1,1
534060671,0,0,0,0
534060672,0,0,0,0
534060701,297,161,136,92
534060702,160,84,76,53
534060703,247,112,135,79
534060704,7,3,4,2
534060711,55,27,28,16
534060712,0,0,0,0
534060713,0,0,0,0
534060714,0,0,0,0
534060721,0,0,0,0
534060722,0,0,0,0
534060723,0,0,0,0
534060724,0,0,0,0
534060731,0,0,0,0
534060732,0,0,0,0
534060733,0,0,0,0
534060801,0,0,0,0
534060802,0,0,0,0
534060803,0,0,0,0
534060804,0,0,0,0
534060811,0,0,0,0
534060812,0,0,0,0
534060813,0,0,0,0
534060814,0,0,0,0
534060821,0,0,0,0
534060822,0,0,0,0
534060823,0,0,0,0
534060901,0,0,0,0
534060902,0,0,0,0
534060911,0,0,0,0
534060912,0,0,0,0
534061001,65,35,30,17
534061002,105,48,57,36
534061003,68,37,31,19
534061004,17,8,9,5
534061011,596,292,304,233
534061012,1240,628,612,511
534061013,778,406,372,333
534061014,1014,496,518,433
534061021,1313,662,651,463
534061022,28,12,16,7
534061023,793,403,390,315
534061024,700,336,364,264
534061031,30,12,18,10
534061032,178,86,92,50
534061033,1354,659,695,464
534061034,124,62,62,39
534061041,73,39,34,22
534061042,64,30,34,21
534061043,51,25,26,16
534061044,29,13,16,6
534061051,414,206,208,148
534061052,556,272,284,185
534061053,185,92,93,76
534061054,135,61,74,46
534061061,123,63,60,52
534061062,277,143,134,98
534061063,65,34,31,22
534061064,92,41,51,26
534061071,83,41,42,23
534061072,56,28,28,18
534061073,95,43,52,27
534061074,88,42,46,23
534061081,63,31,32,18
534061082,269,133,136,108
534061083,84,42,42,31
534061084,597,310,287,206
534061091,1158,581,577,483
534061092,840,428,412,326
534061093,609,296,313,251
534061094,1670,784,886,626
534061101,18,9,9,6
534061102,325,176,149,121
534061103,89,38,51,30
534061104,1572,756,816,641
534061111,877,429,448,359
534061112,131,72,59,56
534061113,1176,579,597,440
534061114,77,37,40,25
534061121,0,0,0,0
534061122,43,18,25,18
534061131,567,257,310,215
534061132,120,55,65,43
534061133,24,11,13,9
534061134,0,0,0,0
534061141,123,59,64,35
534061142,62,35,27,17
534061143,0,0,0,0
534061144,26,14,12,8
534061151,20,10,10,6
534061152,27,13,14,8
534061153,112,47,65,32
534061154,82,44,38,19
534061161,41,23,18,13
534061162,31,15,16,7
534061163,51,23,28,12
534061164,0,0,0,0
534061171,0,0,0,0
534061172,42,20,22,14
534061173,25,16,9,6
534061174,53,24,29,19
534061181,122,60,62,39
534061182,525,254,271,185
534061183,33,17,16,10
534061184,140,69,71,44
534061191,1977,948,1029,727
534061192,802,392,410,287
534061193,571,274,297,196
534061194,451,215,236,150
534061201,960,462,498,364
534061202,1823,922,901,719
534061203,1125,506,619,397
534061204,418,211,207,150
534061211,477,234,243,191
534061213,528,253,275,195
534061241,60,34,26,16
534061242,32,15,17,8
534061251,12,4,8,4
534061252,58,28,30,19
534061253,13,6,7,3
534061254,37,19,18,12
534061261,12,7,5,4
534061262,10,3,7,3
534061263,82,36,46,20
534061264,53,24,29,16
534061271,107,50,57,31
534061272,75,34,41,24
534061273,52,23,29,14
534061274,0,0,0,0
534061281,4,2,2,3
534061282,27,13,14,10
534061283,0,0,0,0
534061284,0,0,0,0
534061291,42,17,25,26
534061292,23,10,13,6
534061293,0,0,0,0
534061294,65,34,31,21
534061301,30,13,17,9
534061302,379,186,193,150
534061303,0,0,0,0
534061304,82,43,39,23
534061352,31,16,15,8
534061361,0,0,0,0
534061362,0,0,0,0
534061371,0,0,0,0
534061372,0,0,0,0
534061392,0,0,0,0
534061401,0,0,0,0
534061403,33,16,17,12
534062001,147,54,93,33
534062002,87,43,44,29
534062003,273,129,144,119
534062004,21,11,10,8
534062011,66,34,32,22
534062012,13,8,5,9
534062013,9,5,4,2
534062014,66,25,41,18
534062021,0,0,0,0
534062022,0,0,0,0
534062023,0,0,0,0
534062024,65,33,32,20
534062031,0,0,0,0
534062032,0,0,0,0
534062033,53,26,27,19
534062034,6,3,3,3
534062041,107,48,59,33
534062042,154,76,78,44
534062043,183,67,116,41
534062044,21,10,11,6
534062051,0,0,0,0
534062052,10,4,6,3
534062053,26,11,15,8
534062054,51,27,24,13
534062061,119,57,62,34
534062062,267,130,137,81
534062063,22,12,10,8
534062064,195,98,97,65
534062071,435,222,213,166
534062072,102,48,54,42
534062073,356,169,187,115
534062074,56,30,26,20
534062081,12,7,5,4
534062082,35,14,21,11
534062083,4,2,2,1
534062084,13,7,6,5
534062091,107,48,59,34
534062092,11,4,7,2
534062093,1,1,0,1
534062094,66,35,31,20
534062101,132,70,62,41
534062102,15,9,6,5
534062103,35,17,18,12
534062104,156,74,82,50
534062111,8,2,6,1
534062112,71,32,39,17
534062113,0,0,0,0
534062114,0,0,0,0
534062121,3,1,2,1
534062122,12,5,7,5
534062123,32,15,17,11
534062124,16,5,11,6
534062131,190,92,98,62
534062132,49,25,24,16
534062133,159,76,83,47
534062134,90,46,44,22
534062141,0,0,0,0
534062142,0,0,0,0
534062143,0,0,0,0
534062144,0,0,0,0
534062151,13,7,6,3
534062152,69,34,35,16
534062153,0,0,0,0
534062154,0,0,0,0
534062161,161,75,86,42
534062162,84,43,41,32
534062163,0,0,0,0
534062164,53,21,32,15
534062171,54,30,24,15
534062172,0,0,0,0
534062173,96,47,49,29
534062174,36,15,21,9
534062181,0,0,0,0
534062182,116,60,56,36
534062183,107,57,50,34
534062184,92,43,49,28
534062191,46,25,21,13
534062192,125,58,67,51
534062193,62,29,33,20
534062194,187,97,90,74
534062201,0,0,0,0
534062202,82,47,35,30
534062203,10,6,4,3
534062204,0,0,0,0
534062211,39,20,19,12
534062212,180,92,88,52
534062213,243,125,118,68
534062214,56,27,29,19
534062221,11,7,4,6
534062222,3,2,1,2
534062223,1,1,0,1
534062224,0,0,0,0
534062231,33,13,20,12
534062232,210,101,109,56
534062233,16,5,11,4
534062234,117,53,64,33
534062241,0,0,0,0
534062242,0,0,0,0
534062243,49,25,24,15
534062244,12,4,8,3
534062251,0,0,0,0
534062252,0,0,0,0
534062253,2,1,1,2
534062254,0,0,0,0
534062261,0,0,0,0
534062262,3,2,1,1
534062263,0,0,0,0
534062264,86,43,43,26
534062271,141,107,34,94
534062272,0,0,0,0
534062273,0,0,0,0
534062274,0,0,0,0
534062281,209,103,106,77
534062282,136,68,68,45
534062283,0,0,0,0
534062284,139,67,72,45
534062291,111,49,62,35
534062292,159,78,81,54
534062293,61,30,31,19
534062294,165,95,70,64
534062301,8,4,4,4
534062302,0,0,0,0
534062303,13,5,8,5
534062304,0,0,0,0
534062311,16,7,9,4
534062312,43,21,22,15
534062313,0,0,0,0
534062314,37,23,14,10
534062321,13,5,8,5
534062322,56,29,27,17
534062323,132,68,64,38
534062324,60,30,30,17
534062331,119,59,60,40
534062332,92,45,47,27
534062333,0,0,0,0
534062334,0,0,0,0
534062341,18,11,7,6
534062342,72,37,35,23
534062343,0,0,0,0
534062344,0,0,0,0
534062351,108,58,50,29
534062352,114,56,58,30
534062353,0,0,0,0
534062354,36,18,18,10
534062361,0,0,0,0
534062362,253,134,119,86
534062363,44,24,20,13
534062364,44,27,17,24
534062371,86,41,45,28
534062372,24,12,12,7
534062373,186,90,96,56
534062374,13,7,6,3
534062381,41,22,19,12
534062382,93,38,55,33
534062383,20,9,11,7
534062384,30,15,15,12
534062391,10,4,6,3
534062392,80,47,33,32
534062393,86,36,50,27
534062394,14,6,8,5
534062402,59,28,31,14
534062411,0,0,0,0
534062412,0,0,0,0
534062414,42,22,20,10
534062421,21,12,9,6
534062422,20,13,7,5
534062423,0,0,0,0
534062424,5,3,2,2
534062431,0,0,0,0
534062432,33,18,15,9
534062433,108,52,56,32
534062452,18,9,9,6
534062461,0,0,0,0
534062462,93,45,48,29
534062464,2,1,1,1
534062471,150,78,72,48
534062472,3,3,0,2
534062473,3,1,2,1
534062474,97,40,57,40
534062583,24,11,13,7
534062584,195,92,103,62
534062591,80,39,41,23
534062592,92,45,47,26
534062593,174,86,88,51
534062594,33,17,16,11
534062672,271,123,148,80
534062681,0,0,0,0
534062682,0,0,0,0
534062683,10,5,5,3
534062684,34,19,15,9
534062691,0,0,0,0
534062692,0,0,0,0
534062693,0,0,0,0
534062694,0,0,0,0
534062781,10,5,5,3
534062782,103,47,56,30
534062784,38,23,15,8
534062791,0,0,0,0
534062792,54,29,25,14
534062793,28,13,15,7
534062794,9,6,3,3
534062891,82,38,44,23
534062892,7,3,4,2
534063001,66,31,35,20
534063002,33,19,14,12
534063003,31,13,18,12
534063004,30,15,15,11
534063011,38,22,16,10
534063012,11,7,4,3
534063013,13,5,8,4
534063014,19,10,9,7
534063021,15,7,8,6
534063022,29,14,15,9
534063023,28,15,13,9
534063024,75,43,32,22
534063031,42,27,15,14
534063032,167,89,78,52
534063033,21,9,12,7
534063034,74,34,40,16
534063041,171,87,84,49
534063042,54,20,34,18
534063043,126,69,57,37
534063044,175,84,91,54
534063051,42,19,23,13
534063052,51,27,24,16
534063053,201,104,97,64
534063054,24,12,12,7
534063061,77,42,35,20
534063062,48,20,28,11
534063063,87,50,37,44
534063064,53,27,26,14
534063071,60,27,33,16
534063072,46,27,19,12
534063073,44,25,19,12
534063074,40,21,19,11
534063081,13,6,7,5
534063082,100,47,53,31
534063083,0,0,0,0
534063084,69,33,36,17
534063091,0,0,0,0
534063092,17,9,8,6
534063093,44,25,19,15
534063094,52,30,22,18
534063101,130,65,65,53
534063102,81,41,40,24
534063103,50,19,31,14
534063104,39,20,19,16
534063111,35,17,18,9
534063112,10,5,5,4
534063113,70,36,34,30
534063114,38,24,14,18
534063121,16,8,8,5
534063122,70,41,29,18
534063123,5,3,2,2
534063124,47,19,28,12
534063131,28,11,17,8
534063132,12,6,6,6
534063133,46,21,25,13
534063134,105,58,47,31
534063141,53,25,28,18
534063142,43,24,19,10
534063143,34,16,18,7
534063144,52,23,29,12
534063151,77,64,13,64
534063152,206,129,77,42
534063153,0,0,0,0
534063154,47,25,22,15
534063161,357,189,168,123
534063162,608,303,305,88
534063163,36,20,16,14
534063164,110,60,50,40
534063171,37,20,17,12
534063172,67,38,29,15
534063173,81,44,37,25
534063174,117,66,51,29
534063181,14,9,5,4
534063182,58,30,28,17
534063183,23,11,12,7
534063184,125,63,62,42
534063191,42,21,21,9
534063192,35,17,18,10
534063193,81,42,39,24
534063194,0,0,0,0
534063201,61,34,27,20
534063202,86,41,45,29
534063203,28,14,14,10
534063204,48,23,25,21
534063211,56,26,30,15
534063212,92,47,45,28
534063213,4,2,2,2
534063214,42,22,20,12
534063221,61,31,30,24
534063222,61,32,29,18
534063223,161,78,83,60
534063224,545,284,261,211
534063231,43,18,25,13
534063232,166,89,77,41
534063233,1,0,1,1
534063234,15,7,8,4
534063241,16,8,8,4
534063242,0,0,0,0
534063243,50,25,25,10
534063244,0,0,0,0
534063251,1,1,0,1
534063252,19,9,10,6
534063253,115,60,55,30
534063254,85,39,46,22
534063261,18,12,6,5
534063262,55,27,28,15
534063263,70,41,29,24
534063264,4,1,3,1
534063271,126,65,61,43
534063272,47,28,19,17
534063273,59,32,27,25
534063274,13,6,7,5
534063281,14,7,7,5
534063282,11,5,6,4
534063283,5,2,3,2
534063284,0,0,0,0
534063291,0,0,0,0
534063292,26,16,10,4
534063293,61,32,29,16
534063294,4,2,2,2
534063301,20,10,10,8
534063302,41,22,19,12
534063303,1,1,0,1
534063304,40,22,18,11
534063311,46,26,20,11
534063312,42,23,19,17
534063313,37,15,22,12
534063314,11,6,5,6
534063321,14,9,5,5
534063322,53,28,25,18
534063323,111,68,43,31
534063324,12,7,5,3
534063331,26,12,14,6
534063332,0,0,0,0
534063333,5,4,1,2
534063334,0,0,0,0
534063341,20,10,10,5
534063342,32,15,17,11
534063343,84,43,41,20
534063344,42,19,23,11
534063351,105,54,51,28
534063352,73,37,36,20
534063353,0,0,0,0
534063354,0,0,0,0
534063361,33,14,19,10
534063362,25,13,12,5
534063363,0,0,0,0
534063364,1,1,0,1
534063371,70,37,33,22
534063372,40,21,19,12
534063373,12,6,6,5
534063374,78,36,42,29
534063381,0,0,0,0
534063382,75,39,36,21
534063383,19,10,9,7
534063384,78,41,37,25
534063391,50,24,26,19
534063392,26,11,15,7
534063393,17,8,9,5
534063394,185,90,95,53
534063401,24,11,13,7
534063402,41,34,7,2
534063403,65,35,30,16
534063404,0,0,0,0
534063411,0,0,0,0
534063412,8,4,4,2
534063413,221,99,122,61
534063414,31,19,12,10
534063421,0,0,0,0
534063422,7,5,2,2
534063531,156,79,77,46
534063532,25,12,13,7
534063533,15,9,6,5
534063534,62,29,33,16
534063541,0,0,0,0
534063542,110,56,54,28
534063543,82,37,45,28
534063544,352,162,190,113
534063551,73,36,37,19
534063552,1,0,1,1
534063553,64,34,30,15
534063554,2,0,2,1
534063561,60,33,27,18
534063562,82,40,42,20
534063563,187,81,106,69
534063564,83,40,43,35
534063571,54,29,25,21
534063572,187,120,67,108
534063573,62,31,31,19
534063574,92,49,43,46
534063581,69,37,32,23
534063582,0,0,0,0
534063583,40,19,21,12
534063584,159,77,82,59
534063591,26,11,15,8
534063592,60,29,31,23
534063593,161,83,78,60
534063594,177,94,83,60
534063601,100,47,53,30
534063602,96,45,51,33
534063603,0,0,0,0
534063604,3,1,2,1
534063611,39,17,22,16
534063612,0,0,0,0
534063613,222,115,107,68
534063614,29,16,13,8
534063621,0,0,0,0
534063622,438,223,215,163
534063623,0,0,0,0
534063624,289,145,144,102
534063631,92,46,46,21
534063632,47,26,21,16
534063633,988,490,498,359
534063634,161,81,80,48
534063641,377,189,188,122
534063642,643,306,337,219
534063643,124,58,66,33
534063644,364,189,175,112
534063651,56,31,25,11
534063652,0,0,0,0
534063653,219,105,114,67
534063654,115,57,58,39
534063661,28,13,15,9
534063662,214,102,112,74
534063663,384,183,201,136
534063664,445,223,222,154
534063671,24,9,15,8
534063672,118,57,61,37
534063673,32,17,15,10
534063674,24,10,14,7
534063681,339,183,156,140
534063682,675,345,330,280
534063683,190,99,91,69
534063684,640,324,316,259
534063691,419,203,216,161
534063692,525,237,288,173
534063693,618,295,323,257
534063694,1321,607,714,511
534063701,9,6,3,3
534063702,0,0,0,0
534063703,50,21,29,11
534063704,20,12,8,5
534063711,17,7,10,4
534063712,63,35,28,25
534063713,0,0,0,0
534063714,157,57,100,26
534063721,126,67,59,37
534063722,82,41,41,27
534063723,153,74,79,53
534063724,201,109,92,78
534063731,236,122,114,89
534063732,50,25,25,20
534063733,125,62,63,48
534063734,0,0,0,0
534063741,59,36,23,19
534063742,58,24,34,18
534063743,0,0,0,0
534063744,0,0,0,0
534063751,0,0,0,0
534063752,75,34,41,26
534063753,5,3,2,3
534063754,0,0,0,0
534063761,407,197,210,116
534063762,397,189,208,140
534063763,0,0,0,0
534063764,0,0,0,0
534063771,51,26,25,15
534063772,4,2,2,1
534063773,374,179,195,111
534063774,230,116,114,68
534063781,0,0,0,0
534063782,440,215,225,180
534063783,394,192,202,134
534063784,914,454,460,382
534063791,861,416,445,373
534063792,836,370,466,327
534063793,873,438,435,394
534063794,673,335,338,285
534063801,2,1,1,1
534063802,52,30,22,13
534063804,0,0,0,0
534063811,21,12,9,7
534063812,171,83,88,56
534063813,0,0,0,0
534063814,380,185,195,139
534063821,355,171,184,127
534063822,109,54,55,41
534063823,443,212,231,130
534063824,0,0,0,0
534063831,42,20,22,10
534063832,55,26,29,15
534063833,0,0,0,0
534063834,10,5,5,4
534063841,39,19,20,11
534063842,7,4,3,4
534063843,25,10,15,7
534063844,0,0,0,0
534063851,0,0,0,0
534063852,0,0,0,0
534063853,0,0,0,0
534063854,12,6,6,2
534063861,0,0,0,0
534063862,0,0,0,0
534063863,7,3,4,3
534063864,0,0,0,0
534063871,0,0,0,0
534063872,0,0,0,0
534063873,3,2,1,1
534063874,2,1,1,1
534063881,78,37,41,28
534063882,238,122,116,109
534063883,8,4,4,2
534063884,25,14,11,6
534063891,284,136,148,107
534063892,1030,487,543,425
534063893,10,6,4,6
534063894,198,96,102,83
534063912,50,25,25,14
534063921,0,0,0,0
534063922,103,57,46,29
534063941,47,25,22,11
534063942,5,2,3,1
534063951,35,17,18,12
534063952,83,38,45,24
534063953,54,28,26,10
534063954,14,8,6,4
534063961,0,0,0,0
534063962,27,13,14,7
534063963,0,0,0,0
534063964,24,10,14,7
534063971,0,0,0,0
534063972,48,24,24,12
534063973,26,15,11,7
534063974,29,15,14,7
534063981,36,18,18,11
534063982,0,0,0,0
534063983,82,35,47,19
534063991,0,0,0,0
534063992,127,65,62,39
534063993,118,56,62,32
534063994,125,63,62,40
534064001,23,11,12,9
534064002,8,3,5,2
534064003,17,8,9,6
534064004,52,27,25,15
534064011,39,17,22,10
534064012,35,20,15,9
534064013,31,13,18,10
534064014,29,15,14,8
534064021,53,27,26,15
534064022,43,21,22,13
534064023,45,26,19,14
534064024,25,13,12,6
534064031,11,6,5,5
534064032,83,42,41,23
534064033,8,4,4,2
534064034,51,28,23,16
534064041,138,72,66,41
534064042,28,17,11,10
534064043,88,44,44,33
534064044,133,66,67,43
534064051,23,11,12,4
534064052,82,41,41,23
534064053,25,11,14,9
534064054,113,56,57,29
534064061,0,0,0,0
534064062,7,4,3,2
534064063,0,0,0,0
534064064,0,0,0,0
534064071,173,85,88,65
534064072,287,152,135,82
534064073,253,120,133,104
534064074,341,165,176,113
534064081,0,0,0,0
534064082,32,15,17,11
534064083,85,44,41,29
534064084,202,99,103,75
534064091,41,23,18,11
534064092,63,26,37,20
534064093,330,158,172,120
534064094,64,32,32,16
534064101,109,50,59,32
534064102,68,40,28,33
534064103,25,17,8,7
534064104,84,46,38,24
534064111,35,16,19,11
534064112,86,46,40,28
534064113,63,26,37,17
534064114,57,24,33,19
534064121,55,25,30,15
534064122,4,2,2,2
534064123,76,38,38,19
534064124,52,23,29,14
534064131,0,0,0,0
534064132,0,0,0,0
534064133,0,0,0,0
534064134,28,14,14,10
534064141,0,0,0,0
534064142,48,25,23,15
534064143,16,7,9,5
534064144,15,5,10,3
534064151,350,167,183,111
534064152,102,52,50,31
534064153,106,52,54,33
534064154,195,94,101,56
534064161,0,0,0,0
534064162,0,0,0,0
534064163,93,50,43,23
534064164,0,0,0,0
534064171,7,2,5,5
534064172,156,75,81,49
534064173,136,66,70,47
534064174,350,169,181,113
534064181,115,57,58,37
534064182,92,46,46,25
534064183,506,239,267,209
534064184,617,283,334,241
534064191,436,223,213,149
534064192,170,85,85,52
534064193,410,183,227,126
534064194,353,167,186,111
534064201,15,10,5,7
534064202,106,59,47,34
534064203,14,4,10,3
534064204,90,49,41,33
534064211,47,25,22,10
534064212,77,37,40,22
534064213,106,58,48,20
534064214,6,3,3,2
534064221,187,86,101,53
534064222,38,19,19,9
534064223,99,51,48,27
534064224,8,5,3,3
534064231,74,32,42,20
534064232,216,112,104,56
534064233,0,0,0,0
534064234,33,16,17,14
534064241,20,8,12,6
534064242,170,82,88,53
534064243,40,22,18,13
534064244,242,120,122,75
534064251,119,68,51,38
534064252,58,30,28,17
534064253,142,74,68,55
534064254,67,29,38,23
534064261,141,68,73,35
534064262,246,121,125,14
534064371,56,26,30,20
534064372,388,204,184,132
534064373,57,25,32,18
534064374,544,257,287,184
534064381,366,184,182,125
534064382,530,274,256,206
534064383,75,42,33,24
534064384,9,4,5,1
534064391,792,377,415,324
534064392,4,2,2,1
534064393,0,0,0,0
534064394,0,0,0,0
534064401,15,9,6,6
534064402,0,0,0,0
534064403,0,0,0,0
534064404,0,0,0,0
534064411,0,0,0,0
534064412,0,0,0,0
534064413,10,4,6,2
534064414,14,7,7,6
534064421,22,11,11,8
534064422,11,4,7,4
534064423,48,29,19,19
534064424,87,47,40,25
534064431,110,55,55,35
534064432,45,19,26,13
534064433,43,18,25,17
534064434,35,16,19,11
534064441,0,0,0,0
534064442,23,13,10,8
534064443,0,0,0,0
534064444,28,12,16,8
534064451,15,9,6,4
534064452,10,4,6,3
534064453,0,0,0,0
534064454,8,3,5,2
534064461,113,62,51,28
534064462,0,0,0,0
534064463,5,3,2,3
534064464,128,62,66,40
534064471,169,89,80,49
534064472,359,176,183,115
534064473,447,219,228,121
534064474,114,52,62,34
534064481,98,50,48,33
534064482,0,0,0,0
534064483,0,0,0,0
534064484,0,0,0,0
534064491,0,0,0,0
534064492,0,0,0,0
534064493,0,0,0,0
534064494,0,0,0,0
534064501,27,11,16,6
534064502,0,0,0,0
534064503,217,101,116,77
534064504,110,51,59,45
534064511,71,34,37,22
534064512,227,107,120,71
534064513,80,42,38,25
534064514,109,54,55,38
534064521,114,59,55,33
534064522,113,56,57,32
534064523,249,116,133,76
534064524,15,7,8,6
534064531,85,40,45,27
534064532,76,43,33,23
534064533,24,13,11,7
534064534,24,12,12,10
534064541,0,0,0,0
534064542,9,4,5,2
534064543,54,23,31,19
534064544,83,43,40,23
534064551,0,0,0,0
534064552,7,4,3,4
534064553,151,76,75,56
534064554,289,146,143,99
534064561,96,48,48,34
534064562,492,244,248,153
534064563,380,190,190,119
534064564,181,88,93,63
534064571,123,62,61,42
534064572,0,0,0,0
534064573,0,0,0,0
534064574,0,0,0,0
534064581,0,0,0,0
534064582,0,0,0,0
534064583,6,3,3,2
534064584,0,0,0,0
534064591,0,0,0,0
534064592,0,0,0,0
534064593,0,0,0,0
534064601,1000,498,502,372
534064602,489,238,251,182
534064603,1217,594,623,447
534064604,597,288,309,221
534064611,173,84,89,63
534064612,296,145,151,96
534064613,393,190,203,137
534064614,25,15,10,9
534064621,179,93,86,62
534064622,80,40,40,23
534064623,88,43,45,28
534064624,66,35,31,17
534064631,66,27,39,21
534064632,0,0,0,0
534064633,1,1,0,1
534064634,0,0,0,0
534064641,2,1,1,1
534064642,79,42,37,21
534064643,19,10,9,6
534064644,145,45,100,21
534064651,158,60,98,31
534064652,608,304,304,196
534064653,275,141,134,87
534064654,59,24,35,15
534064661,140,70,70,35
534064662,11,7,4,2
534064663,9,4,5,2
534064664,0,0,0,0
534064671,0,0,0,0
534064672,0,0,0,0
534064673,23,13,10,6
534064674,5,2,3,2
534064681,40,19,21,10
534064682,0,0,0,0
534064683,0,0,0,0
534064684,0,0,0,0
534064691,0,0,0,0
534064693,16,10,6,5
534064701,562,266,296,220
534064702,173,82,91,57
534064703,443,231,212,181
534064704,0,0,0,0
534064711,374,180,194,121
534064712,23,13,10,8
534064713,24,14,10,10
534064714,182,92,90,51
534064721,98,48,50,33
534064722,47,21,26,23
534064723,388,198,190,136
534064724,495,238,257,171
534064731,0,0,0,0
534064732,0,0,0,0
534064733,165,79,86,44
534064734,150,77,73,51
534064741,10,5,5,3
534064742,133,67,66,40
534064743,131,62,69,37
534064744,6,4,2,2
534064751,20,9,11,9
534064752,0,0,0,0
534064753,0,0,0,0
534064754,0,0,0,0
534064761,0,0,0,0
534064762,14,8,6,3
534064763,23,11,12,6
534064764,122,67,55,35
534064771,0,0,0,0
534064772,0,0,0,0
534064773,103,50,53,26
534064774,22,13,9,6
534064781,3,2,1,1
534064782,4,2,2,1
534064783,35,17,18,11
534064784,4,2,2,2
534064801,350,152,198,78
534064802,0,0,0,0
534064803,71,31,40,17
534064804,178,88,90,49
534064811,0,0,0,0
534064812,20,10,10,9
534064813,93,47,46,22
534064814,56,34,22,19
534064821,282,137,145,102
534064822,199,88,111,59
534064823,37,18,19,9
534064824,14,5,9,5
534064831,56,20,36,3
534064832,7,5,2,2
534064833,43,20,23,9
534064834,12,5,7,3
534064841,0,0,0,0
534064842,0,0,0,0
534064843,31,11,20,9
534064844,32,15,17,7
534064851,12,7,5,2
534064852,40,23,17,11
534064853,10,4,6,4
534064854,4,2,2,1
534064861,7,3,4,2
534064862,41,22,19,10
534064863,9,4,5,2
534064864,109,57,52,33
534064871,0,0,0,0
534064872,10,4,6,3
534064873,3,2,1,1
534064874,0,0,0,0
534064881,0,0,0,0
534064901,50,22,28,17
534064902,13,6,7,4
534064903,18,8,10,6
534064904,0,0,0,0
534064911,81,38,43,16
534064912,0,0,0,0
534064913,51,24,27,9
534064914,51,22,29,11
534064921,6,3,3,2
534064922,34,14,20,8
534064923,0,0,0,0
534064924,0,0,0,0
534064931,6,3,3,2
534064932,0,0,0,0
534064933,0,0,0,0
534064934,0,0,0,0
534064941,0,0,0,0
534064942,0,0,0,0
534064943,0,0,0,0
534064944,18,8,10,5
534064951,0,0,0,0
534064952,13,5,8,3
534064953,8,3,5,2
534064954,22,11,11,5
534064961,23,12,11,7
534064962,68,36,32,19
534064963,14,7,7,4
534064964,40,18,22,10
534064971,8,4,4,1
534065001,77,36,41,20
534065002,62,31,31,13
534065003,227,106,121,92
534065004,40,21,19,12
534065011,67,27,40,16
534065012,2,1,1,1
534065013,23,13,10,9
534065014,5,2,3,2
534065021,128,63,65,41
534065022,325,156,169,98
534065023,233,107,126,78
534065024,632,298,334,206
534065031,305,144,161,99
534065032,153,78,75,52
534065033,641,303,338,210
534065034,442,209,233,149
534065041,363,172,191,107
534065042,384,194,190,120
534065043,110,54,56,29
534065044,0,0,0,0
534065051,148,77,71,44
534065052,0,0,0,0
534065053,0,0,0,0
534065054,0,0,0,0
534065061,0,0,0,0
534065062,0,0,0,0
534065063,0,0,0,0
534065101,208,96,112,63
534065102,33,17,16,9
534065103,164,77,87,49
534065104,3,2,1,1
534065111,26,9,17,9
534065112,15,8,7,5
534065113,0,0,0,0
534065114,0,0,0,0
534065121,449,209,240,149
534065122,565,273,292,181
534065123,0,0,0,0
534065124,49,23,26,16
534065131,179,93,86,58
534065132,0,0,0,0
534065133,0,0,0,0
534065134,0,0,0,0
534065141,0,0,0,0
534065142,0,0,0,0
534065143,0,0,0,0
534065144,0,0,0,0
534065151,0,0,0,0
534065152,0,0,0,0
534065153,0,0,0,0
534065201,0,0,0,0
534065202,0,0,0,0
534065203,0,0,0,0
534065204,0,0,0,0
534065211,0,0,0,0
534065212,0,0,0,0
534065213,0,0,0,0
534065214,0,0,0,0
534065221,0,0,0,0
534065222,0,0,0,0
534065223,0,0,0,0
534065224,0,0,0,0
534065231,0,0,0,0
534065232,0,0,0,0
534065241,0,0,0,0
534065301,0,0,0,0
534065302,0,0,0,0
534065303,0,0,0,0
534065401,0,0,0,0
534073061,0,0,0,0
534073062,9,4,5,3
534073063,6,3,3,2
534073064,72,37,35,20
534073071,38,19,19,8
534073072,26,11,15,8
534073073,82,35,47,25
534073074,4,2,2,1
534073084,271,134,137,100
534073091,191,100,91,63
534073092,48,25,23,13
534073093,31,16,15,11
534073094,0,0,0,0
534073162,457,209,248,147
534073182,182,88,94,49
534073191,178,89,89,48
534073192,100,48,52,28
534073193,46,21,25,16
534073194,82,46,36,19
534073292,26,13,13,10
534073294,109,57,52,28
534073392,147,69,78,38
534074001,0,0,0,0
534074002,0,0,0,0
534074003,19,9,10,4
534074004,0,0,0,0
534074011,8,4,4,3
534074012,0,0,0,0
534074013,0,0,0,0
534074014,173,91,82,46
534074021,0,0,0,0
534074022,0,0,0,0
534074023,115,55,60,28
534074024,0,0,0,0
534074031,0,0,0,0
534074032,16,9,7,5
534074033,0,0,0,0
534074034,97,50,47,27
534074041,46,24,22,12
534074042,45,23,22,12
534074043,246,116,130,70
534074044,18,8,10,5
534074051,21,8,13,7
534074052,24,9,15,6
534074053,28,13,15,8
534074054,56,25,31,17
534074061,22,12,10,6
534074063,53,20,33,13
534074101,198,96,102,49
534074102,0,0,0,0
534074103,71,37,34,20
534074104,52,29,23,16
534074111,0,0,0,0
534074112,0,0,0,0
534074113,0,0,0,0
534074114,2,1,1,1
534074121,67,31,36,10
534074122,50,27,23,16
534074123,14,7,7,3
534074124,159,79,80,53
534074131,153,62,91,44
534074132,151,77,74,43
534074133,52,25,27,16
534074134,133,65,68,38
534074141,0,0,0,0
534074142,24,14,10,8
534074143,0,0,0,0
534074144,23,12,11,7
534074151,66,33,33,22
534074152,770,377,393,299
534074201,0,0,0,0
534074202,0,0,0,0
534074203,90,46,44,23
534074204,0,0,0,0
534074211,0,0,0,0
534074212,6,3,3,1
534074213,0,0,0,0
534074214,0,0,0,0
534074221,77,37,40,17
534074222,192,93,99,54
534074223,137,63,74,35
534074224,27,14,13,9
534074231,94,44,50,29
534074232,211,94,117,97
534074233,458,211,247,172
534074301,88,44,44,23
534074302,0,0,0,0
534074303,139,65,74,39
534074304,111,49,62,28
534074311,0,0,0,0
534074312,0,0,0,0
534074313,0,0,0,0
534074314,105,56,49,28
534074321,14,8,6,3
534074322,245,116,129,76
534074323,59,27,32,15
534074401,108,59,49,36
534074402,145,73,72,46
534074404,40,18,22,20
534074411,238,117,121,63
534074412,101,48,53,29
534074413,367,169,198,140
534074501,8,4,4,3
534074502,190,98,92,56
543906051,8,4,4,2
543906052,43,21,22,15
543906053,0,0,0,0
543906054,128,63,65,40
543906061,0,0,0,0
543906062,23,8,15,9
543906063,28,17,11,12
543906064,56,30,26,21
543906071,191,102,89,62
543906072,206,94,112,42
543906073,213,101,112,78
543906074,11,8,3,3
543906081,66,35,31,26
543906082,0,0,0,0
543906083,133,59,74,26
543906084,21,11,10,6
543906091,12,6,6,2
543906092,11,6,5,3
543906093,28,15,13,8
543906094,84,38,46,21
543906151,0,0,0,0
543906152,127,65,62,35
543906153,0,0,0,0
543906154,309,164,145,110
543906161,390,192,198,139
543906162,591,307,284,227
543906163,731,372,359,272
543906164,221,112,109,75
543906171,109,55,54,37
543906172,355,176,179,124
543906173,434,224,210,145
543906174,614,318,296,221
543906181,150,73,77,52
543906182,16,6,10,6
543906183,5,1,4,1
543906184,4,2,2,3
543906191,64,33,31,17
543906192,98,45,53,27
543906193,70,30,40,19
543906194,0,0,0,0
543906251,20,13,7,5
543906252,163,92,71,68
543906253,55,25,30,13
543906254,454,220,234,167
543906261,605,300,305,219
543906262,606,305,301,231
543906263,737,373,364,267
543906264,760,393,367,273
543906271,637,343,294,197
543906272,248,126,122,80
543906273,342,182,160,110
543906274,309,140,169,94
543906281,6,3,3,2
543906282,43,24,19,16
543906283,43,18,25,12
543906284,88,42,46,23
543906291,6,2,4,2
543906292,20,8,12,5
543906293,28,14,14,10
543906351,184,90,94,58
543906352,540,287,253,201
543906353,329,161,168,105
543906354,754,378,376,254
543906361,483,243,240,181
543906362,333,177,156,119
543906363,1273,637,636,472
543906364,539,263,276,194
543906371,397,201,196,127
543906372,494,244,250,140
543906373,159,78,81,46
543906374,23,11,12,8
543906381,59,28,31,19
543906382,14,7,7,4
543906383,7,5,2,3
543906384,20,10,10,4
543906444,85,49,36,23
543906451,78,34,44,26
543906452,942,486,456,349
543906453,269,128,141,88
543906454,893,438,455,323
543906461,873,426,447,302
543906462,142,74,68,48
543906463,200,98,102,67
543906464,113,57,56,38
543906471,36,15,21,10
543906472,18,10,8,3
543906473,22,12,10,4
543906541,87,44,43,31
543906542,78,40,38,26
543906543,162,82,80,54
543906544,352,169,183,109
543906551,1346,678,668,503
543906552,257,130,127,83
543906553,868,451,417,301
543906554,303,158,145,102
543906561,88,49,39,31
543906562,8,4,4,5
543906563,36,16,20,13
543906564,20,10,10,7
543906632,15,7,8,6
543906633,11,8,3,5
543906634,92,44,48,30
543906641,260,129,131,94
543906642,233,113,120,72
543906643,770,376,394,225
543906644,437,190,247,132
543906651,159,80,79,58
543906652,46,18,28,14
543906653,194,95,99,59
543906654,12,7,5,4
543906661,5,3,2,2
543906722,108,62,46,26
543906724,28,15,13,10
543906731,6,3,3,2
543906732,193,99,94,81
543906733,70,35,35,20
543906734,140,67,73,50
543906741,288,153,135,96
543906742,221,102,119,84
543906743,192,99,93,54
543906744,0,0,0,0
543906751,49,24,25,15
543906753,58,27,31,12
543906822,17,6,11,5
543906824,50,24,26,14
543906831,53,30,23,23
543906832,392,199,193,148
543906833,60,32,28,18
543906834,47,24,23,12
543906841,56,28,28,20
543906842,0,0,0,0
543906843,18,9,9,5
543906844,41,22,19,9
543906921,78,39,39,22
543906922,205,96,109,58
543906923,16,7,9,6
543906924,42,24,18,11
543906931,56,25,31,18
543906932,62,33,29,21
543906933,322,162,160,101
543906934,0,0,0,0
543906941,21,13,8,5
543906942,3,2,1,1
543906943,0,0,0,0
543907001,0,0,0,0
543907003,92,49,43,26
543907101,161,73,88,48
543916014,289,135,154,95
543916021,39,21,18,14
543916022,64,32,32,17
543916023,97,45,52,32
543916024,383,185,198,116
543916031,525,250,275,164
543916032,20,12,8,6
543916033,260,138,122,87
543916034,32,18,14,10
543916041,0,0,0,0
543916043,8,4,4,2
543916112,97,46,51,28
543916121,50,26,24,14
543916122,107,57,50,37
543916123,0,0,0,0
543916124,56,26,30,18
543916131,319,167,152,108
543916132,44,25,19,12
543916133,29,16,13,11
543916134,0,0,0,0
543916141,31,15,16,11
543916221,0,0,0,0
543916222,0,0,0,0
543916231,165,80,85,53
