KEY_CODE,total,male,female,family
523926863,0,0,0,0
523926864,0,0,0,0
523926871,0,0,0,0
523926872,0,0,0,0
523926873,240,110,130,93
523926874,114,54,60,42
523926881,0,0,0,0
523926883,0,0,0,0
523926884,0,0,0,0
523926892,0,0,0,0
523926893,0,0,0,0
523926894,423,192,231,156
523926952,0,0,0,0
523926954,94,44,50,37
523926961,0,0,0,0
523926962,0,0,0,0
523926963,49,23,26,21
523926964,0,0,0,0
523926971,80,40,40,30
523926972,132,58,74,46
523926973,0,0,0,0
523926974,0,0,0,0
523926981,134,60,74,50
523926982,98,47,51,39
523926983,0,0,0,0
523926984,0,0,0,0
523926991,115,54,61,40
523926992,188,85,103,73
523926993,0,0,0,0
523926994,232,107,125,82
523947791,0,0,0,0
523947792,85,43,42,31
523947793,0,0,0,0
523947794,0,0,0,0
523947801,0,0,0,0
523947802,0,0,0,0
523947803,0,0,0,0
523947804,0,0,0,0
523947811,0,0,0,0
523947812,68,36,32,16
523947813,0,0,0,0
523947814,0,0,0,0
523947821,0,0,0,0
523947822,0,0,0,0
523947823,23,11,12,5
523947824,0,0,0,0
523947831,22,12,10,9
523947832,0,0,0,0
523947833,56,29,27,19
523947834,0,0,0,0
523947841,28,14,14,10
523947842,28,13,15,9
523947843,0,0,0,0
523947844,0,0,0,0
523947851,0,0,0,0
523947852,32,14,18,9
523947853,0,0,0,0
523947854,0,0,0,0
523947861,0,0,0,0
523947862,30,15,15,10
523947863,47,22,25,16
523947864,0,0,0,0
523947871,0,0,0,0
523947872,0,0,0,0
523947873,0,0,0,0
523947874,0,0,0,0
523947881,0,0,0,0
523947882,0,0,0,0
523947883,0,0,0,0
523947884,0,0,0,0
523947891,0,0,0,0
523947892,0,0,0,0
523927704,0,0,0,0
523927713,0,0,0,0
523927801,0,0,0,0
523927802,60,29,31,30
523927803,106,50,56,36
523927804,443,206,237,154
523927811,102,52,50,38
523927813,362,153,209,158
523927814,550,257,293,205
523927821,0,0,0,0
523927822,0,0,0,0
523927823,282,134,148,114
523927824,181,74,107,72
523927833,0,0,0,0
523927834,0,0,0,0
523927901,145,61,84,48
523927902,48,20,28,17
523927903,38,19,19,13
523927904,0,0,0,0
523927911,61,26,35,26
523927912,257,120,137,98
523927913,0,0,0,0
523927914,0,0,0,0
523927921,395,184,211,134
523927922,263,115,148,87
523927923,0,0,0,0
523927924,0,0,0,0
523927931,351,152,199,129
523927932,253,114,139,89
523927933,34,14,20,10
523927934,101,48,53,38
523927941,86,44,42,29
523927942,0,0,0,0
523927943,46,21,25,17
523927944,0,0,0,0
523927953,0,0,0,0
523936052,77,34,43,30
523936054,24,13,11,11
523936061,404,171,233,160
523936062,0,0,0,0
523936063,516,240,276,189
523936064,110,46,64,35
523936071,0,0,0,0
523936072,0,0,0,0
523936073,71,34,37,26
523936074,0,0,0,0
523936081,0,0,0,0
523936082,0,0,0,0
523936083,79,39,40,25
523936084,50,24,26,15
523936091,0,0,0,0
523936092,0,0,0,0
523936093,0,0,0,0
523936094,0,0,0,0
523936154,0,0,0,0
523936161,181,82,99,83
523936162,242,108,134,83
523936163,0,0,0,0
523936164,101,54,47,32
523936171,183,96,87,57
523936172,72,33,39,22
523936173,189,89,100,60
523936174,110,62,48,4
523936181,0,0,0,0
523936182,151,68,83,46
523936183,0,0,0,0
523936184,0,0,0,0
523936191,70,33,37,19
523936192,0,0,0,0
523936193,163,82,81,51
523936194,55,21,34,19
523936252,0,0,0,0
523936253,0,0,0,0
523936254,0,0,0,0
523936261,0,0,0,0
523936262,92,42,50,32
523936263,0,0,0,0
523936264,0,0,0,0
523936271,224,110,114,83
523936272,0,0,0,0
523936273,69,32,37,27
523936274,0,0,0,0
523936281,0,0,0,0
523936282,104,53,51,28
523936283,0,0,0,0
523936284,0,0,0,0
523936291,0,0,0,0
523936292,0,0,0,0
523936293,0,0,0,0
523936294,186,87,99,56
523936334,0,0,0,0
523936342,0,0,0,0
523936343,0,0,0,0
523936344,0,0,0,0
523936351,0,0,0,0
523936352,44,16,28,19
523936353,0,0,0,0
523936354,0,0,0,0
523936361,0,0,0,0
523936362,130,57,73,35
523936363,122,56,66,46
523936364,165,82,83,50
523936371,181,84,97,73
523936372,0,0,0,0
523936373,0,0,0,0
523936374,0,0,0,0
523936381,189,88,101,60
523936382,0,0,0,0
523936383,0,0,0,0
523936384,0,0,0,0
523936391,0,0,0,0
523936392,27,14,13,12
523936393,0,0,0,0
523936394,44,22,22,16
523936413,0,0,0,0
523936414,266,117,149,95
523936422,0,0,0,0
523936423,0,0,0,0
523936424,52,22,30,20
523936431,0,0,0,0
523936432,0,0,0,0
523936433,70,30,40,25
523936434,120,55,65,32
523936441,0,0,0,0
523936442,0,0,0,0
523936443,0,0,0,0
523936444,0,0,0,0
523936451,0,0,0,0
523936452,175,83,92,49
523936453,52,26,26,19
523936454,0,0,0,0
523936461,114,63,51,19
523936462,0,0,0,0
523936463,91,44,47,25
523936464,0,0,0,0
523936471,133,64,69,47
523936472,0,0,0,0
523936473,100,48,52,35
523936474,79,37,42,20
523936481,0,0,0,0
523936482,0,0,0,0
523936483,0,0,0,0
523936484,0,0,0,0
523936491,0,0,0,0
523936492,0,0,0,0
523936493,0,0,0,0
523936494,0,0,0,0
523936501,0,0,0,0
523936502,152,64,88,52
523936503,0,0,0,0
523936504,100,47,53,38
523936511,0,0,0,0
523936512,0,0,0,0
523936513,0,0,0,0
523936514,0,0,0,0
523936521,0,0,0,0
523936522,54,27,27,19
523936523,0,0,0,0
523936524,0,0,0,0
523936531,0,0,0,0
523936532,40,17,23,16
523936533,0,0,0,0
523936534,0,0,0,0
523936541,0,0,0,0
523936542,0,0,0,0
523936543,0,0,0,0
523936544,0,0,0,0
523936551,0,0,0,0
523936552,0,0,0,0
523936553,0,0,0,0
523936554,0,0,0,0
523936561,0,0,0,0
523936562,0,0,0,0
523936563,0,0,0,0
523936564,0,0,0,0
523936571,0,0,0,0
523936572,0,0,0,0
523936573,0,0,0,0
523936574,0,0,0,0
523936581,0,0,0,0
523936582,0,0,0,0
523936583,0,0,0,0
523936584,23,12,11,8
523936591,102,50,52,33
523936592,0,0,0,0
523936593,0,0,0,0
523936594,131,60,71,40
523936601,0,0,0,0
523936602,120,57,63,36
523936603,106,53,53,34
523936604,100,50,50,37
523936611,0,0,0,0
523936612,0,0,0,0
523936613,0,0,0,0
523936614,64,29,35,21
523936621,0,0,0,0
523936622,0,0,0,0
523936623,102,46,56,42
523936624,205,92,113,76
523936631,79,38,41,33
523936632,0,0,0,0
523936633,83,37,46,27
523936634,191,88,103,82
523936641,310,117,193,92
523936642,32,15,17,13
523936643,36,18,18,17
523936644,0,0,0,0
523936651,0,0,0,0
523936652,0,0,0,0
523936653,0,0,0,0
523936654,87,38,49,33
523936661,0,0,0,0
523936662,0,0,0,0
523936663,0,0,0,0
523936664,0,0,0,0
523936671,0,0,0,0
523936672,0,0,0,0
523936673,0,0,0,0
523936674,0,0,0,0
523936681,0,0,0,0
523936682,0,0,0,0
523936683,0,0,0,0
523936684,182,86,96,73
523936691,19,10,9,7
523936692,78,38,40,32
523936693,93,45,48,31
523936694,211,95,116,73
523936701,0,0,0,0
523936702,65,31,34,22
523936711,0,0,0,0
523936712,122,58,64,52
523936721,0,0,0,0
523936741,71,31,40,26
523936742,107,44,63,43
523936751,161,79,82,60
523936752,85,36,49,39
523936754,14,6,8,6
523936761,363,136,227,129
523936762,247,132,115,108
523936763,628,365,263,226
523936764,682,316,366,290
523936771,235,107,128,83
523936772,125,61,64,46
523936773,477,228,249,221
523936774,995,481,514,400
523936781,152,72,80,56
523936782,563,278,285,204
523936783,664,324,340,252
523936784,824,423,401,342
523936791,529,259,270,205
523936792,227,109,118,81
523936793,758,385,373,298
523936794,499,236,263,194
523936852,0,0,0,0
523936861,343,185,158,134
523936862,74,32,42,23
523936863,0,0,0,0
523936864,0,0,0,0
523936871,591,456,135,92
523936872,399,191,208,172
523936873,0,0,0,0
523936881,1052,511,541,341
523936882,1424,648,776,581
523936883,193,95,98,76
523936884,963,428,535,401
523936891,1232,577,655,493
523936892,825,410,415,360
523936893,1038,477,561,477
523936894,492,226,266,216
523936971,0,0,0,0
523936981,0,0,0,0
523936982,542,239,303,257
523936984,294,138,156,139
523936991,991,464,527,420
523936992,363,148,215,127
523936993,827,385,442,365
523936994,483,224,259,195
523937001,0,0,0,0
523937002,28,14,14,9
523937003,0,0,0,0
523937004,0,0,0,0
523937011,0,0,0,0
523937012,0,0,0,0
523937013,31,14,17,9
523937014,0,0,0,0
523937021,0,0,0,0
523937022,0,0,0,0
523937023,0,0,0,0
523937024,0,0,0,0
523937031,0,0,0,0
523937032,0,0,0,0
523937033,0,0,0,0
523937034,0,0,0,0
523937041,0,0,0,0
523937042,0,0,0,0
523937043,0,0,0,0
523937044,50,23,27,16
523937051,0,0,0,0
523937053,599,276,323,191
523937054,0,0,0,0
523937101,0,0,0,0
523937102,0,0,0,0
523937103,0,0,0,0
523937104,0,0,0,0
523937111,0,0,0,0
523937112,0,0,0,0
523937113,0,0,0,0
523937114,0,0,0,0
523937121,0,0,0,0
523937122,0,0,0,0
523937123,0,0,0,0
523937124,0,0,0,0
523937131,0,0,0,0
523937132,0,0,0,0
523937133,0,0,0,0
523937134,0,0,0,0
523937141,0,0,0,0
523937142,0,0,0,0
523937143,0,0,0,0
523937144,0,0,0,0
523937151,112,51,61,36
523937152,366,171,195,130
523937153,0,0,0,0
523937154,548,253,295,179
523937161,0,0,0,0
523937163,16,7,9,5
523937164,0,0,0,0
523937201,0,0,0,0
523937202,0,0,0,0
523937203,0,0,0,0
523937204,0,0,0,0
523937211,0,0,0,0
523937212,0,0,0,0
523937213,0,0,0,0
523937214,0,0,0,0
523937221,0,0,0,0
523937222,112,56,56,38
523937223,0,0,0,0
523937224,44,23,21,14
523937231,0,0,0,0
523937232,0,0,0,0
523937233,0,0,0,0
523937234,0,0,0,0
523937241,0,0,0,0
523937242,0,0,0,0
523937243,0,0,0,0
523937244,0,0,0,0
523937251,0,0,0,0
523937252,147,76,71,44
523937253,0,0,0,0
523937254,0,0,0,0
523937261,305,142,163,107
523937262,148,71,77,49
523937263,109,53,56,34
523937264,0,0,0,0
523937273,0,0,0,0
523937301,29,15,14,12
523937302,33,17,16,11
523937303,0,0,0,0
523937304,0,0,0,0
523937311,0,0,0,0
523937312,0,0,0,0
523937313,0,0,0,0
523937314,0,0,0,0
523937321,0,0,0,0
523937322,0,0,0,0
523937323,0,0,0,0
523937324,0,0,0,0
523937331,0,0,0,0
523937332,0,0,0,0
523937333,0,0,0,0
523937334,0,0,0,0
523937341,0,0,0,0
523937342,0,0,0,0
523937343,0,0,0,0
523937344,0,0,0,0
523937351,0,0,0,0
523937352,0,0,0,0
523937353,0,0,0,0
523937354,0,0,0,0
523937361,0,0,0,0
523937362,418,192,226,128
523937363,24,12,12,8
523937364,384,176,208,103
523937371,42,16,26,13
523937373,258,119,139,85
523937401,0,0,0,0
523937402,0,0,0,0
523937403,0,0,0,0
523937404,0,0,0,0
523937411,0,0,0,0
523937412,0,0,0,0
523937413,0,0,0,0
523937414,0,0,0,0
523937421,0,0,0,0
523937422,0,0,0,0
523937423,0,0,0,0
523937424,0,0,0,0
523937431,0,0,0,0
523937432,0,0,0,0
523937433,0,0,0,0
523937434,0,0,0,0
523937441,0,0,0,0
523937442,0,0,0,0
523937443,27,12,15,8
523937444,0,0,0,0
523937451,0,0,0,0
523937452,0,0,0,0
523937453,29,13,16,8
523937454,102,47,55,32
523937461,0,0,0,0
523937462,658,305,353,222
523937463,0,0,0,0
523937464,601,281,320,241
523937471,262,124,138,85
523937473,75,32,43,20
523937501,48,23,25,16
523937502,43,21,22,13
523937503,91,42,49,28
523937504,0,0,0,0
523937511,44,24,20,12
523937512,0,0,0,0
523937513,0,0,0,0
523937514,0,0,0,0
523937521,0,0,0,0
523937522,0,0,0,0
523937523,0,0,0,0
523937524,0,0,0,0
523937531,0,0,0,0
523937532,0,0,0,0
523937533,0,0,0,0
523937534,0,0,0,0
523937541,0,0,0,0
523937542,0,0,0,0
523937543,0,0,0,0
523937544,0,0,0,0
523937551,0,0,0,0
523937552,126,64,62,37
523937553,0,0,0,0
523937554,0,0,0,0
523937561,200,91,109,69
523937562,1253,568,685,429
523937563,400,194,206,139
523937564,478,224,254,176
523937601,0,0,0,0
523937602,0,0,0,0
523937603,226,100,126,77
523937604,93,47,46,26
523937611,88,43,45,25
523937612,0,0,0,0
523937613,78,38,40,24
523937614,0,0,0,0
523937621,0,0,0,0
523937622,53,31,22,19
523937623,0,0,0,0
523937624,0,0,0,0
523937631,0,0,0,0
523937632,0,0,0,0
523937633,83,43,40,26
523937634,0,0,0,0
523937641,0,0,0,0
523937642,0,0,0,0
523937643,0,0,0,0
523937644,46,21,25,16
523937651,0,0,0,0
523937652,0,0,0,0
523937653,0,0,0,0
523937654,0,0,0,0
523937661,285,137,148,94
523937662,248,123,125,100
523937663,239,118,121,78
523937664,118,50,68,51
523937673,0,0,0,0
523937701,80,33,47,29
523937702,61,29,32,27
523937703,0,0,0,0
523937704,0,0,0,0
523937711,0,0,0,0
523937712,243,119,124,74
523937713,80,36,44,27
523937714,0,0,0,0
523937721,0,0,0,0
523937722,0,0,0,0
523937723,0,0,0,0
523937724,70,35,35,20
523937731,0,0,0,0
523937732,0,0,0,0
523937733,0,0,0,0
523937734,0,0,0,0
523937741,168,85,83,57
523937742,0,0,0,0
523937743,0,0,0,0
523937744,93,46,47,25
523937751,47,20,27,15
523937752,7,4,3,3
523937753,48,21,27,15
523937754,59,24,35,21
523937761,612,287,325,246
523937762,238,117,121,91
523937763,484,216,268,153
523937764,217,110,107,83
523937771,207,104,103,76
523937773,89,40,49,35
523937774,0,0,0,0
523937801,379,176,203,144
523937802,122,56,66,36
523937803,392,187,205,144
523937804,156,91,65,83
523937811,0,0,0,0
523937812,0,0,0,0
523937813,163,81,82,58
523937814,278,130,148,80
523937821,36,35,1,35
523937822,0,0,0,0
523937823,0,0,0,0
523937824,0,0,0,0
523937831,0,0,0,0
523937832,0,0,0,0
523937833,77,38,39,26
523937834,0,0,0,0
523937841,48,23,25,17
523937842,0,0,0,0
523937843,0,0,0,0
523937844,0,0,0,0
523937851,0,0,0,0
523937852,210,99,111,68
523937853,80,35,45,24
523937854,58,28,30,21
523937861,198,93,105,61
523937862,116,61,55,38
523937863,0,0,0,0
523937864,90,43,47,38
523937871,397,196,201,121
523937872,140,68,72,49
523937873,353,159,194,103
523937874,107,46,61,27
523937901,197,93,104,74
523937902,252,144,108,113
523937903,845,396,449,315
523937904,5,3,2,3
523937911,64,36,28,21
523937912,0,0,0,0
523937913,339,156,183,115
523937914,0,0,0,0
523937921,0,0,0,0
523937922,72,36,36,26
523937923,70,36,34,24
523937924,208,99,109,83
523937931,93,46,47,26
523937932,0,0,0,0
523937933,205,94,111,71
523937934,146,75,71,47
523937941,0,0,0,0
523937942,0,0,0,0
523937943,0,0,0,0
523937944,0,0,0,0
523937951,0,0,0,0
523937952,0,0,0,0
523937953,66,35,31,17
523937954,0,0,0,0
523937961,104,53,51,29
523937962,0,0,0,0
523937963,45,23,22,13
523937964,0,0,0,0
523937971,156,74,82,43
523937972,0,0,0,0
523937973,138,67,71,43
523937974,65,33,32,20
523946442,0,0,0,0
523946444,0,0,0,0
523946451,0,0,0,0
523946452,0,0,0,0
523946453,0,0,0,0
523946454,0,0,0,0
523946461,576,276,300,184
523946462,204,112,92,41
523946463,380,173,207,128
523946464,313,140,173,118
523946471,77,39,38,28
523946472,75,38,37,27
523946473,0,0,0,0
523946474,77,38,39,27
523946481,81,38,43,27
523946482,0,0,0,0
523946483,82,37,45,27
523946484,81,37,44,26
523946491,0,0,0,0
523946492,0,0,0,0
523946493,26,11,15,8
523946494,28,11,17,8
523946542,0,0,0,0
523946551,0,0,0,0
523946561,19,8,11,6
523946562,989,478,511,341
523946564,183,81,102,56
523946571,327,164,163,97
523946572,142,71,71,50
523946573,0,0,0,0
523946574,0,0,0,0
523946581,0,0,0,0
523946582,34,17,17,12
523946583,36,18,18,12
523946584,37,19,18,11
523946591,0,0,0,0
523946592,0,0,0,0
523946593,0,0,0,0
523946594,0,0,0,0
523946082,647,320,327,287
523946084,74,39,35,37
523946091,942,426,516,386
523946092,292,137,155,126
523946093,631,298,333,230
523946094,269,123,146,99
523946182,58,29,29,22
523946183,0,0,0,0
523946184,425,194,231,174
523946191,697,290,407,203
523946192,525,256,269,192
523946193,148,74,74,47
523946194,81,37,44,27
523946274,34,18,16,13
523946281,8,3,5,3
523946282,610,283,327,249
523946283,432,216,216,160
523946284,906,425,481,363
523946291,120,54,66,45
523946292,241,110,131,73
523946293,651,316,335,233
523946294,281,142,139,85
523946354,0,0,0,0
523946363,0,0,0,0
523946364,68,30,38,31
523946371,873,394,479,331
523946372,972,433,539,333
523946373,493,246,247,172
523946374,334,168,166,119
523946381,925,449,476,341
523946382,22,9,13,4
523946383,240,115,125,87
523946384,16,9,7,5
523946391,97,44,53,30
523946392,251,120,131,84
523946393,0,0,0,0
523946394,171,81,90,59
523946661,66,33,33,20
523946662,485,236,249,147
523946663,155,74,81,58
523946664,0,0,0,0
523946671,0,0,0,0
523946672,0,0,0,0
523946673,0,0,0,0
523946674,0,0,0,0
523946681,137,48,89,27
523946682,65,33,32,20
523946683,0,0,0,0
523946684,33,16,17,10
523946691,0,0,0,0
523946692,0,0,0,0
523946693,0,0,0,0
523946694,37,18,19,11
523946752,0,0,0,0
523946754,55,24,31,17
523946761,366,169,197,121
523946762,0,0,0,0
523946763,189,79,110,58
523946764,0,0,0,0
523946771,0,0,0,0
523946772,0,0,0,0
523946773,0,0,0,0
523946774,0,0,0,0
523946781,49,24,25,14
523946782,0,0,0,0
523946783,52,25,27,14
523946784,39,21,18,13
523946791,34,16,18,10
523946792,0,0,0,0
523946793,31,15,16,9
523946794,32,15,17,9
523946852,109,51,58,32
523946854,0,0,0,0
523946861,0,0,0,0
523946862,0,0,0,0
523946863,0,0,0,0
523946864,0,0,0,0
523946871,0,0,0,0
523946872,0,0,0,0
523946873,0,0,0,0
523946874,0,0,0,0
523946881,0,0,0,0
523946882,0,0,0,0
523946883,0,0,0,0
523946884,0,0,0,0
523946891,42,21,21,13
523946892,0,0,0,0
523946893,0,0,0,0
523946894,0,0,0,0
523946961,0,0,0,0
523946962,87,47,40,32
523946964,0,0,0,0
523946971,122,59,63,48
523946972,0,0,0,0
523946973,88,43,45,33
523946974,0,0,0,0
523946981,0,0,0,0
523946982,0,0,0,0
523946983,0,0,0,0
523946984,0,0,0,0
523946991,0,0,0,0
523946992,0,0,0,0
523946993,0,0,0,0
523946994,0,0,0,0
523947001,94,47,47,34
523947002,71,32,39,29
523947003,523,252,271,183
523947004,17,8,9,7
523947011,144,69,75,54
523947012,174,86,88,63
523947013,140,74,66,56
523947014,243,117,126,87
523947021,95,50,45,32
523947022,0,0,0,0
523947023,185,90,95,57
523947024,0,0,0,0
523947031,336,151,185,109
523947032,156,68,88,55
523947033,131,62,69,51
523947034,0,0,0,0
523947041,0,0,0,0
523947042,82,41,41,28
523947043,153,82,71,43
523947044,104,46,58,31
523947051,0,0,0,0
523947052,0,0,0,0
523947053,0,0,0,0
523947054,0,0,0,0
523947061,0,0,0,0
523947062,89,43,46,28
523947063,0,0,0,0
523947064,0,0,0,0
523947071,63,29,34,25
523947072,224,103,121,64
523947073,0,0,0,0
523947074,354,175,179,114
523947081,0,0,0,0
523947083,0,0,0,0
523947101,0,0,0,0
523947102,316,158,158,115
523947103,0,0,0,0
523947104,0,0,0,0
523947111,0,0,0,0
523947112,168,88,80,54
523947113,630,304,326,192
523947114,173,87,86,55
523947121,0,0,0,0
523947122,0,0,0,0
523947123,0,0,0,0
523947124,105,58,47,35
523947131,90,40,50,24
523947132,60,30,30,20
523947133,0,0,0,0
523947134,30,14,16,9
523947141,0,0,0,0
523947142,0,0,0,0
523947143,0,0,0,0
523947144,0,0,0,0
523947151,0,0,0,0
523947152,158,80,78,49
523947153,73,38,35,18
523947154,0,0,0,0
523947161,96,48,48,28
523947162,0,0,0,0
523947163,57,28,29,18
523947164,142,67,75,47
523947171,0,0,0,0
523947172,0,0,0,0
523947173,259,115,144,87
523947174,0,0,0,0
523947181,0,0,0,0
523947182,0,0,0,0
523947183,0,0,0,0
523947184,0,0,0,0
523947201,197,84,113,62
523947202,193,102,91,62
523947203,74,37,37,34
523947204,180,84,96,59
523947211,24,12,12,9
523947212,0,0,0,0
523947213,123,57,66,42
523947214,254,145,109,5
523947221,0,0,0,0
523947222,48,24,24,17
523947223,108,56,52,31
523947224,0,0,0,0
523947231,49,24,25,17
523947232,0,0,0,0
523947233,190,97,93,51
523947234,95,45,50,32
523947241,32,15,17,9
523947242,0,0,0,0
523947243,0,0,0,0
523947244,0,0,0,0
523947251,0,0,0,0
523947252,170,81,89,54
523947253,0,0,0,0
523947254,66,27,39,19
523947261,86,40,46,21
523947262,107,53,54,35
523947263,0,0,0,0
523947264,226,103,123,79
523947271,74,34,40,23
523947272,49,25,24,18
523947273,0,0,0,0
523947274,0,0,0,0
523947281,251,120,131,94
523947282,0,0,0,0
523947283,130,59,71,37
523947284,371,171,200,128
523947291,0,0,0,0
523947293,117,56,61,42
523947294,0,0,0,0
523947301,0,0,0,0
523947302,0,0,0,0
523947303,0,0,0,0
523947304,0,0,0,0
523947311,57,29,28,18
523947312,317,136,181,62
523947313,51,17,34,1
523947314,0,0,0,0
523947321,94,40,54,24
523947322,0,0,0,0
523947323,0,0,0,0
523947324,0,0,0,0
523947331,35,17,18,12
523947332,68,31,37,22
523947333,0,0,0,0
523947334,35,16,19,11
523947341,89,47,42,27
523947342,0,0,0,0
523947343,0,0,0,0
523947344,0,0,0,0
523947351,107,49,58,31
523947352,150,68,82,46
523947353,49,24,25,14
523947354,146,75,71,37
523947361,142,65,77,46
523947362,0,0,0,0
523947363,64,30,34,21
523947364,0,0,0,0
523947371,163,83,80,48
523947372,0,0,0,0
523947373,0,0,0,0
523947374,166,86,80,42
523947381,0,0,0,0
523947382,0,0,0,0
523947383,93,48,45,26
523947384,97,50,47,30
523947391,233,103,130,62
523947392,113,51,62,39
523947393,0,0,0,0
523947394,115,55,60,39
523947401,0,0,0,0
523947402,58,28,30,18
523947403,26,13,13,9
523947404,59,29,30,18
523947411,63,31,32,18
523947412,51,24,27,17
523947413,142,66,76,41
523947414,0,0,0,0
523947421,0,0,0,0
523947422,34,17,17,12
523947423,195,92,103,56
523947424,32,16,16,11
523947431,0,0,0,0
523947432,118,55,63,34
523947433,35,17,18,11
523947434,24,9,15,8
523947441,0,0,0,0
523947442,0,0,0,0
523947443,0,0,0,0
523947444,50,24,26,15
523947451,0,0,0,0
523947452,0,0,0,0
523947453,0,0,0,0
523947454,0,0,0,0
523947461,0,0,0,0
523947462,75,40,35,21
523947463,93,48,45,25
523947464,0,0,0,0
523947471,0,0,0,0
523947472,0,0,0,0
523947473,0,0,0,0
523947474,136,61,75,42
523947481,0,0,0,0
523947482,0,0,0,0
523947483,0,0,0,0
523947484,0,0,0,0
523947491,0,0,0,0
523947492,0,0,0,0
523947493,95,44,51,26
523947494,111,59,52,34
523947501,0,0,0,0
523947502,0,0,0,0
523947503,0,0,0,0
523947504,0,0,0,0
523947511,0,0,0,0
523947512,210,99,111,59
523947513,0,0,0,0
523947514,0,0,0,0
523947521,0,0,0,0
523947522,0,0,0,0
523947523,0,0,0,0
523947524,0,0,0,0
523947531,0,0,0,0
523947532,25,10,15,8
523947533,0,0,0,0
523947534,0,0,0,0
523947541,118,52,66,41
523947542,49,25,24,14
523947543,0,0,0,0
523947544,0,0,0,0
523947551,18,8,10,4
523947552,0,0,0,0
523947553,0,0,0,0
523947554,0,0,0,0
523947561,161,89,72,43
523947562,174,81,93,53
523947563,0,0,0,0
523947564,149,71,78,46
523947571,27,13,14,8
523947572,0,0,0,0
523947573,31,15,16,8
523947574,0,0,0,0
523947581,0,0,0,0
523947582,0,0,0,0
523947583,0,0,0,0
523947584,0,0,0,0
523947591,291,142,149,84
523947592,52,24,28,15
523947593,0,0,0,0
523947594,0,0,0,0
523947601,0,0,0,0
523947602,0,0,0,0
523947603,0,0,0,0
523947604,0,0,0,0
523947611,0,0,0,0
523947612,174,83,91,51
523947613,0,0,0,0
523947614,156,71,85,47
523947621,0,0,0,0
523947622,0,0,0,0
523947623,0,0,0,0
523947624,0,0,0,0
523947631,0,0,0,0
523947632,0,0,0,0
523947633,0,0,0,0
523947634,0,0,0,0
523947641,0,0,0,0
523947642,0,0,0,0
523947643,0,0,0,0
523947644,17,8,9,4
523947651,26,13,13,9
523947652,63,29,34,15
523947653,0,0,0,0
523947654,53,26,27,18
523947661,179,87,92,52
523947662,0,0,0,0
523947663,0,0,0,0
523947664,65,23,42,1
523947671,0,0,0,0
523947672,0,0,0,0
523947673,0,0,0,0
523947674,62,30,32,16
523947681,0,0,0,0
523947682,75,38,37,23
523947683,0,0,0,0
523947684,81,37,44,24
523947691,158,78,80,45
523947692,0,0,0,0
523947693,0,0,0,0
523947694,0,0,0,0
523947701,0,0,0,0
523947702,0,0,0,0
523947703,0,0,0,0
523947704,0,0,0,0
523947711,0,0,0,0
523947712,133,67,66,36
523947713,0,0,0,0
523947714,0,0,0,0
523947721,43,23,20,13
523947722,0,0,0,0
523947723,52,26,26,19
523947724,60,31,29,20
523947731,0,0,0,0
523947732,0,0,0,0
523947733,0,0,0,0
523947734,20,11,9,9
523947741,0,0,0,0
523947742,0,0,0,0
523947743,0,0,0,0
523947744,0,0,0,0
523947751,0,0,0,0
523947752,0,0,0,0
523947753,0,0,0,0
523947754,29,13,16,9
523947761,19,9,10,7
523947762,60,27,33,18
523947763,0,0,0,0
523947764,48,23,25,14
523947771,14,6,8,6
523947772,0,0,0,0
523947773,75,44,31,26
523947774,0,0,0,0
523947781,0,0,0,0
523947782,0,0,0,0
523947783,0,0,0,0
523947784,32,15,17,8
523947893,14,9,5,3
523947894,27,15,12,7
523947901,0,0,0,0
523947902,0,0,0,0
523947903,0,0,0,0
523947904,0,0,0,0
523947911,0,0,0,0
523947912,53,27,26,19
523947913,0,0,0,0
523947914,0,0,0,0
523947921,0,0,0,0
523947922,0,0,0,0
523947923,54,27,27,19
523947924,0,0,0,0
523947931,0,0,0,0
523947932,0,0,0,0
523947933,0,0,0,0
523947934,0,0,0,0
523947941,0,0,0,0
523947942,0,0,0,0
523947943,0,0,0,0
523947944,0,0,0,0
523947951,0,0,0,0
523947952,0,0,0,0
523947953,0,0,0,0
523947954,0,0,0,0
523947961,25,12,13,7
523947962,0,0,0,0
523947963,25,11,14,7
523947964,0,0,0,0
523947971,0,0,0,0
523947972,35,16,19,10
523947973,0,0,0,0
523947974,36,17,19,10
523947981,0,0,0,0
523947982,0,0,0,0
523947983,0,0,0,0
523947984,0,0,0,0
523947991,0,0,0,0
523947992,84,40,44,25
523947993,0,0,0,0
523947994,14,7,7,5
523956071,105,47,58,31
523956072,504,237,267,165
523956073,88,45,43,25
523956074,575,279,296,199
523956081,0,0,0,0
523956082,0,0,0,0
523956083,257,126,131,82
523956084,210,103,107,72
523956091,0,0,0,0
523956092,0,0,0,0
523956093,0,0,0,0
523956094,202,98,104,62
523956163,0,0,0,0
523956164,0,0,0,0
523956171,336,148,188,74
523956172,404,180,224,137
523956173,18,14,4,5
523956174,96,50,46,35
523956181,359,170,189,115
523956182,57,31,26,23
523956183,0,0,0,0
523956184,0,0,0,0
523956191,183,89,94,63
523956192,0,0,0,0
523956193,0,0,0,0
523956194,0,0,0,0
523956252,0,0,0,0
523956261,321,154,167,120
523956262,5,3,2,1
523956263,50,25,25,17
523956264,242,122,120,92
523956271,64,25,39,25
523956272,0,0,0,0
523956273,62,36,26,4
523956274,150,73,77,54
523956281,0,0,0,0
523956282,118,55,63,48
523956283,0,0,0,0
523956284,0,0,0,0
523956291,107,49,58,29
523956292,0,0,0,0
523956293,0,0,0,0
523956294,196,93,103,63
523956361,946,459,487,345
523956362,431,196,235,137
523956363,706,337,369,253
523956364,376,174,202,136
523956371,539,274,265,187
523956372,176,86,90,55
523956373,51,22,29,17
523956374,130,58,72,42
523956381,0,0,0,0
523956382,39,18,21,11
523956383,0,0,0,0
523956384,0,0,0,0
523956391,0,0,0,0
523956392,0,0,0,0
523956393,0,0,0,0
523956394,0,0,0,0
523956461,352,165,187,100
523956462,513,238,275,165
523956464,110,55,55,37
523956471,0,0,0,0
523956472,0,0,0,0
523956473,112,57,55,30
523956474,0,0,0,0
523956481,0,0,0,0
523956482,174,83,91,61
523956483,0,0,0,0
523956484,0,0,0,0
523956491,0,0,0,0
523956492,111,57,54,41
523956493,118,64,54,33
523956494,0,0,0,0
523956562,0,0,0,0
523956571,96,47,49,29
523956572,0,0,0,0
523956573,213,101,112,71
523956574,0,0,0,0
523956581,0,0,0,0
523956582,0,0,0,0
523956583,0,0,0,0
523956584,0,0,0,0
523956591,0,0,0,0
523956592,0,0,0,0
523956593,43,24,19,14
523956594,0,0,0,0
523956662,65,30,35,20
523956664,322,155,167,122
523956671,499,237,262,170
523956672,0,0,0,0
523956673,683,304,379,243
523956674,231,105,126,82
523956681,37,20,17,13
523956682,0,0,0,0
523956683,0,0,0,0
523956684,0,0,0,0
523956691,0,0,0,0
523956692,0,0,0,0
523956693,0,0,0,0
523956694,0,0,0,0
523956762,269,127,142,104
523956763,0,0,0,0
523956764,241,114,127,78
523956771,402,191,211,128
523956772,163,63,100,40
523956773,0,0,0,0
523956774,0,0,0,0
523956781,164,79,85,51
523956782,0,0,0,0
523956783,0,0,0,0
523956784,0,0,0,0
523956791,59,28,31,18
523956792,48,24,24,15
523956793,0,0,0,0
523956794,0,0,0,0
523956852,0,0,0,0
523956853,0,0,0,0
523956854,0,0,0,0
523956861,0,0,0,0
523956862,0,0,0,0
523956863,0,0,0,0
523956864,0,0,0,0
523956871,0,0,0,0
523956872,0,0,0,0
523956873,0,0,0,0
523956874,0,0,0,0
523956881,0,0,0,0
523956882,0,0,0,0
523956883,0,0,0,0
523956884,0,0,0,0
523956891,0,0,0,0
523956892,0,0,0,0
523956893,0,0,0,0
523956894,0,0,0,0
523956951,0,0,0,0
523956952,119,59,60,39
523956954,745,362,383,249
523956961,0,0,0,0
523956962,0,0,0,0
523956963,5,3,2,4
523956964,7,4,3,4
523956971,0,0,0,0
523956972,0,0,0,0
523956973,0,0,0,0
523956974,0,0,0,0
523956981,0,0,0,0
523956982,0,0,0,0
523956983,0,0,0,0
523956984,0,0,0,0
523956991,0,0,0,0
523956992,0,0,0,0
523956993,0,0,0,0
523956994,0,0,0,0
523957001,0,0,0,0
523957002,0,0,0,0
523957003,0,0,0,0
523957004,0,0,0,0
523957011,0,0,0,0
523957012,49,24,25,16
523957013,0,0,0,0
523957014,26,11,15,8
523957021,138,69,69,44
523957022,0,0,0,0
523957023,120,61,59,39
523957024,0,0,0,0
523957031,0,0,0,0
523957032,0,0,0,0
523957033,0,0,0,0
523957034,0,0,0,0
523957041,0,0,0,0
523957042,0,0,0,0
523957043,0,0,0,0
523957044,0,0,0,0
523957051,0,0,0,0
523957052,0,0,0,0
523957053,0,0,0,0
523957054,0,0,0,0
523957061,0,0,0,0
523957062,0,0,0,0
523957063,0,0,0,0
523957064,0,0,0,0
523957071,0,0,0,0
523957072,0,0,0,0
523957073,0,0,0,0
523957074,80,44,36,25
523957081,35,19,16,12
523957082,0,0,0,0
523957083,0,0,0,0
523957084,0,0,0,0
523957091,0,0,0,0
523957092,0,0,0,0
523957093,0,0,0,0
523957094,32,19,13,15
523957101,0,0,0,0
523957102,0,0,0,0
523957103,0,0,0,0
523957104,0,0,0,0
523957111,27,12,15,8
523957112,43,24,19,12
523957113,0,0,0,0
523957114,78,42,36,22
523957121,0,0,0,0
523957122,88,46,42,27
523957123,44,22,22,13
523957124,0,0,0,0
523957131,90,44,46,26
523957132,0,0,0,0
523957133,172,89,83,60
523957134,55,24,31,17
523957141,0,0,0,0
523957142,0,0,0,0
523957143,0,0,0,0
523957144,0,0,0,0
523957151,0,0,0,0
523957152,0,0,0,0
523957153,56,28,28,17
523957154,0,0,0,0
523957161,0,0,0,0
523957162,0,0,0,0
523957163,79,34,45,20
523957164,0,0,0,0
523957171,0,0,0,0
523957172,39,20,19,16
523957173,0,0,0,0
523957174,25,12,13,8
523957181,0,0,0,0
523957182,23,13,10,10
523957183,35,18,17,12
523957184,49,26,23,19
523957191,0,0,0,0
523957192,10,4,6,4
523957193,0,0,0,0
523957194,0,0,0,0
523957201,0,0,0,0
523957202,42,22,20,11
523957203,0,0,0,0
523957204,0,0,0,0
523957211,0,0,0,0
523957212,66,31,35,19
523957213,0,0,0,0
523957214,107,51,56,32
523957221,0,0,0,0
523957222,0,0,0,0
523957223,62,28,34,18
523957224,0,0,0,0
523957231,0,0,0,0
523957232,0,0,0,0
523957233,0,0,0,0
523957234,0,0,0,0
523957241,0,0,0,0
523957242,136,64,72,35
523957243,36,19,17,12
523957244,0,0,0,0
523957251,47,23,24,16
523957252,82,34,48,20
523957253,0,0,0,0
523957254,0,0,0,0
523957261,0,0,0,0
523957262,0,0,0,0
523957263,0,0,0,0
523957264,0,0,0,0
523957271,0,0,0,0
523957272,0,0,0,0
523957273,0,0,0,0
523957274,0,0,0,0
523957281,24,11,13,8
523957282,38,20,18,12
523957283,0,0,0,0
523957284,0,0,0,0
523957291,0,0,0,0
523957292,26,14,12,9
523957293,28,15,13,9
523957294,16,8,8,6
523957301,0,0,0,0
523957302,0,0,0,0
523957303,0,0,0,0
523957304,0,0,0,0
523957311,0,0,0,0
523957312,0,0,0,0
523957313,0,0,0,0
523957314,0,0,0,0
523957321,0,0,0,0
523957322,0,0,0,0
523957323,0,0,0,0
523957324,0,0,0,0
523957331,0,0,0,0
523957332,0,0,0,0
523957333,0,0,0,0
523957334,0,0,0,0
523957341,0,0,0,0
523957342,37,19,18,12
523957343,33,16,17,11
523957344,0,0,0,0
523957351,0,0,0,0
523957352,0,0,0,0
523957353,44,23,21,15
523957354,0,0,0,0
523957361,0,0,0,0
523957362,0,0,0,0
523957363,0,0,0,0
523957364,0,0,0,0
523957371,0,0,0,0
523957372,0,0,0,0
523957373,0,0,0,0
523957374,0,0,0,0
523957381,0,0,0,0
523957382,0,0,0,0
523957383,0,0,0,0
523957384,74,67,7,2
523957391,0,0,0,0
523957392,0,0,0,0
523957393,0,0,0,0
523957394,0,0,0,0
523957401,261,118,143,80
523957402,127,59,68,44
523957403,0,0,0,0
523957404,0,0,0,0
523957411,155,73,82,46
523957412,0,0,0,0
523957413,0,0,0,0
523957414,0,0,0,0
523957421,0,0,0,0
523957422,0,0,0,0
523957423,132,64,68,51
523957424,0,0,0,0
523957431,0,0,0,0
523957432,0,0,0,0
523957433,0,0,0,0
523957434,0,0,0,0
523957441,0,0,0,0
523957442,0,0,0,0
523957443,0,0,0,0
523957444,0,0,0,0
523957451,0,0,0,0
523957452,94,49,45,29
523957453,0,0,0,0
523957454,0,0,0,0
523957461,0,0,0,0
523957462,0,0,0,0
523957463,0,0,0,0
523957464,24,13,11,9
523957471,0,0,0,0
523957472,28,13,15,10
523957473,0,0,0,0
523957474,26,13,13,9
523957481,0,0,0,0
523957482,0,0,0,0
523957483,0,0,0,0
523957484,75,41,34,22
523957491,0,0,0,0
523957492,0,0,0,0
523957493,0,0,0,0
523957494,0,0,0,0
523957501,0,0,0,0
523957502,0,0,0,0
523957503,0,0,0,0
523957504,0,0,0,0
523957511,0,0,0,0
523957512,0,0,0,0
523957513,0,0,0,0
523957514,0,0,0,0
523957521,0,0,0,0
523957522,0,0,0,0
523957523,0,0,0,0
523957524,0,0,0,0
523957531,0,0,0,0
523957532,0,0,0,0
523957533,0,0,0,0
523957534,0,0,0,0
523957541,0,0,0,0
523957542,0,0,0,0
523957543,0,0,0,0
523957544,0,0,0,0
523957551,0,0,0,0
523957552,0,0,0,0
523957553,0,0,0,0
523957554,0,0,0,0
523957561,0,0,0,0
523957562,23,12,11,8
523957563,0,0,0,0
523957564,52,27,25,16
523957571,58,26,32,18
523957572,0,0,0,0
523957573,0,0,0,0
523957574,85,42,43,29
523957581,0,0,0,0
523957582,0,0,0,0
523957583,0,0,0,0
523957584,0,0,0,0
523957591,0,0,0,0
523957592,45,23,22,15
523957593,0,0,0,0
523957594,0,0,0,0
523957601,0,0,0,0
523957602,0,0,0,0
523957603,0,0,0,0
523957604,0,0,0,0
523957611,0,0,0,0
523957612,0,0,0,0
523957613,0,0,0,0
523957614,0,0,0,0
523957621,140,70,70,48
523957622,0,0,0,0
523957623,0,0,0,0
523957624,0,0,0,0
523957631,0,0,0,0
523957632,0,0,0,0
523957633,0,0,0,0
523957634,0,0,0,0
523957641,0,0,0,0
523957642,94,43,51,22
523957643,0,0,0,0
523957644,0,0,0,0
523957651,0,0,0,0
523957652,37,16,21,10
523957653,0,0,0,0
523957654,0,0,0,0
523957661,105,50,55,33
523957662,0,0,0,0
523957663,43,23,20,15
523957664,0,0,0,0
523957671,0,0,0,0
523957672,0,0,0,0
523957673,0,0,0,0
523957674,93,42,51,31
523957681,61,31,30,19
523957682,96,50,46,33
523957683,0,0,0,0
523957684,142,67,75,47
523957691,170,62,108,4
523957692,202,107,95,69
523957693,149,75,74,50
523957694,137,65,72,45
523957701,124,62,62,43
523957702,110,49,61,33
523957703,41,20,21,14
523957704,0,0,0,0
523957711,0,0,0,0
523957712,0,0,0,0
523957713,0,0,0,0
523957714,0,0,0,0
523957721,0,0,0,0
523957722,0,0,0,0
523957723,62,30,32,22
523957724,0,0,0,0
523957731,33,16,17,12
523957732,0,0,0,0
523957733,0,0,0,0
523957734,0,0,0,0
523957741,17,8,9,5
523957742,81,42,39,28
523957743,0,0,0,0
523957744,0,0,0,0
523957751,0,0,0,0
523957752,0,0,0,0
523957753,0,0,0,0
523957754,0,0,0,0
523957761,59,26,33,20
523957762,74,30,44,23
523957763,0,0,0,0
523957764,49,25,24,20
523957771,147,71,76,51
523957772,63,32,31,21
523957773,0,0,0,0
523957774,0,0,0,0
523957781,87,40,47,28
523957782,0,0,0,0
523957783,0,0,0,0
523957784,0,0,0,0
523957791,0,0,0,0
523957792,0,0,0,0
523957793,0,0,0,0
523957794,0,0,0,0
523957801,0,0,0,0
523957802,0,0,0,0
523957803,0,0,0,0
523957804,0,0,0,0
523957811,52,23,29,16
523957812,0,0,0,0
523957813,0,0,0,0
523957814,0,0,0,0
523957821,0,0,0,0
523957822,0,0,0,0
523957823,0,0,0,0
523957824,0,0,0,0
523957831,52,30,22,23
523957832,0,0,0,0
523957833,0,0,0,0
523957834,0,0,0,0
523957841,0,0,0,0
523957842,19,9,10,5
523957843,0,0,0,0
523957844,0,0,0,0
523957851,0,0,0,0
523957852,26,13,13,9
523957853,0,0,0,0
523957854,0,0,0,0
523957861,0,0,0,0
523957862,0,0,0,0
523957863,0,0,0,0
523957864,61,31,30,21
523957871,0,0,0,0
523957872,0,0,0,0
523957873,0,0,0,0
523957874,0,0,0,0
523957881,0,0,0,0
523957882,0,0,0,0
523957883,0,0,0,0
523957884,0,0,0,0
523957891,0,0,0,0
523957892,0,0,0,0
523957893,0,0,0,0
523957894,0,0,0,0
523957901,0,0,0,0
523957902,4,3,1,3
523957903,0,0,0,0
523957904,0,0,0,0
523957911,11,7,4,5
523957912,0,0,0,0
523957913,0,0,0,0
523957914,0,0,0,0
523957921,0,0,0,0
523957922,0,0,0,0
523957923,0,0,0,0
523957924,0,0,0,0
523957931,0,0,0,0
523957932,0,0,0,0
523957933,0,0,0,0
523957934,0,0,0,0
523957941,0,0,0,0
523957942,0,0,0,0
523957943,0,0,0,0
523957944,0,0,0,0
523957951,0,0,0,0
523957952,0,0,0,0
523957953,0,0,0,0
523957954,30,15,15,10
523957961,0,0,0,0
523957962,0,0,0,0
523957963,0,0,0,0
523957964,60,37,23,1
523957971,0,0,0,0
523957972,0,0,0,0
523957973,0,0,0,0
523957974,0,0,0,0
523957981,0,0,0,0
523957982,0,0,0,0
523957983,0,0,0,0
523957984,0,0,0,0
523957991,0,0,0,0
523957992,0,0,0,0
523957993,0,0,0,0
523957994,0,0,0,0
523966682,0,0,0,0
523966691,91,45,46,34
523966692,792,395,397,294
523966693,0,0,0,0
523966694,490,225,265,189
523977111,230,112,118,83
523977112,249,122,127,68
523977113,64,33,31,23
523977114,0,0,0,0
523977121,44,20,24,12
523977122,0,0,0,0
523977123,0,0,0,0
523977124,29,15,14,9
523977131,0,0,0,0
523977132,0,0,0,0
523977133,0,0,0,0
523977134,0,0,0,0
523977141,0,0,0,0
523977142,0,0,0,0
523977143,0,0,0,0
523977144,0,0,0,0
523977151,0,0,0,0
523977152,0,0,0,0
523977153,0,0,0,0
523977154,0,0,0,0
523977161,0,0,0,0
523977162,0,0,0,0
523977163,0,0,0,0
523977164,0,0,0,0
523977171,0,0,0,0
523977172,0,0,0,0
523977173,0,0,0,0
523977174,0,0,0,0
523977181,39,18,21,13
523977182,0,0,0,0
523977183,0,0,0,0
523977184,0,0,0,0
523977191,0,0,0,0
523977192,119,62,57,34
523977193,119,61,58,33
523977194,0,0,0,0
523977201,43,23,20,14
523977202,37,17,20,9
523977203,0,0,0,0
523977204,19,10,9,6
523977211,53,27,26,14
523977212,49,16,33,3
523966051,0,0,0,0
523966052,294,143,151,112
523966053,0,0,0,0
523966054,98,53,45,30
523966061,332,156,176,103
523966062,0,0,0,0
523966063,0,0,0,0
523966064,25,10,15,7
523966071,0,0,0,0
523966072,0,0,0,0
523966073,0,0,0,0
523966074,0,0,0,0
523966081,0,0,0,0
523966082,0,0,0,0
523966083,0,0,0,0
523966084,0,0,0,0
523966091,0,0,0,0
523966092,0,0,0,0
523966093,0,0,0,0
523966094,0,0,0,0
523966151,34,18,16,10
523966152,96,26,70,4
523966153,0,0,0,0
523966154,0,0,0,0
523966161,73,36,37,19
523966162,0,0,0,0
523966163,0,0,0,0
523966164,0,0,0,0
523966171,0,0,0,0
523966172,0,0,0,0
523966173,0,0,0,0
523966174,0,0,0,0
523966181,0,0,0,0
523966182,0,0,0,0
523966183,0,0,0,0
523966184,0,0,0,0
523966191,41,19,22,12
523966192,0,0,0,0
523966193,45,20,25,12
523966194,0,0,0,0
523966251,0,0,0,0
523966252,14,8,6,6
523966253,0,0,0,0
523966254,0,0,0,0
523966261,0,0,0,0
523966262,0,0,0,0
523966263,0,0,0,0
523966264,31,16,15,12
523966271,0,0,0,0
523966272,17,8,9,6
523966273,0,0,0,0
523966274,0,0,0,0
523966281,0,0,0,0
523966282,0,0,0,0
523966283,0,0,0,0
523966284,0,0,0,0
523966291,74,32,42,22
523966292,0,0,0,0
523966293,0,0,0,0
523966294,0,0,0,0
523966352,77,40,37,24
523966354,120,62,58,35
523966361,0,0,0,0
523966362,0,0,0,0
523966363,270,129,141,75
523966364,0,0,0,0
523966371,0,0,0,0
523966372,0,0,0,0
523966373,0,0,0,0
523966374,0,0,0,0
523966381,30,16,14,8
523966382,0,0,0,0
523966383,77,37,40,20
523966384,52,25,27,15
523966391,61,34,27,16
523966392,0,0,0,0
523966393,0,0,0,0
523966394,0,0,0,0
523966461,43,19,24,10
523966462,180,85,95,50
523966464,0,0,0,0
523966471,108,54,54,37
523966472,17,9,8,4
523966473,162,78,84,55
523966474,551,262,289,161
523966481,19,9,10,4
523966482,54,26,28,15
523966483,124,57,67,16
523966484,0,0,0,0
523966491,0,0,0,0
523966492,0,0,0,0
523966493,0,0,0,0
523966494,0,0,0,0
523966571,6,3,3,1
523966572,377,189,188,117
523966574,35,16,19,13
523966581,0,0,0,0
523966582,0,0,0,0
523966583,0,0,0,0
523966584,0,0,0,0
523966591,16,9,7,5
523966592,0,0,0,0
523966593,255,123,132,89
523966594,726,363,363,269
523966792,23,11,12,8
523966794,21,11,10,8
523966892,0,0,0,0
523966894,56,29,27,14
523966991,0,0,0,0
523966992,0,0,0,0
523966993,58,29,29,14
523966994,200,99,101,58
523967001,0,0,0,0
523967002,0,0,0,0
523967003,0,0,0,0
523967004,0,0,0,0
523967011,0,0,0,0
523967012,0,0,0,0
523967013,0,0,0,0
523967014,0,0,0,0
523967021,0,0,0,0
523967022,0,0,0,0
523967023,0,0,0,0
523967024,0,0,0,0
523967031,0,0,0,0
523967032,66,33,33,26
523967033,0,0,0,0
523967034,24,11,13,6
523967041,0,0,0,0
523967042,0,0,0,0
523967043,0,0,0,0
523967044,0,0,0,0
523967051,0,0,0,0
523967052,0,0,0,0
523967053,0,0,0,0
523967054,0,0,0,0
523967061,32,15,17,10
523967062,0,0,0,0
523967063,0,0,0,0
523967064,0,0,0,0
523967071,0,0,0,0
523967072,0,0,0,0
523967073,20,9,11,7
523967074,21,10,11,7
523967081,0,0,0,0
523967082,0,0,0,0
523967083,0,0,0,0
523967084,0,0,0,0
523967091,0,0,0,0
523967092,0,0,0,0
523967093,0,0,0,0
523967094,0,0,0,0
523967101,0,0,0,0
523967102,0,0,0,0
523967103,0,0,0,0
523967104,0,0,0,0
523967111,0,0,0,0
523967112,0,0,0,0
523967113,30,16,14,8
523967114,0,0,0,0
523967121,0,0,0,0
523967122,0,0,0,0
523967123,0,0,0,0
523967124,0,0,0,0
523967131,0,0,0,0
523967132,24,11,13,6
523967133,0,0,0,0
523967134,17,8,9,5
523967141,0,0,0,0
523967142,39,19,20,10
523967143,0,0,0,0
523967144,40,20,20,9
523967151,0,0,0,0
523967152,0,0,0,0
523967153,0,0,0,0
523967154,0,0,0,0
523967161,0,0,0,0
523967162,22,10,12,7
523967163,0,0,0,0
523967164,81,39,42,20
523967171,0,0,0,0
523967172,0,0,0,0
523967173,0,0,0,0
523967174,0,0,0,0
523967181,0,0,0,0
523967182,0,0,0,0
523967183,0,0,0,0
523967184,0,0,0,0
523967191,0,0,0,0
523967192,0,0,0,0
523967193,0,0,0,0
523967194,0,0,0,0
523967201,0,0,0,0
523967202,0,0,0,0
523967203,0,0,0,0
523967204,33,16,17,8
523967211,64,34,30,18
523967212,0,0,0,0
523967213,0,0,0,0
523967214,0,0,0,0
523967221,0,0,0,0
523967222,89,49,40,25
523967223,0,0,0,0
523967224,0,0,0,0
523967231,0,0,0,0
523967232,42,19,23,9
523967233,0,0,0,0
523967234,0,0,0,0
523967241,0,0,0,0
523967242,0,0,0,0
523967243,43,20,23,9
523967244,0,0,0,0
523967251,0,0,0,0
523967252,0,0,0,0
523967253,0,0,0,0
523967254,0,0,0,0
523967261,71,31,40,21
523967262,34,19,15,8
523967263,131,64,67,38
523967264,0,0,0,0
523967271,0,0,0,0
523967272,0,0,0,0
523967273,36,19,17,8
523967274,31,16,15,7
523967281,0,0,0,0
523967282,0,0,0,0
523967283,0,0,0,0
523967284,0,0,0,0
523967291,0,0,0,0
523967292,0,0,0,0
523967293,0,0,0,0
523967294,0,0,0,0
523967301,65,31,34,20
523967302,0,0,0,0
523967303,113,54,59,27
523967304,0,0,0,0
523967311,0,0,0,0
523967312,0,0,0,0
523967313,0,0,0,0
523967314,0,0,0,0
523967321,0,0,0,0
523967322,0,0,0,0
523967323,0,0,0,0
523967324,0,0,0,0
523967331,0,0,0,0
523967332,0,0,0,0
523967333,0,0,0,0
523967334,0,0,0,0
523967341,52,27,25,16
523967342,0,0,0,0
523967343,0,0,0,0
523967344,0,0,0,0
523967351,0,0,0,0
523967352,93,50,43,28
523967353,0,0,0,0
523967354,96,49,47,27
523967361,0,0,0,0
523967362,0,0,0,0
523967363,0,0,0,0
523967364,0,0,0,0
523967371,0,0,0,0
523967372,0,0,0,0
523967373,0,0,0,0
523967374,0,0,0,0
523967381,0,0,0,0
523967382,0,0,0,0
523967383,0,0,0,0
523967384,0,0,0,0
523967391,0,0,0,0
523967392,0,0,0,0
523967393,0,0,0,0
523967394,0,0,0,0
523967401,168,80,88,49
523967402,0,0,0,0
523967403,0,0,0,0
523967404,50,32,18,1
523967411,0,0,0,0
523967412,0,0,0,0
523967413,0,0,0,0
523967414,0,0,0,0
523967421,32,17,15,9
523967422,0,0,0,0
523967423,0,0,0,0
523967424,0,0,0,0
523967431,0,0,0,0
523967432,0,0,0,0
523967433,190,93,97,44
523967434,0,0,0,0
523967441,54,27,27,16
523967442,0,0,0,0
523967443,73,39,34,20
523967444,0,0,0,0
523967451,0,0,0,0
523967452,34,15,19,10
523967453,37,16,21,10
523967454,31,13,18,9
523967461,33,13,20,9
523967462,0,0,0,0
523967463,0,0,0,0
523967464,0,0,0,0
523967471,0,0,0,0
523967472,0,0,0,0
523967473,0,0,0,0
523967474,0,0,0,0
523967481,0,0,0,0
523967482,0,0,0,0
523967483,0,0,0,0
523967484,0,0,0,0
523967491,0,0,0,0
523967492,0,0,0,0
523967493,0,0,0,0
523967494,0,0,0,0
523967501,0,0,0,0
523967502,35,20,15,10
523967503,476,236,240,152
523967504,146,68,78,41
523967511,66,32,34,18
523967512,27,14,13,8
523967513,219,114,105,74
523967514,136,67,69,39
523967521,0,0,0,0
523967522,0,0,0,0
523967523,0,0,0,0
523967524,90,43,47,27
523967531,0,0,0,0
523967532,45,22,23,10
523967533,202,95,107,55
523967534,67,31,36,21
523967541,0,0,0,0
523967542,0,0,0,0
523967543,139,71,68,37
523967544,0,0,0,0
523967551,0,0,0,0
523967552,143,74,69,33
523967553,0,0,0,0
523967554,0,0,0,0
523967561,0,0,0,0
523967562,53,28,25,14
523967563,0,0,0,0
523967564,0,0,0,0
523967571,0,0,0,0
523967572,0,0,0,0
523967573,0,0,0,0
523967574,111,60,51,35
523967581,0,0,0,0
523967582,0,0,0,0
523967583,0,0,0,0
523967584,0,0,0,0
523967591,0,0,0,0
523967592,0,0,0,0
523967593,0,0,0,0
523967594,0,0,0,0
523967601,376,181,195,116
523967602,146,72,74,46
523967603,137,64,73,50
523967604,129,59,70,43
523967611,363,187,176,112
523967612,210,103,107,76
523967613,0,0,0,0
523967614,140,62,78,38
523967621,200,94,106,59
523967622,137,66,71,42
523967623,0,0,0,0
523967624,0,0,0,0
523967631,94,47,47,33
523967632,0,0,0,0
523967633,0,0,0,0
523967634,145,78,67,47
523967641,212,99,113,54
523967642,307,149,158,84
523967643,0,0,0,0
523967644,0,0,0,0
523967651,0,0,0,0
523967652,59,29,30,17
523967653,0,0,0,0
523967654,0,0,0,0
523967661,45,22,23,13
523967662,0,0,0,0
523967663,0,0,0,0
523967664,0,0,0,0
523967671,0,0,0,0
523967672,0,0,0,0
523967673,0,0,0,0
523967674,0,0,0,0
523967681,0,0,0,0
523967682,0,0,0,0
523967683,0,0,0,0
523967684,0,0,0,0
523967691,0,0,0,0
523967692,0,0,0,0
523967693,0,0,0,0
523967694,0,0,0,0
523967701,0,0,0,0
523967702,24,12,12,8
523967703,22,11,11,8
523967704,0,0,0,0
523967711,97,47,50,22
523967712,38,18,20,10
523967713,64,28,36,21
523967714,0,0,0,0
523967721,0,0,0,0
523967722,97,49,48,28
523967723,109,51,58,30
523967724,52,26,26,14
523967731,0,0,0,0
523967732,0,0,0,0
523967733,0,0,0,0
523967734,0,0,0,0
523967741,0,0,0,0
523967742,0,0,0,0
523967743,0,0,0,0
523967744,0,0,0,0
523967751,0,0,0,0
523967752,0,0,0,0
523967753,0,0,0,0
523967754,18,10,8,7
523967761,0,0,0,0
523967762,0,0,0,0
523967763,0,0,0,0
523967764,0,0,0,0
523967771,0,0,0,0
523967772,42,22,20,11
523967773,0,0,0,0
523967774,0,0,0,0
523967781,0,0,0,0
523967782,0,0,0,0
523967783,0,0,0,0
523967784,0,0,0,0
523967791,49,24,25,15
523967792,47,24,23,12
523967793,0,0,0,0
523967794,0,0,0,0
523967801,17,9,8,5
523967802,22,10,12,7
523967803,0,0,0,0
523967804,0,0,0,0
523967811,0,0,0,0
523967812,0,0,0,0
523967813,103,51,52,32
523967814,0,0,0,0
523967821,0,0,0,0
523967822,0,0,0,0
523967823,0,0,0,0
523967824,0,0,0,0
523967831,0,0,0,0
523967832,0,0,0,0
523967833,0,0,0,0
523967834,0,0,0,0
523967841,0,0,0,0
523967842,0,0,0,0
523967843,0,0,0,0
523967844,0,0,0,0
523967851,0,0,0,0
523967852,0,0,0,0
523967853,0,0,0,0
523967854,0,0,0,0
523967861,20,11,9,7
523967862,0,0,0,0
523967863,0,0,0,0
523967864,0,0,0,0
523967871,0,0,0,0
523967872,33,17,16,10
523967873,0,0,0,0
523967874,0,0,0,0
523967881,0,0,0,0
523967882,0,0,0,0
523967883,36,18,18,10
523967884,0,0,0,0
523967891,0,0,0,0
523967892,0,0,0,0
523967893,179,88,91,47
523967894,58,29,29,18
523967901,16,8,8,4
523967902,0,0,0,0
523967903,16,7,9,4
523967904,12,6,6,4
523967911,0,0,0,0
523967912,0,0,0,0
523967913,51,25,26,15
523967914,0,0,0,0
523967921,0,0,0,0
523967922,0,0,0,0
523967923,0,0,0,0
523967924,0,0,0,0
523967931,0,0,0,0
523967932,0,0,0,0
523967933,0,0,0,0
523967934,0,0,0,0
523967941,0,0,0,0
523967942,43,21,22,14
523967943,0,0,0,0
523967944,10,6,4,4
523967951,0,0,0,0
523967952,0,0,0,0
523967953,32,16,16,9
523967954,0,0,0,0
523967961,0,0,0,0
523967962,0,0,0,0
523967963,0,0,0,0
523967964,0,0,0,0
523967971,0,0,0,0
523967972,0,0,0,0
523967973,0,0,0,0
523967974,0,0,0,0
523967981,0,0,0,0
523967982,0,0,0,0
523967983,0,0,0,0
523967984,0,0,0,0
523967991,0,0,0,0
523967992,115,59,56,29
523967993,50,24,26,15
523967994,0,0,0,0
523975791,0,0,0,0
523975792,0,0,0,0
523975793,0,0,0,0
523975794,0,0,0,0
523976084,0,0,0,0
523976091,264,122,142,96
523976092,180,87,93,67
523976093,185,94,91,51
523976094,98,59,39,32
523976182,0,0,0,0
523976183,0,0,0,0
523976184,0,0,0,0
523976191,0,0,0,0
523976192,104,48,56,35
523976193,0,0,0,0
523976194,0,0,0,0
523976272,0,0,0,0
523976274,0,0,0,0
523976281,0,0,0,0
523976282,0,0,0,0
523976283,0,0,0,0
523976284,240,119,121,72
523976291,104,52,52,28
523976292,113,54,59,43
523976293,0,0,0,0
523976294,0,0,0,0
523976372,0,0,0,0
523976381,608,297,311,182
523976382,479,233,246,144
523976383,575,285,290,171
523976384,532,267,265,170
523976391,308,157,151,97
523976392,49,27,22,12
523976393,50,26,24,12
523976394,51,27,24,12
523976474,79,41,38,32
523976481,256,124,132,93
523976482,671,320,351,207
523976483,379,189,190,150
523976484,799,393,406,279
523976491,203,103,100,59
523976492,0,0,0,0
523976493,50,28,22,18
523976494,225,108,117,56
523976563,0,0,0,0
523976564,0,0,0,0
523976571,0,0,0,0
523976572,235,122,113,80
523976573,113,51,62,29
523976574,235,107,128,73
523976581,551,285,266,185
523976582,384,183,201,147
523976583,260,138,122,94
523976584,921,462,459,318
523976591,258,121,137,85
523976592,405,196,209,114
523976593,348,171,177,91
523976594,433,223,210,138
523976643,0,0,0,0
523976644,0,0,0,0
523976651,0,0,0,0
523976652,0,0,0,0
523976653,87,45,42,25
523976654,412,210,202,132
523976661,0,0,0,0
523976662,209,108,101,50
523976663,307,118,189,57
523976664,113,57,56,29
523976671,247,116,131,64
523976672,125,60,65,35
523976673,0,0,0,0
523976674,0,0,0,0
523976681,0,0,0,0
523976682,225,115,110,70
523976683,63,29,34,14
523976684,98,49,49,26
523976691,370,182,188,116
523976692,73,38,35,20
523976693,83,38,45,23
523976694,34,16,18,10
523976722,0,0,0,0
523976724,0,0,0,0
523976731,0,0,0,0
523976732,0,0,0,0
523976733,0,0,0,0
523976734,0,0,0,0
523976741,0,0,0,0
523976742,0,0,0,0
523976743,0,0,0,0
523976744,250,136,114,78
523976751,874,438,436,285
523976752,754,404,350,300
523976753,1149,571,578,367
523976754,1151,558,593,338
523976761,98,52,46,31
523976762,0,0,0,0
523976763,211,105,106,53
523976764,65,33,32,18
523976771,112,53,59,24
523976772,90,44,46,24
523976773,190,86,104,48
523976774,0,0,0,0
523976781,99,42,57,23
523976782,95,47,48,29
523976783,148,78,70,40
523976784,71,36,35,21
523976791,37,15,22,10
523976792,30,15,15,9
523976793,51,9,42,1
523976794,4,3,1,1
523976851,17,8,9,4
523976852,156,71,85,42
523976853,0,0,0,0
523976854,0,0,0,0
523976861,85,45,40,23
523976862,308,141,167,88
523976863,0,0,0,0
523976864,0,0,0,0
523976871,207,102,105,59
523976872,114,57,57,34
523976873,675,343,332,195
523976874,930,462,468,274
523976881,7,3,4,1
523976882,468,232,236,138
523976883,857,483,374,370
523976884,1018,543,475,380
523976891,268,133,135,88
523976892,50,24,26,13
523976893,381,183,198,117
523976894,144,66,78,44
523976951,0,0,0,0
523976952,0,0,0,0
523976961,0,0,0,0
523976962,0,0,0,0
523976963,0,0,0,0
523976964,0,0,0,0
523976971,69,31,38,20
523976972,805,416,389,270
523976973,0,0,0,0
523976974,225,135,90,105
523976981,843,420,423,277
523976982,1056,519,537,363
523976983,1383,683,700,494
523976984,698,348,350,238
523976991,428,208,220,149
523976992,9,4,5,3
523976993,186,96,90,59
523976994,764,394,370,275
523977001,29,14,15,8
523977002,108,51,57,34
523977003,105,49,56,33
523977004,47,23,24,14
523977011,0,0,0,0
523977012,0,0,0,0
523977013,39,21,18,11
523977014,0,0,0,0
523977021,41,20,21,12
523977022,0,0,0,0
523977023,0,0,0,0
523977024,0,0,0,0
523977031,0,0,0,0
523977032,0,0,0,0
523977033,0,0,0,0
523977034,0,0,0,0
523977041,0,0,0,0
523977042,0,0,0,0
523977043,0,0,0,0
523977044,0,0,0,0
523977051,0,0,0,0
523977052,0,0,0,0
523977053,0,0,0,0
523977054,0,0,0,0
523977061,0,0,0,0
523977062,0,0,0,0
523977063,0,0,0,0
523977064,68,33,35,28
523977071,0,0,0,0
523977072,0,0,0,0
523977073,34,17,17,13
523977074,0,0,0,0
523977081,0,0,0,0
523977082,0,0,0,0
523977083,0,0,0,0
523977084,0,0,0,0
523977091,0,0,0,0
523977092,104,41,63,29
523977093,0,0,0,0
523977094,178,83,95,46
523977101,227,110,117,76
523977102,60,28,32,19
523977103,322,164,158,99
523977104,165,81,84,54
523977213,34,15,19,8
523977214,98,49,49,26
523977221,0,0,0,0
523977222,45,23,22,16
523977223,60,32,28,14
523977224,26,13,13,8
523977231,28,13,15,8
523977232,37,17,20,11
523977233,48,28,20,12
523977234,62,30,32,14
523977241,0,0,0,0
523977242,0,0,0,0
523977243,0,0,0,0
523977244,0,0,0,0
523977251,0,0,0,0
523977252,43,24,19,14
523977253,0,0,0,0
523977254,0,0,0,0
523977261,0,0,0,0
523977262,0,0,0,0
523977263,0,0,0,0
523977264,0,0,0,0
523977271,0,0,0,0
523977272,0,0,0,0
523977273,0,0,0,0
523977274,0,0,0,0
523977281,0,0,0,0
523977282,0,0,0,0
523977283,0,0,0,0
523977284,0,0,0,0
523977291,243,129,114,64
523977292,118,62,56,32
523977293,0,0,0,0
523977294,122,66,56,38
523977301,139,67,72,36
523977302,0,0,0,0
523977303,142,67,75,36
523977304,0,0,0,0
523977311,68,33,35,15
523977312,0,0,0,0
523977313,133,62,71,31
523977314,140,66,74,30
523977321,0,0,0,0
523977322,0,0,0,0
523977323,0,0,0,0
523977324,0,0,0,0
523977331,0,0,0,0
523977332,0,0,0,0
523977333,0,0,0,0
523977334,53,26,27,15
523977341,0,0,0,0
523977342,55,25,30,15
523977343,48,21,27,14
523977344,50,13,37,1
523977351,46,26,20,14
523977352,0,0,0,0
523977353,132,79,53,15
523977354,0,0,0,0
523977361,44,20,24,10
523977362,0,0,0,0
523977363,0,0,0,0
523977364,36,16,20,9
523977371,0,0,0,0
523977372,0,0,0,0
523977373,24,12,12,7
523977374,0,0,0,0
523977381,0,0,0,0
523977382,224,105,119,56
523977383,125,65,60,32
523977384,121,62,59,31
523977391,107,57,50,31
523977392,0,0,0,0
523977393,92,47,45,24
523977394,0,0,0,0
523977401,0,0,0,0
523977402,0,0,0,0
523977403,0,0,0,0
523977404,0,0,0,0
523977411,50,19,31,1
523977412,111,56,55,30
523977413,91,46,45,25
523977414,85,41,44,22
523977421,0,0,0,0
523977422,0,0,0,0
523977423,76,34,42,17
523977424,0,0,0,0
523977431,73,36,37,19
523977432,0,0,0,0
523977433,0,0,0,0
523977434,47,22,25,13
523977441,97,44,53,26
523977442,0,0,0,0
523977443,0,0,0,0
523977444,0,0,0,0
523977451,58,25,33,16
523977452,121,51,70,32
523977453,45,24,21,13
523977454,0,0,0,0
523977461,0,0,0,0
523977462,0,0,0,0
523977463,0,0,0,0
523977464,0,0,0,0
523977471,55,27,28,14
523977472,138,70,68,41
523977473,0,0,0,0
523977474,0,0,0,0
523977481,0,0,0,0
523977482,0,0,0,0
523977483,0,0,0,0
523977484,234,119,115,66
523977491,77,39,38,22
523977492,81,39,42,22
523977493,0,0,0,0
523977494,189,98,91,51
523977501,26,12,14,6
523977502,0,0,0,0
523977503,61,27,34,18
523977504,0,0,0,0
523977511,59,29,30,17
523977512,0,0,0,0
523977513,0,0,0,0
523977514,144,66,78,43
523977521,0,0,0,0
523977522,0,0,0,0
523977523,0,0,0,0
523977524,54,27,27,15
523977531,74,36,38,19
523977532,0,0,0,0
523977533,75,36,39,19
523977534,0,0,0,0
523977541,48,22,26,12
523977542,0,0,0,0
523977543,685,359,326,220
523977544,189,95,94,55
523977551,76,39,37,23
523977552,0,0,0,0
523977553,0,0,0,0
523977554,296,155,141,81
523977561,103,51,52,31
523977562,348,182,166,105
523977563,252,126,126,75
523977564,58,31,27,17
523977571,0,0,0,0
523977572,0,0,0,0
523977573,277,145,132,76
523977574,166,86,80,46
523977581,132,66,66,40
523977582,215,105,110,56
523977583,195,100,95,53
523977584,143,69,74,41
523977591,146,70,76,41
523977592,0,0,0,0
523977593,0,0,0,0
523977594,0,0,0,0
523977601,281,145,136,75
523977602,46,22,24,15
523977603,0,0,0,0
523977604,103,51,52,26
523977611,0,0,0,0
523977612,0,0,0,0
523977613,0,0,0,0
523977614,0,0,0,0
523977621,0,0,0,0
523977622,110,53,57,30
523977623,71,34,37,16
523977624,102,52,50,30
523977631,0,0,0,0
523977632,0,0,0,0
523977633,340,172,168,104
523977634,726,435,291,325
523977641,856,443,413,273
523977642,210,103,107,56
523977643,469,239,230,150
523977644,65,33,32,22
523977651,0,0,0,0
523977652,398,198,200,126
523977653,0,0,0,0
523977654,523,267,256,154
523977661,880,415,465,306
523977662,554,264,290,190
523977663,418,200,218,131
523977664,353,156,197,108
523977671,462,231,231,132
523977672,183,82,101,57
523977673,191,91,100,52
523977674,0,0,0,0
523977681,141,72,69,43
523977682,101,46,55,25
523977683,104,50,54,22
523977684,0,0,0,0
523977691,186,87,99,50
523977692,24,13,11,7
523977693,0,0,0,0
523977694,0,0,0,0
523977701,97,48,49,25
523977702,52,28,24,12
523977703,0,0,0,0
523977704,0,0,0,0
523977711,0,0,0,0
523977712,57,28,29,15
523977713,0,0,0,0
523977714,52,25,27,14
523977721,0,0,0,0
523977722,69,40,29,21
523977723,0,0,0,0
523977724,134,70,64,31
523977731,486,300,186,232
523977732,470,239,231,146
523977733,340,171,169,102
523977734,1604,810,794,553
523977741,73,37,36,27
523977742,36,18,18,12
523977743,197,90,107,55
523977744,6,3,3,1
523977751,75,36,39,22
523977752,0,0,0,0
523977753,89,45,44,24
523977754,84,41,43,23
523977761,189,76,113,32
523977762,290,146,144,85
523977763,90,45,45,22
523977764,27,14,13,7
523977771,145,74,71,34
523977772,0,0,0,0
523977773,0,0,0,0
523977774,0,0,0,0
523977781,77,38,39,17
523977782,46,22,24,12
523977783,0,0,0,0
523977784,99,45,54,24
523977791,0,0,0,0
523977792,0,0,0,0
523977793,0,0,0,0
523977794,0,0,0,0
523977801,209,104,105,54
523977802,232,114,118,66
523977803,218,112,106,69
523977804,78,35,43,23
523977811,301,154,147,98
523977812,59,36,23,32
523977813,0,0,0,0
523977814,870,504,366,402
523977821,190,89,101,49
523977822,51,25,26,18
523977823,510,263,247,183
523977824,774,387,387,274
523977831,1342,669,673,470
523977832,1688,797,891,550
523977833,2081,1039,1042,704
523977834,1718,869,849,587
523977841,564,276,288,192
523977842,0,0,0,0
523977843,1015,503,512,366
523977844,777,436,341,320
523977851,45,24,21,13
523977852,91,48,43,25
523977853,634,336,298,252
523977854,0,0,0,0
523977861,0,0,0,0
523977862,0,0,0,0
523977863,0,0,0,0
523977864,0,0,0,0
523977871,55,27,28,14
523977872,0,0,0,0
523977873,0,0,0,0
523977874,0,0,0,0
523977881,35,17,18,9
523977882,0,0,0,0
523977883,0,0,0,0
523977884,0,0,0,0
523977891,0,0,0,0
523977892,0,0,0,0
523977893,27,14,13,8
523977894,0,0,0,0
523977901,87,86,1,86
523977902,239,111,128,73
523977903,364,185,179,132
523977904,1190,597,593,408
523977911,499,262,237,209
523977912,1358,673,685,498
523977913,996,498,498,387
523977914,900,419,481,354
523977921,1511,753,758,572
523977922,1029,500,529,378
523977923,855,413,442,375
523977924,1456,687,769,546
523977931,1342,646,696,457
523977932,1661,818,843,525
523977933,1696,879,817,601
523977934,1481,732,749,490
523977941,729,362,367,264
523977942,1653,973,680,775
523977943,767,370,397,247
523977944,106,99,7,96
523977951,651,369,282,250
523977952,0,0,0,0
523977953,0,0,0,0
523977954,97,47,50,33
523977961,91,44,47,22
523977962,0,0,0,0
523977963,313,153,160,89
523977964,33,17,16,9
523977971,0,0,0,0
523977972,0,0,0,0
523977973,0,0,0,0
523977974,0,0,0,0
523977981,0,0,0,0
523977982,35,17,18,9
523977983,0,0,0,0
523977984,35,17,18,9
523977991,0,0,0,0
523977992,25,13,12,7
523977993,0,0,0,0
523977994,0,0,0,0
524052833,0,0,0,0
524052834,79,36,43,26
524052841,195,120,75,100
524052842,663,378,285,374
524052843,0,0,0,0
524052844,0,0,0,0
524052851,712,317,395,309
524052852,741,403,338,377
524052853,1054,564,490,624
524052854,311,153,158,134
524052861,301,153,148,140
524052863,454,241,213,166
524052864,98,57,41,45
524052901,56,29,27,19
524052902,75,36,39,23
524052903,0,0,0,0
524052904,0,0,0,0
524052911,72,33,39,22
524052912,0,0,0,0
524052913,79,36,43,23
524052914,0,0,0,0
524052921,0,0,0,0
524052922,131,62,69,42
524052923,0,0,0,0
524052924,38,19,19,12
524052931,0,0,0,0
524052932,0,0,0,0
524052933,0,0,0,0
524052934,0,0,0,0
524060883,0,0,0,0
524060884,0,0,0,0
524060891,0,0,0,0
524060892,0,0,0,0
524060893,0,0,0,0
524060894,0,0,0,0
524060901,0,0,0,0
524060902,0,0,0,0
524060903,0,0,0,0
524060904,0,0,0,0
524060911,0,0,0,0
524060912,0,0,0,0
524060913,0,0,0,0
524060914,0,0,0,0
524060921,0,0,0,0
524060922,0,0,0,0
524060923,0,0,0,0
524060924,0,0,0,0
524060931,0,0,0,0
524060932,0,0,0,0
524060933,0,0,0,0
524060934,0,0,0,0
524060941,0,0,0,0
524060942,60,29,31,14
524060943,129,60,69,37
524060944,60,29,31,14
524060951,0,0,0,0
524060952,42,21,21,12
524060953,303,144,159,80
524060954,189,90,99,49
524060961,87,41,46,19
524060962,133,66,67,35
524060963,0,0,0,0
524060964,0,0,0,0
524060971,0,0,0,0
524060972,0,0,0,0
524060973,0,0,0,0
524060974,0,0,0,0
524060981,0,0,0,0
524060982,0,0,0,0
524060983,0,0,0,0
524060984,0,0,0,0
524040301,0,0,0,0
524040303,71,33,38,23
524040304,0,0,0,0
524040401,0,0,0,0
524040402,548,257,291,170
524040403,0,0,0,0
524040404,105,47,58,29
524040411,323,153,170,116
524040413,471,206,265,163
524040414,247,114,133,87
524040501,88,45,43,26
524040502,0,0,0,0
524040503,0,0,0,0
524040504,0,0,0,0
524040511,0,0,0,0
524040512,398,192,206,135
524040513,13,3,10,9
524040514,148,67,81,46
524040521,0,0,0,0
524040523,136,63,73,41
524040524,0,0,0,0
524040601,0,0,0,0
524040602,0,0,0,0
524040603,0,0,0,0
524040604,0,0,0,0
524040611,0,0,0,0
524040612,0,0,0,0
524040613,0,0,0,0
524040614,0,0,0,0
524040621,181,87,94,46
524040622,106,57,49,35
524040623,0,0,0,0
524040624,0,0,0,0
524040631,0,0,0,0
524040632,0,0,0,0
524040633,175,94,81,58
524040634,131,58,73,41
524040643,0,0,0,0
524040653,7,4,3,2
524040654,141,61,80,48
524040701,0,0,0,0
524040702,11,5,6,3
524040703,13,6,7,5
524040704,0,0,0,0
524040711,0,0,0,0
524040712,0,0,0,0
524040713,0,0,0,0
524040714,0,0,0,0
524040721,0,0,0,0
524040722,0,0,0,0
524040723,0,0,0,0
524040724,0,0,0,0
524040731,0,0,0,0
524040732,0,0,0,0
524040733,0,0,0,0
524040734,0,0,0,0
524040741,213,100,113,86
524040742,805,368,437,278
524040743,0,0,0,0
524040744,0,0,0,0
524040751,202,94,108,68
524040752,193,85,108,75
524040753,61,27,34,23
524040754,0,0,0,0
524040761,0,0,0,0
524040762,0,0,0,0
524040763,153,75,78,53
524040764,0,0,0,0
524040801,0,0,0,0
524040802,0,0,0,0
524040803,0,0,0,0
524040804,0,0,0,0
524040811,0,0,0,0
524040812,0,0,0,0
524040813,0,0,0,0
524040814,0,0,0,0
524040821,0,0,0,0
524040822,0,0,0,0
524040823,0,0,0,0
524040824,0,0,0,0
524040831,0,0,0,0
524040832,103,49,54,34
524040833,0,0,0,0
524040834,47,22,25,16
524040841,0,0,0,0
524040842,0,0,0,0
524040843,0,0,0,0
524040844,56,24,32,16
524040851,38,18,20,12
524040852,24,11,13,6
524040853,0,0,0,0
524040854,0,0,0,0
524040861,0,0,0,0
524040862,100,52,48,30
524040863,0,0,0,0
524040864,191,84,107,68
524040873,0,0,0,0
524040874,0,0,0,0
524040901,0,0,0,0
524040902,0,0,0,0
524040903,0,0,0,0
524040904,8,4,4,3
524040911,0,0,0,0
524040912,0,0,0,0
524040913,0,0,0,0
524040914,0,0,0,0
524040921,0,0,0,0
524040922,0,0,0,0
524040923,0,0,0,0
524040924,0,0,0,0
524040931,0,0,0,0
524040932,0,0,0,0
524040933,0,0,0,0
524040934,0,0,0,0
524040941,0,0,0,0
524040942,0,0,0,0
524040943,0,0,0,0
524040944,0,0,0,0
524040951,0,0,0,0
524040952,0,0,0,0
524040953,0,0,0,0
524040954,0,0,0,0
524040961,0,0,0,0
524040962,0,0,0,0
524040963,0,0,0,0
524040964,0,0,0,0
524040971,0,0,0,0
524040972,71,33,38,26
524040973,0,0,0,0
524040974,521,243,278,194
524040981,265,126,139,91
524040983,0,0,0,0
524050001,22,11,11,9
524050002,0,0,0,0
524050003,19,12,7,8
524050004,0,0,0,0
524050011,33,17,16,13
524050012,75,35,40,21
524050013,0,0,0,0
524050014,0,0,0,0
524050021,0,0,0,0
524050022,61,31,30,14
524050023,69,32,37,20
524050024,0,0,0,0
524050031,0,0,0,0
524050032,0,0,0,0
524050033,50,24,26,13
524050034,0,0,0,0
524050041,0,0,0,0
524050042,0,0,0,0
524050043,0,0,0,0
524050044,58,28,30,19
524050051,0,0,0,0
524050052,0,0,0,0
524050053,221,120,101,64
524050054,0,0,0,0
524050061,71,33,38,23
524050062,0,0,0,0
524050063,175,79,96,61
524050064,188,92,96,69
524050071,0,0,0,0
524050072,189,92,97,74
524050073,268,108,160,4
524050074,158,78,80,59
524050081,0,0,0,0
524050083,69,32,37,21
524050101,0,0,0,0
524050102,35,17,18,13
524050103,18,9,9,6
524050104,19,9,10,6
524050111,0,0,0,0
524050112,13,6,7,6
524050113,14,7,7,5
524050114,0,0,0,0
524050121,15,7,8,5
524050122,0,0,0,0
524050123,0,0,0,0
524050124,0,0,0,0
524050131,61,31,30,20
524050132,0,0,0,0
524050133,36,18,18,12
524050134,0,0,0,0
524050141,109,53,56,37
524050142,0,0,0,0
524050143,111,53,58,37
524050144,0,0,0,0
524050151,0,0,0,0
524050152,0,0,0,0
524050153,107,48,59,35
524050154,0,0,0,0
524050161,0,0,0,0
524050162,0,0,0,0
524050163,0,0,0,0
524050164,0,0,0,0
524050171,0,0,0,0
524050172,0,0,0,0
524050173,0,0,0,0
524050174,205,103,102,73
524050181,948,458,490,338
524050183,971,461,510,344
524050201,0,0,0,0
524050202,0,0,0,0
524050203,0,0,0,0
524050204,41,17,24,12
524050211,0,0,0,0
524050212,33,14,19,10
524050213,0,0,0,0
524050214,17,7,10,5
524050221,36,18,18,12
524050222,0,0,0,0
524050223,0,0,0,0
524050224,0,0,0,0
524050231,0,0,0,0
524050232,37,18,19,12
524050233,41,20,21,12
524050234,0,0,0,0
524050241,0,0,0,0
524050242,0,0,0,0
524050243,0,0,0,0
524050244,0,0,0,0
524050251,0,0,0,0
524050252,0,0,0,0
524050253,0,0,0,0
524050254,0,0,0,0
524050261,0,0,0,0
524050262,0,0,0,0
524050263,191,87,104,75
524050264,278,147,131,103
524050271,236,113,123,71
524050272,288,138,150,120
524050273,226,105,121,83
524050274,344,166,178,135
524050281,985,486,499,376
524050282,9,5,4,3
524050283,1119,519,600,480
524050284,143,67,76,60
524050301,18,8,10,6
524050302,20,9,11,6
524050303,0,0,0,0
524050304,43,20,23,12
524050311,0,0,0,0
524050312,0,0,0,0
524050313,0,0,0,0
524050314,0,0,0,0
524050321,0,0,0,0
524050322,0,0,0,0
524050323,0,0,0,0
524050324,0,0,0,0
524050331,0,0,0,0
524050332,0,0,0,0
524050333,0,0,0,0
524050334,0,0,0,0
524050341,0,0,0,0
524050342,93,44,49,26
524050343,0,0,0,0
524050344,0,0,0,0
524050351,74,38,36,19
524050352,130,65,65,42
524050353,78,40,38,19
524050354,68,33,35,21
524050361,0,0,0,0
524050362,254,119,135,93
524050363,69,34,35,21
524050364,0,0,0,0
524050371,121,59,62,36
524050372,414,199,215,178
524050373,167,75,92,61
524050374,212,105,107,84
524050381,384,194,190,166
524050382,314,160,154,147
524050383,171,86,85,62
524050384,558,269,289,251
524050391,51,26,25,17
524050393,294,134,160,135
524050394,0,0,0,0
524050401,33,16,17,10
524050402,0,0,0,0
524050403,102,47,55,33
524050404,0,0,0,0
524050411,46,21,25,12
524050412,0,0,0,0
524050413,0,0,0,0
524050414,34,16,18,12
524050421,70,33,37,24
524050422,36,17,19,12
524050423,39,18,21,12
524050424,71,33,38,23
524050431,0,0,0,0
524050432,99,46,53,30
524050433,158,74,84,44
524050434,142,69,73,47
524050441,32,16,16,9
524050442,70,35,35,16
524050443,36,18,18,8
524050444,0,0,0,0
524050451,24,8,16,24
524050452,5,2,3,5
524050453,412,196,216,152
524050454,63,25,38,33
524050461,198,101,97,66
524050462,13,7,6,5
524050463,100,43,57,35
524050464,233,110,123,95
524050471,138,72,66,49
524050472,100,50,50,26
524050473,300,139,161,120
524050474,325,160,165,110
524050481,18,9,9,7
524050482,766,340,426,293
524050483,118,59,59,45
524050484,837,372,465,211
524050491,830,372,458,373
524050492,275,96,179,189
524050493,425,200,225,174
524050494,263,73,190,153
524050501,0,0,0,0
524050502,0,0,0,0
524050503,86,40,46,25
524050504,148,61,87,65
524050511,0,0,0,0
524050512,88,38,50,23
524050513,96,49,47,37
524050514,171,89,82,57
524050521,113,53,60,38
524050522,159,82,77,62
524050523,0,0,0,0
524050524,159,75,84,57
524050531,0,0,0,0
524050532,67,24,43,28
524050533,122,61,61,54
524050534,35,17,18,11
524050541,45,20,25,20
524050542,277,140,137,93
524050543,107,48,59,40
524050544,0,0,0,0
524050551,0,0,0,0
524050552,324,161,163,102
524050553,93,51,42,32
524050554,0,0,0,0
524050561,0,0,0,0
524050562,0,0,0,0
524050563,157,77,80,50
524050564,0,0,0,0
524050571,0,0,0,0
524050572,230,116,114,88
524050573,49,22,27,16
524050574,0,0,0,0
524050581,248,114,134,71
524050582,0,0,0,0
524050583,97,47,50,28
524050584,0,0,0,0
524050591,262,128,134,78
524050592,116,54,62,49
524050593,0,0,0,0
524050594,0,0,0,0
524050601,137,64,73,50
524050602,0,0,0,0
524050603,88,41,47,27
524050604,50,23,27,15
524050611,91,44,47,28
524050612,0,0,0,0
524050613,47,21,26,15
524050614,81,46,35,29
524050621,0,0,0,0
524050622,37,20,17,12
524050623,0,0,0,0
524050624,40,20,20,12
524050631,186,95,91,62
524050632,96,45,51,26
524050633,0,0,0,0
524050634,0,0,0,0
524050641,39,18,21,11
524050642,36,18,18,11
524050643,32,14,18,10
524050644,37,19,18,11
524050651,97,43,54,31
524050652,56,28,28,18
524050653,0,0,0,0
524050654,0,0,0,0
524050661,0,0,0,0
524050662,0,0,0,0
524050663,0,0,0,0
524050664,0,0,0,0
524050671,0,0,0,0
524050672,47,24,23,14
524050673,0,0,0,0
524050674,51,22,29,16
524050681,0,0,0,0
524050682,0,0,0,0
524050683,49,25,24,14
524050684,0,0,0,0
524050691,0,0,0,0
524050692,0,0,0,0
524050693,0,0,0,0
524050694,0,0,0,0
524050701,42,19,23,12
524050702,0,0,0,0
524050703,0,0,0,0
524050704,0,0,0,0
524050711,0,0,0,0
524050712,0,0,0,0
524050713,51,23,28,15
524050714,0,0,0,0
524050721,98,50,48,28
524050722,0,0,0,0
524050723,0,0,0,0
524050724,0,0,0,0
524050731,0,0,0,0
524050732,0,0,0,0
524050733,0,0,0,0
524050734,0,0,0,0
524050741,0,0,0,0
524050742,0,0,0,0
524050743,0,0,0,0
524050744,0,0,0,0
524050751,0,0,0,0
524050752,80,39,41,27
524050753,0,0,0,0
524050754,80,38,42,26
524050761,0,0,0,0
524050762,0,0,0,0
524050763,0,0,0,0
524050764,0,0,0,0
524050771,0,0,0,0
524050772,0,0,0,0
524050773,0,0,0,0
524050774,0,0,0,0
524050781,51,22,29,16
524050782,0,0,0,0
524050783,0,0,0,0
524050784,43,21,22,13
524050791,0,0,0,0
524050792,0,0,0,0
524050793,0,0,0,0
524050794,0,0,0,0
524050801,0,0,0,0
524050802,0,0,0,0
524050803,0,0,0,0
524050804,0,0,0,0
524050811,0,0,0,0
524050812,0,0,0,0
524050813,0,0,0,0
524050814,0,0,0,0
524050821,0,0,0,0
524050822,0,0,0,0
524050823,0,0,0,0
524050824,0,0,0,0
524050831,0,0,0,0
524050832,0,0,0,0
524050833,0,0,0,0
524050834,0,0,0,0
524050841,0,0,0,0
524050842,0,0,0,0
524050843,0,0,0,0
524050844,0,0,0,0
524050851,0,0,0,0
524050852,0,0,0,0
524050853,0,0,0,0
524050854,0,0,0,0
524050861,0,0,0,0
524050862,0,0,0,0
524050863,0,0,0,0
524050864,0,0,0,0
524050871,0,0,0,0
524050872,0,0,0,0
524050873,0,0,0,0
524050874,0,0,0,0
524050881,0,0,0,0
524050882,0,0,0,0
524050883,0,0,0,0
524050884,0,0,0,0
524050891,0,0,0,0
524050892,0,0,0,0
524050893,0,0,0,0
524050894,0,0,0,0
524050901,0,0,0,0
524050902,0,0,0,0
524050903,0,0,0,0
524050904,0,0,0,0
524050911,0,0,0,0
524050912,0,0,0,0
524050913,0,0,0,0
524050914,0,0,0,0
524050921,0,0,0,0
524050922,0,0,0,0
524050923,0,0,0,0
524050924,0,0,0,0
524050931,0,0,0,0
524050932,0,0,0,0
524050933,0,0,0,0
524050934,0,0,0,0
524050941,0,0,0,0
524050942,0,0,0,0
524050943,0,0,0,0
524050944,0,0,0,0
524050951,0,0,0,0
524050952,0,0,0,0
524050953,0,0,0,0
524050954,0,0,0,0
524050961,0,0,0,0
524050962,0,0,0,0
524050963,0,0,0,0
524050964,0,0,0,0
524050971,0,0,0,0
524050972,0,0,0,0
524050973,0,0,0,0
524050974,0,0,0,0
524050981,0,0,0,0
524050982,0,0,0,0
524050983,0,0,0,0
524050984,0,0,0,0
524050991,0,0,0,0
524050992,0,0,0,0
524050993,0,0,0,0
524050994,0,0,0,0
524051352,0,0,0,0
524051354,0,0,0,0
524051361,0,0,0,0
524051362,0,0,0,0
524051363,0,0,0,0
524051364,0,0,0,0
524051373,0,0,0,0
524051374,0,0,0,0
524051383,0,0,0,0
524051384,0,0,0,0
524051401,85,48,37,3
524051402,0,0,0,0
524051403,570,222,348,299
524051404,35,17,18,10
524051411,300,143,157,96
524051412,721,351,370,265
524051413,205,94,111,70
524051414,109,53,56,40
524051421,160,80,80,58
524051423,821,385,436,281
524051424,836,413,423,282
524051433,375,184,191,134
524051434,257,130,127,72
524051441,0,0,0,0
524051442,0,0,0,0
524051443,107,58,49,39
524051444,107,52,55,31
524051452,271,142,129,115
524051454,691,326,365,257
524051461,0,0,0,0
524051462,0,0,0,0
524051463,245,113,132,81
524051464,0,0,0,0
524051471,0,0,0,0
524051472,257,123,134,81
524051473,0,0,0,0
524051474,0,0,0,0
524051481,0,0,0,0
524051482,0,0,0,0
524051483,130,65,65,44
524051484,304,144,160,89
524051493,0,0,0,0
524051494,0,0,0,0
524051501,0,0,0,0
524051502,0,0,0,0
524051503,0,0,0,0
524051504,68,32,36,25
524051511,9,7,2,5
524051512,0,0,0,0
524051513,0,0,0,0
524051514,0,0,0,0
524051521,384,176,208,137
524051522,93,40,53,38
524051523,196,100,96,63
524051524,0,0,0,0
524051531,210,100,110,67
524051532,83,42,41,26
524051533,0,0,0,0
524051534,0,0,0,0
524051541,0,0,0,0
524051542,0,0,0,0
524051543,0,0,0,0
524051544,0,0,0,0
524051551,88,33,55,36
524051552,516,244,272,195
524051553,282,119,163,132
524051554,119,54,65,42
524051561,0,0,0,0
524051562,0,0,0,0
524051563,0,0,0,0
524051564,0,0,0,0
524051571,0,0,0,0
524051572,0,0,0,0
524051573,0,0,0,0
524051574,39,22,17,13
524051581,0,0,0,0
524051582,22,10,12,6
524051583,0,0,0,0
524051584,0,0,0,0
524051591,0,0,0,0
524051592,0,0,0,0
524051593,0,0,0,0
524051594,182,86,96,62
524051601,0,0,0,0
524051602,0,0,0,0
524051603,71,32,39,25
524051604,0,0,0,0
524051611,0,0,0,0
524051612,0,0,0,0
524051613,0,0,0,0
524051614,0,0,0,0
524051621,0,0,0,0
524051622,0,0,0,0
524051623,27,11,16,10
524051624,0,0,0,0
524051631,0,0,0,0
524051632,0,0,0,0
524051633,0,0,0,0
524051634,0,0,0,0
524051641,0,0,0,0
524051642,0,0,0,0
524051643,0,0,0,0
524051644,0,0,0,0
524051651,0,0,0,0
524051652,0,0,0,0
524051653,0,0,0,0
524051654,0,0,0,0
524051661,0,0,0,0
524051662,0,0,0,0
524051663,0,0,0,0
524051664,0,0,0,0
524051671,0,0,0,0
524051672,0,0,0,0
524051673,87,45,42,26
524051674,0,0,0,0
524051681,154,68,86,68
524051682,0,0,0,0
524051683,0,0,0,0
524051684,0,0,0,0
524051691,0,0,0,0
524051692,825,407,418,333
524051693,0,0,0,0
524051694,90,52,38,48
524051701,0,0,0,0
524051702,0,0,0,0
524051703,0,0,0,0
524051704,0,0,0,0
524051711,0,0,0,0
524051712,0,0,0,0
524051713,0,0,0,0
524051714,0,0,0,0
524051721,0,0,0,0
524051722,0,0,0,0
524051723,0,0,0,0
524051724,0,0,0,0
524051731,0,0,0,0
524051732,0,0,0,0
524051733,0,0,0,0
524051734,0,0,0,0
524051741,59,29,30,17
524051742,0,0,0,0
524051743,0,0,0,0
524051744,0,0,0,0
524051751,0,0,0,0
524051752,163,79,84,57
524051753,0,0,0,0
524051754,0,0,0,0
524051761,0,0,0,0
524051762,0,0,0,0
524051763,0,0,0,0
524051764,0,0,0,0
524051771,0,0,0,0
524051772,0,0,0,0
524051773,0,0,0,0
524051774,57,30,27,16
524051781,0,0,0,0
524051782,0,0,0,0
524051783,27,14,13,8
524051784,0,0,0,0
524051791,0,0,0,0
524051792,0,0,0,0
524051793,0,0,0,0
524051794,0,0,0,0
524051801,0,0,0,0
524051802,0,0,0,0
524051803,0,0,0,0
524051804,0,0,0,0
524051811,0,0,0,0
524051812,0,0,0,0
524051813,0,0,0,0
524051814,0,0,0,0
524051821,0,0,0,0
524051822,0,0,0,0
524051823,0,0,0,0
524051824,0,0,0,0
524051831,0,0,0,0
524051832,0,0,0,0
524051833,0,0,0,0
524051834,0,0,0,0
524051841,0,0,0,0
524051842,0,0,0,0
524051843,0,0,0,0
524051844,0,0,0,0
524051851,0,0,0,0
524051852,0,0,0,0
524051853,0,0,0,0
524051854,0,0,0,0
524051861,0,0,0,0
524051862,0,0,0,0
524051863,0,0,0,0
524051864,0,0,0,0
524051871,0,0,0,0
524051872,0,0,0,0
524051873,0,0,0,0
524051874,0,0,0,0
524051881,0,0,0,0
524051882,211,102,109,60
524051883,0,0,0,0
524051884,0,0,0,0
524051891,69,33,36,20
524051892,0,0,0,0
524051893,121,55,66,39
524051894,78,37,41,25
524051901,0,0,0,0
524051902,0,0,0,0
524051903,0,0,0,0
524051904,0,0,0,0
524051911,0,0,0,0
524051912,49,25,24,27
524051913,0,0,0,0
524051914,0,0,0,0
524051921,0,0,0,0
524051922,0,0,0,0
524051923,23,11,12,13
524051924,0,0,0,0
524051931,0,0,0,0
524051932,0,0,0,0
524051933,0,0,0,0
524051934,0,0,0,0
524051941,0,0,0,0
524051942,0,0,0,0
524051943,0,0,0,0
524051944,0,0,0,0
524051951,0,0,0,0
524051952,0,0,0,0
524051953,0,0,0,0
524051954,0,0,0,0
524051961,0,0,0,0
524051962,1,1,0,1
524051963,0,0,0,0
524051964,105,73,32,16
524051971,45,22,23,12
524051972,46,23,23,12
524051973,0,0,0,0
524051974,0,0,0,0
524051981,123,57,66,34
524051982,0,0,0,0
524051983,102,53,49,34
524051984,0,0,0,0
524051991,0,0,0,0
524051992,44,20,24,17
524051993,0,0,0,0
524051994,45,19,26,17
524052514,0,0,0,0
524052523,0,0,0,0
524052524,0,0,0,0
524052601,633,321,312,246
524052602,0,0,0,0
524052603,136,68,68,65
524052604,264,124,140,94
524052611,65,29,36,22
524052612,14,8,6,5
524052613,229,107,122,73
524052614,419,220,199,151
524052621,51,26,25,20
524052622,119,62,57,33
524052623,512,261,251,177
524052624,8,4,4,1
524052631,0,0,0,0
524052633,149,70,79,44
524052651,0,0,0,0
524052652,0,0,0,0
524052653,13,8,5,5
524052654,129,57,72,51
524052663,0,0,0,0
524052701,0,0,0,0
524052702,0,0,0,0
524052703,0,0,0,0
524052704,0,0,0,0
524052711,0,0,0,0
524052712,0,0,0,0
524052713,0,0,0,0
524052714,0,0,0,0
524052721,0,0,0,0
524052722,5,3,2,2
524052723,0,0,0,0
524052724,0,0,0,0
524052731,425,205,220,133
524052733,213,119,94,75
524052734,258,140,118,96
524052744,179,91,88,83
524052751,474,277,197,225
524052752,367,185,182,146
524052753,1794,888,906,704
524052754,600,324,276,265
524052761,79,42,37,26
524052763,301,139,162,100
524052801,107,54,53,34
524052802,0,0,0,0
524052803,201,97,104,60
524052804,0,0,0,0
524052811,0,0,0,0
524052812,14,8,6,8
524052813,77,36,41,23
524052814,0,0,0,0
524052821,0,0,0,0
524052822,0,0,0,0
524052823,3,1,2,2
524052824,0,0,0,0
524052831,0,0,0,0
524052832,354,204,150,156
524052941,21,11,10,8
524052942,178,79,99,58
524052943,47,26,21,27
524052944,63,30,33,18
524052951,317,165,152,163
524052952,257,170,87,192
524052953,0,0,0,0
524052954,0,0,0,0
524052961,26,13,13,6
524052962,98,56,42,44
524052963,169,99,70,87
524052964,406,225,181,172
524060001,0,0,0,0
524060002,0,0,0,0
524060003,0,0,0,0
524060004,0,0,0,0
524060011,0,0,0,0
524060012,0,0,0,0
524060013,0,0,0,0
524060014,0,0,0,0
524060021,0,0,0,0
524060022,0,0,0,0
524060023,0,0,0,0
524060024,0,0,0,0
524060031,0,0,0,0
524060032,0,0,0,0
524060033,0,0,0,0
524060034,0,0,0,0
524060041,0,0,0,0
524060042,0,0,0,0
524060043,0,0,0,0
524060044,76,43,33,33
524060051,0,0,0,0
524060052,0,0,0,0
524060053,0,0,0,0
524060054,0,0,0,0
524060061,0,0,0,0
524060062,0,0,0,0
524060063,0,0,0,0
524060064,0,0,0,0
524060071,0,0,0,0
524060072,0,0,0,0
524060073,0,0,0,0
524060074,0,0,0,0
524060081,0,0,0,0
524060082,0,0,0,0
524060083,0,0,0,0
524060084,0,0,0,0
524060091,0,0,0,0
524060092,0,0,0,0
524060093,0,0,0,0
524060094,0,0,0,0
524060101,0,0,0,0
524060102,19,6,13,10
524060103,0,0,0,0
524060104,238,83,155,49
524060111,0,0,0,0
524060112,0,0,0,0
524060113,0,0,0,0
524060114,0,0,0,0
524060121,0,0,0,0
524060122,0,0,0,0
524060123,0,0,0,0
524060124,0,0,0,0
524060131,0,0,0,0
524060132,0,0,0,0
524060133,0,0,0,0
524060134,0,0,0,0
524060141,0,0,0,0
524060142,0,0,0,0
524060143,0,0,0,0
524060144,0,0,0,0
524060151,0,0,0,0
524060152,0,0,0,0
524060153,0,0,0,0
524060154,0,0,0,0
524060161,0,0,0,0
524060162,0,0,0,0
524060163,0,0,0,0
524060164,0,0,0,0
524060171,0,0,0,0
524060172,0,0,0,0
524060173,0,0,0,0
524060174,0,0,0,0
524060181,0,0,0,0
524060182,0,0,0,0
524060183,0,0,0,0
524060184,0,0,0,0
524060191,0,0,0,0
524060192,0,0,0,0
524060193,0,0,0,0
524060194,0,0,0,0
524060201,0,0,0,0
524060202,0,0,0,0
524060203,0,0,0,0
524060204,66,32,34,20
524060211,0,0,0,0
524060212,0,0,0,0
524060213,0,0,0,0
524060214,0,0,0,0
524060221,0,0,0,0
524060222,0,0,0,0
524060223,0,0,0,0
524060224,0,0,0,0
524060231,0,0,0,0
524060232,0,0,0,0
524060233,0,0,0,0
524060234,0,0,0,0
524060241,0,0,0,0
524060242,31,17,14,10
524060243,0,0,0,0
524060244,33,18,15,10
524060251,0,0,0,0
524060252,0,0,0,0
524060253,0,0,0,0
524060254,0,0,0,0
524060261,0,0,0,0
524060262,0,0,0,0
524060263,0,0,0,0
524060264,0,0,0,0
524060271,0,0,0,0
524060272,0,0,0,0
524060273,0,0,0,0
524060274,0,0,0,0
524060281,0,0,0,0
524060282,0,0,0,0
524060283,0,0,0,0
524060284,0,0,0,0
524060291,0,0,0,0
524060292,0,0,0,0
524060293,0,0,0,0
524060294,0,0,0,0
524060301,0,0,0,0
524060302,0,0,0,0
524060303,0,0,0,0
524060304,0,0,0,0
524060311,0,0,0,0
524060312,0,0,0,0
524060313,0,0,0,0
524060314,69,34,35,20
524060321,0,0,0,0
524060322,0,0,0,0
524060323,0,0,0,0
524060324,0,0,0,0
524060331,0,0,0,0
524060332,0,0,0,0
524060333,0,0,0,0
524060334,0,0,0,0
524060341,0,0,0,0
524060342,0,0,0,0
524060343,0,0,0,0
524060344,0,0,0,0
524060351,26,14,12,9
524060352,0,0,0,0
524060353,0,0,0,0
524060354,0,0,0,0
524060361,0,0,0,0
524060362,0,0,0,0
524060363,0,0,0,0
524060364,0,0,0,0
524060371,0,0,0,0
524060372,0,0,0,0
524060373,0,0,0,0
524060374,0,0,0,0
524060381,0,0,0,0
524060382,0,0,0,0
524060383,0,0,0,0
524060384,0,0,0,0
524060391,0,0,0,0
524060392,0,0,0,0
524060393,0,0,0,0
524060394,0,0,0,0
524060401,0,0,0,0
524060402,0,0,0,0
524060403,0,0,0,0
524060404,0,0,0,0
524060411,0,0,0,0
524060412,42,21,21,13
524060413,0,0,0,0
524060414,42,20,22,12
524060421,0,0,0,0
524060422,0,0,0,0
524060423,0,0,0,0
524060424,0,0,0,0
524060431,41,20,21,13
524060432,0,0,0,0
524060433,35,16,19,12
524060434,0,0,0,0
524060441,0,0,0,0
524060442,0,0,0,0
524060443,0,0,0,0
524060444,0,0,0,0
524060451,0,0,0,0
524060452,0,0,0,0
524060453,0,0,0,0
524060454,0,0,0,0
524060461,0,0,0,0
524060462,0,0,0,0
524060463,0,0,0,0
524060464,0,0,0,0
524060471,0,0,0,0
524060472,0,0,0,0
524060473,0,0,0,0
524060474,0,0,0,0
524060481,0,0,0,0
524060482,0,0,0,0
524060483,0,0,0,0
524060484,0,0,0,0
524060491,0,0,0,0
524060492,0,0,0,0
524060493,0,0,0,0
524060494,0,0,0,0
524060501,0,0,0,0
524060502,0,0,0,0
524060503,0,0,0,0
524060504,0,0,0,0
524060511,49,26,23,10
524060512,0,0,0,0
524060513,42,22,20,9
524060514,0,0,0,0
524060521,82,45,37,26
524060522,0,0,0,0
524060523,78,42,36,25
524060524,0,0,0,0
524060531,0,0,0,0
524060532,0,0,0,0
524060533,0,0,0,0
524060534,0,0,0,0
524060541,0,0,0,0
524060542,0,0,0,0
524060543,0,0,0,0
524060544,0,0,0,0
524060551,0,0,0,0
524060552,90,47,43,20
524060553,0,0,0,0
524060554,56,27,29,14
524060561,0,0,0,0
524060562,0,0,0,0
524060563,0,0,0,0
524060564,0,0,0,0
524060571,0,0,0,0
524060572,0,0,0,0
524060573,0,0,0,0
524060574,0,0,0,0
524060581,0,0,0,0
524060582,0,0,0,0
524060583,0,0,0,0
524060584,0,0,0,0
524060591,0,0,0,0
524060592,0,0,0,0
524060593,0,0,0,0
524060594,0,0,0,0
524060601,0,0,0,0
524060602,0,0,0,0
524060603,0,0,0,0
524060604,0,0,0,0
524060611,0,0,0,0
524060612,110,50,60,27
524060613,42,22,20,13
524060614,0,0,0,0
524060621,188,88,100,58
524060622,0,0,0,0
524060623,0,0,0,0
524060624,0,0,0,0
524060631,0,0,0,0
524060632,0,0,0,0
524060633,0,0,0,0
524060634,0,0,0,0
524060641,0,0,0,0
524060642,0,0,0,0
524060643,0,0,0,0
524060644,0,0,0,0
524060651,0,0,0,0
524060652,0,0,0,0
524060653,0,0,0,0
524060654,57,26,31,14
524060661,0,0,0,0
524060662,0,0,0,0
524060663,87,43,44,22
524060664,0,0,0,0
524060671,0,0,0,0
524060672,0,0,0,0
524060673,0,0,0,0
524060674,0,0,0,0
524060681,0,0,0,0
524060682,0,0,0,0
524060683,0,0,0,0
524060684,0,0,0,0
524060691,0,0,0,0
524060692,0,0,0,0
524060693,0,0,0,0
524060694,0,0,0,0
524060701,38,19,19,11
524060702,0,0,0,0
524060703,59,30,29,18
524060704,0,0,0,0
524060711,46,23,23,13
524060712,0,0,0,0
524060713,81,39,42,26
524060714,0,0,0,0
524060721,0,0,0,0
524060722,0,0,0,0
524060723,0,0,0,0
524060724,0,0,0,0
524060731,0,0,0,0
524060732,0,0,0,0
524060733,0,0,0,0
524060734,0,0,0,0
524060741,0,0,0,0
524060742,0,0,0,0
524060743,0,0,0,0
524060744,0,0,0,0
524060751,0,0,0,0
524060752,0,0,0,0
524060753,0,0,0,0
524060754,0,0,0,0
524060761,182,90,92,58
524060762,0,0,0,0
524060763,0,0,0,0
524060764,194,92,102,54
524060771,0,0,0,0
524060772,156,77,79,41
524060773,299,151,148,95
524060774,110,55,55,35
524060781,0,0,0,0
524060782,195,95,100,53
524060783,0,0,0,0
524060784,136,74,62,43
524060791,31,15,16,9
524060792,59,28,31,18
524060793,28,12,16,8
524060794,122,57,65,36
524060801,62,30,32,18
524060802,0,0,0,0
524060803,0,0,0,0
524060804,0,0,0,0
524060811,0,0,0,0
524060812,0,0,0,0
524060813,0,0,0,0
524060814,0,0,0,0
524060821,0,0,0,0
524060822,0,0,0,0
524060823,0,0,0,0
524060824,0,0,0,0
524060831,0,0,0,0
524060832,0,0,0,0
524060833,0,0,0,0
524060834,0,0,0,0
524060841,0,0,0,0
524060842,0,0,0,0
524060843,0,0,0,0
524060844,0,0,0,0
524060851,0,0,0,0
524060852,0,0,0,0
524060853,56,28,28,14
524060854,0,0,0,0
524060861,0,0,0,0
524060862,0,0,0,0
524060863,93,44,49,24
524060864,92,41,51,24
524060871,0,0,0,0
524060872,130,65,65,37
524060873,0,0,0,0
524060874,0,0,0,0
524060881,0,0,0,0
524060882,0,0,0,0
524060991,0,0,0,0
524060992,0,0,0,0
524060993,0,0,0,0
524060994,0,0,0,0
524061001,0,0,0,0
524061002,0,0,0,0
524061003,0,0,0,0
524061004,22,11,11,9
524061011,0,0,0,0
524061012,0,0,0,0
524061013,0,0,0,0
524061014,0,0,0,0
524061021,0,0,0,0
524061022,0,0,0,0
524061023,0,0,0,0
524061024,0,0,0,0
524061031,0,0,0,0
524061032,0,0,0,0
524061033,0,0,0,0
524061034,0,0,0,0
524061041,0,0,0,0
524061042,0,0,0,0
524061043,0,0,0,0
524061044,0,0,0,0
524061051,0,0,0,0
524061052,0,0,0,0
524061053,0,0,0,0
524061054,0,0,0,0
524061061,0,0,0,0
524061062,0,0,0,0
524061063,0,0,0,0
524061064,28,13,15,11
524061071,0,0,0,0
524061072,0,0,0,0
524061073,0,0,0,0
524061074,0,0,0,0
524061081,0,0,0,0
524061082,55,27,28,14
524061083,72,33,39,25
524061084,0,0,0,0
524061091,0,0,0,0
524061092,0,0,0,0
524061093,0,0,0,0
524061094,0,0,0,0
524061101,0,0,0,0
524061102,23,12,11,9
524061103,0,0,0,0
524061104,23,11,12,9
524061111,0,0,0,0
524061112,0,0,0,0
524061113,0,0,0,0
524061114,0,0,0,0
524061121,0,0,0,0
524061122,0,0,0,0
524061123,0,0,0,0
524061124,0,0,0,0
524061131,0,0,0,0
524061132,0,0,0,0
524061133,0,0,0,0
524061134,0,0,0,0
524061141,0,0,0,0
524061142,0,0,0,0
524061143,0,0,0,0
524061144,0,0,0,0
524061151,0,0,0,0
524061152,0,0,0,0
524061153,0,0,0,0
524061154,0,0,0,0
524061161,0,0,0,0
524061162,0,0,0,0
524061163,0,0,0,0
524061164,0,0,0,0
524061171,0,0,0,0
524061172,0,0,0,0
524061173,0,0,0,0
524061174,0,0,0,0
524061181,0,0,0,0
524061182,0,0,0,0
524061183,0,0,0,0
524061184,0,0,0,0
524061191,0,0,0,0
524061192,30,12,18,9
524061193,0,0,0,0
524061194,0,0,0,0
524061201,0,0,0,0
524061202,24,11,13,8
524061203,0,0,0,0
524061204,0,0,0,0
524061211,0,0,0,0
524061212,0,0,0,0
524061213,25,11,14,8
524061214,0,0,0,0
524061221,0,0,0,0
524061222,0,0,0,0
524061223,0,0,0,0
524061224,0,0,0,0
524061231,0,0,0,0
524061232,0,0,0,0
524061233,0,0,0,0
524061234,0,0,0,0
524061241,0,0,0,0
524061242,0,0,0,0
524061243,0,0,0,0
524061244,0,0,0,0
524061251,0,0,0,0
524061252,136,74,62,35
524061253,0,0,0,0
524061254,0,0,0,0
524061261,0,0,0,0
524061262,0,0,0,0
524061263,0,0,0,0
524061264,0,0,0,0
524061271,0,0,0,0
524061272,0,0,0,0
524061273,0,0,0,0
524061274,0,0,0,0
524061281,0,0,0,0
524061282,0,0,0,0
524061283,0,0,0,0
524061284,0,0,0,0
524061291,0,0,0,0
524061292,0,0,0,0
524061293,0,0,0,0
524061294,0,0,0,0
524061301,0,0,0,0
524061302,0,0,0,0
524061303,0,0,0,0
524061304,0,0,0,0
524061311,47,24,23,16
524061312,0,0,0,0
524061313,0,0,0,0
524061314,0,0,0,0
524061321,0,0,0,0
524061322,0,0,0,0
524061323,0,0,0,0
524061324,0,0,0,0
524061331,9,4,5,5
524061332,0,0,0,0
524061333,0,0,0,0
524061334,0,0,0,0
524061341,0,0,0,0
524061342,0,0,0,0
524061343,0,0,0,0
524061344,0,0,0,0
524061351,0,0,0,0
524061352,0,0,0,0
524061353,0,0,0,0
524061354,0,0,0,0
524061361,0,0,0,0
524061362,0,0,0,0
524061363,0,0,0,0
524061364,0,0,0,0
524061371,0,0,0,0
524061372,0,0,0,0
524061373,0,0,0,0
524061374,0,0,0,0
524061381,0,0,0,0
524061382,0,0,0,0
524061383,0,0,0,0
524061384,0,0,0,0
524061391,0,0,0,0
524061392,0,0,0,0
524061393,0,0,0,0
524061394,0,0,0,0
524061401,0,0,0,0
524061402,0,0,0,0
524061403,0,0,0,0
524061404,0,0,0,0
524061411,0,0,0,0
524061412,0,0,0,0
524061413,0,0,0,0
524061414,0,0,0,0
524061421,0,0,0,0
524061422,0,0,0,0
524061423,0,0,0,0
524061424,0,0,0,0
524061431,0,0,0,0
524061432,0,0,0,0
524061433,0,0,0,0
524061434,0,0,0,0
524061441,0,0,0,0
524061442,0,0,0,0
524061443,0,0,0,0
524061444,0,0,0,0
524061451,0,0,0,0
524061452,0,0,0,0
524061453,0,0,0,0
524061454,0,0,0,0
524061461,0,0,0,0
524061462,0,0,0,0
524061463,0,0,0,0
524061464,0,0,0,0
524061471,0,0,0,0
524061472,0,0,0,0
524061473,0,0,0,0
524061474,0,0,0,0
524061481,0,0,0,0
524061482,0,0,0,0
524061483,160,71,89,46
524061484,0,0,0,0
524061491,0,0,0,0
524061492,0,0,0,0
524061493,0,0,0,0
524061494,0,0,0,0
524061501,0,0,0,0
524061502,0,0,0,0
524061503,0,0,0,0
524061504,0,0,0,0
524061511,0,0,0,0
524061512,0,0,0,0
524061513,0,0,0,0
524061514,0,0,0,0
524061521,79,41,38,26
524061522,0,0,0,0
524061523,0,0,0,0
524061524,0,0,0,0
524061531,0,0,0,0
524061532,0,0,0,0
524061533,0,0,0,0
524061534,0,0,0,0
524061541,0,0,0,0
524061542,0,0,0,0
524061543,0,0,0,0
524061544,206,100,106,57
524061551,0,0,0,0
524061552,0,0,0,0
524061553,0,0,0,0
524061554,42,22,20,15
524061561,0,0,0,0
524061562,0,0,0,0
524061563,0,0,0,0
524061564,0,0,0,0
524061571,0,0,0,0
524061572,0,0,0,0
524061573,0,0,0,0
524061574,0,0,0,0
524061581,0,0,0,0
524061582,0,0,0,0
524061583,0,0,0,0
524061584,0,0,0,0
524061591,0,0,0,0
524061592,0,0,0,0
524061593,0,0,0,0
524061594,0,0,0,0
524061601,0,0,0,0
524061602,48,23,25,16
524061603,0,0,0,0
524061604,80,39,41,30
524061611,0,0,0,0
524061612,0,0,0,0
524061613,0,0,0,0
524061614,0,0,0,0
524061621,0,0,0,0
524061622,0,0,0,0
524061623,0,0,0,0
524061624,0,0,0,0
524061631,0,0,0,0
524061632,0,0,0,0
524061633,0,0,0,0
524061634,0,0,0,0
524061641,0,0,0,0
524061642,0,0,0,0
524061643,0,0,0,0
524061644,0,0,0,0
524061651,0,0,0,0
524061652,0,0,0,0
524061653,0,0,0,0
524061654,0,0,0,0
524061661,0,0,0,0
524061662,0,0,0,0
524061663,0,0,0,0
524061664,0,0,0,0
524061671,0,0,0,0
524061672,0,0,0,0
524061673,0,0,0,0
524061674,0,0,0,0
524061681,0,0,0,0
524061682,0,0,0,0
524061683,0,0,0,0
524061684,0,0,0,0
524061691,0,0,0,0
524061692,0,0,0,0
524061693,0,0,0,0
524061694,0,0,0,0
524061701,85,45,40,30
524061702,0,0,0,0
524061703,0,0,0,0
524061704,0,0,0,0
524061711,0,0,0,0
524061712,0,0,0,0
524061713,0,0,0,0
524061714,0,0,0,0
524061721,0,0,0,0
524061722,0,0,0,0
524061723,83,42,41,26
524061724,0,0,0,0
524061731,0,0,0,0
524061732,0,0,0,0
524061733,0,0,0,0
524061734,0,0,0,0
524061741,127,61,66,42
524061742,0,0,0,0
524061743,0,0,0,0
524061744,0,0,0,0
524061751,0,0,0,0
524061752,0,0,0,0
524061753,0,0,0,0
524061754,0,0,0,0
524061761,0,0,0,0
524061762,158,79,79,41
524061763,0,0,0,0
524061764,0,0,0,0
524061771,0,0,0,0
524061772,0,0,0,0
524061773,0,0,0,0
524061774,126,68,58,38
524061781,0,0,0,0
524061782,0,0,0,0
524061783,0,0,0,0
524061784,0,0,0,0
524061791,0,0,0,0
524061792,0,0,0,0
524061793,0,0,0,0
524061794,73,31,42,15
524061801,0,0,0,0
524061802,0,0,0,0
524061803,0,0,0,0
524061804,0,0,0,0
524061811,0,0,0,0
524061812,0,0,0,0
524061813,0,0,0,0
524061814,0,0,0,0
524061821,0,0,0,0
524061822,0,0,0,0
524061823,0,0,0,0
524061824,0,0,0,0
524073401,60,29,31,20
524073402,17,9,8,7
524073403,23,11,12,7
524073404,247,129,118,87
524073411,208,104,104,69
524073412,173,79,94,57
524073413,45,22,23,13
524073414,231,108,123,86
524073421,172,82,90,57
524073423,0,0,0,0
524073424,0,0,0,0
524061831,104,49,55,30
524061832,0,0,0,0
524061833,0,0,0,0
524061834,114,65,49,29
524061841,0,0,0,0
524061842,78,36,42,23
524061843,0,0,0,0
524061844,0,0,0,0
524061851,0,0,0,0
524061852,0,0,0,0
524061853,0,0,0,0
524061854,0,0,0,0
524061861,160,83,77,52
524061862,0,0,0,0
524061863,0,0,0,0
524061864,0,0,0,0
524061871,0,0,0,0
524061872,0,0,0,0
524061873,0,0,0,0
524061874,0,0,0,0
524061881,81,40,41,26
524061882,0,0,0,0
524061883,0,0,0,0
524061884,54,30,24,14
524061891,0,0,0,0
524061892,0,0,0,0
524061893,152,74,78,45
524061894,0,0,0,0
524061901,0,0,0,0
524061902,0,0,0,0
524061903,0,0,0,0
524061904,0,0,0,0
524061911,0,0,0,0
524061912,0,0,0,0
524061913,0,0,0,0
524061914,0,0,0,0
524061921,0,0,0,0
524061922,0,0,0,0
524061923,0,0,0,0
524061924,0,0,0,0
524061931,184,81,103,51
524061932,115,42,73,35
524061933,0,0,0,0
524061934,0,0,0,0
524061941,0,0,0,0
524061942,0,0,0,0
524061943,0,0,0,0
524061944,0,0,0,0
524061951,0,0,0,0
524061952,0,0,0,0
524061953,0,0,0,0
524061954,109,53,56,33
524061961,0,0,0,0
524061962,58,29,29,18
524061963,59,27,32,22
524061964,0,0,0,0
524061971,0,0,0,0
524061972,0,0,0,0
524061973,0,0,0,0
524061974,58,28,30,17
524061981,47,24,23,13
524061982,100,50,50,27
524061983,171,87,84,47
524061984,57,27,30,15
524061991,0,0,0,0
524061992,250,120,130,72
524061993,0,0,0,0
524061994,61,31,30,19
524062001,61,30,31,19
524062002,32,13,19,9
524062003,33,13,20,9
524062004,0,0,0,0
524062011,271,139,132,85
524062012,80,40,40,24
524062013,0,0,0,0
524062014,0,0,0,0
524062021,0,0,0,0
524062022,0,0,0,0
524062023,0,0,0,0
524062024,0,0,0,0
524062031,0,0,0,0
524062032,0,0,0,0
524062033,0,0,0,0
524062034,109,67,42,41
524062041,162,132,30,123
524062042,0,0,0,0
524062043,139,94,45,79
524062044,0,0,0,0
524062051,0,0,0,0
524062052,0,0,0,0
524062053,88,83,5,81
524062054,0,0,0,0
524062061,143,103,40,96
524062062,199,91,108,68
524062063,0,0,0,0
524062064,0,0,0,0
524062071,0,0,0,0
524062073,0,0,0,0
524062074,0,0,0,0
524062101,0,0,0,0
524062102,0,0,0,0
524062103,0,0,0,0
524062104,122,64,58,32
524062111,0,0,0,0
524062112,0,0,0,0
524062113,0,0,0,0
524062114,0,0,0,0
524062121,0,0,0,0
524062122,0,0,0,0
524062123,0,0,0,0
524062124,0,0,0,0
524062131,0,0,0,0
524062132,49,24,25,14
524062133,0,0,0,0
524062134,95,45,50,24
524062141,76,45,31,33
524062142,0,0,0,0
524062143,0,0,0,0
524062144,0,0,0,0
524062151,0,0,0,0
524062152,0,0,0,0
524062153,0,0,0,0
524062154,0,0,0,0
524062161,0,0,0,0
524062162,0,0,0,0
524062163,0,0,0,0
524062164,0,0,0,0
524062171,0,0,0,0
524062172,150,74,76,57
524062173,120,61,59,61
524062174,390,189,201,132
524062183,136,66,70,54
524062184,47,26,21,17
524062191,0,0,0,0
524062192,0,0,0,0
524062193,684,336,348,210
524062194,38,20,18,10
524062201,0,0,0,0
524062202,0,0,0,0
524062203,0,0,0,0
524062204,57,29,28,15
524062211,57,29,28,15
524062212,137,69,68,34
524062213,124,59,65,33
524062214,0,0,0,0
524062221,0,0,0,0
524062222,0,0,0,0
524062223,64,26,38,17
524062224,0,0,0,0
524062231,138,71,67,31
524062232,109,52,57,31
524062233,0,0,0,0
524062234,56,26,30,14
524062241,0,0,0,0
524062242,0,0,0,0
524062243,0,0,0,0
524062244,0,0,0,0
524062251,0,0,0,0
524062252,0,0,0,0
524062253,0,0,0,0
524062254,0,0,0,0
524062261,65,29,36,19
524062262,0,0,0,0
524062263,68,29,39,19
524062264,18,8,10,9
524062271,204,94,110,97
524062272,206,101,105,80
524062273,105,41,64,32
524062274,136,62,74,60
524062281,685,331,354,289
524062282,599,282,317,225
524062283,295,133,162,102
524062284,778,366,412,272
524062291,854,398,456,287
524062292,0,0,0,0
524062293,128,58,70,51
524062294,0,0,0,0
524062301,0,0,0,0
524062302,0,0,0,0
524062303,0,0,0,0
524062304,0,0,0,0
524062311,0,0,0,0
524062312,0,0,0,0
524062313,0,0,0,0
524062314,74,40,34,21
524062321,73,35,38,22
524062322,0,0,0,0
524062323,65,29,36,19
524062324,330,151,179,83
524062331,239,119,120,69
524062332,0,0,0,0
524062333,0,0,0,0
524062334,0,0,0,0
524062341,0,0,0,0
524062342,0,0,0,0
524062343,0,0,0,0
524062344,0,0,0,0
524062351,0,0,0,0
524062352,47,24,23,17
524062353,0,0,0,0
524062354,50,25,25,16
524062361,0,0,0,0
524062362,0,0,0,0
524062363,121,61,60,33
524062364,0,0,0,0
524062371,99,38,61,29
524062372,0,0,0,0
524062373,49,23,26,17
524062374,0,0,0,0
524062381,106,49,57,42
524062382,566,254,312,196
524062383,0,0,0,0
524062384,232,115,117,88
524062391,0,0,0,0
524062392,0,0,0,0
524062393,0,0,0,0
524062394,0,0,0,0
524062401,0,0,0,0
524062402,0,0,0,0
524062403,0,0,0,0
524062404,0,0,0,0
524062411,0,0,0,0
524062412,94,47,47,32
524062413,0,0,0,0
524062414,430,202,228,130
524062421,49,16,33,1
524062422,0,0,0,0
524062423,0,0,0,0
524062424,43,21,22,13
524062431,0,0,0,0
524062432,0,0,0,0
524062433,0,0,0,0
524062434,0,0,0,0
524062441,0,0,0,0
524062442,0,0,0,0
524062443,0,0,0,0
524062444,0,0,0,0
524062451,0,0,0,0
524062452,0,0,0,0
524062453,0,0,0,0
524062454,0,0,0,0
524062461,0,0,0,0
524062462,127,67,60,34
524062463,0,0,0,0
524062464,0,0,0,0
524062471,75,39,36,25
524062472,0,0,0,0
524062473,0,0,0,0
524062474,0,0,0,0
524062481,0,0,0,0
524062482,50,4,46,1
524062483,171,78,93,56
524062484,42,19,23,13
524062491,104,49,55,50
524062492,48,24,24,13
524062493,0,0,0,0
524062494,0,0,0,0
524062501,0,0,0,0
524062502,0,0,0,0
524062503,0,0,0,0
524062504,0,0,0,0
524062511,76,36,40,22
524062512,89,43,46,24
524062513,160,76,84,45
524062514,0,0,0,0
524062521,46,22,24,12
524062522,0,0,0,0
524062523,0,0,0,0
524062524,0,0,0,0
524062531,0,0,0,0
524062532,0,0,0,0
524062533,0,0,0,0
524062534,0,0,0,0
524062541,0,0,0,0
524062542,0,0,0,0
524062543,0,0,0,0
524062544,3,2,1,1
524062551,0,0,0,0
524062552,43,21,22,13
524062553,0,0,0,0
524062554,0,0,0,0
524062561,44,22,22,13
524062562,172,82,90,52
524062563,41,19,22,12
524062564,0,0,0,0
524062571,0,0,0,0
524062572,0,0,0,0
524062573,117,56,61,33
524062574,87,41,46,37
524062581,0,0,0,0
524062582,0,0,0,0
524062583,74,36,38,24
524062584,0,0,0,0
524062591,111,51,60,55
524062592,135,68,67,42
524062593,88,42,46,41
524062594,0,0,0,0
524062601,0,0,0,0
524062602,132,71,61,31
524062603,0,0,0,0
524062604,0,0,0,0
524062611,44,23,21,13
524062612,0,0,0,0
524062613,75,35,40,22
524062614,0,0,0,0
524062621,0,0,0,0
524062622,0,0,0,0
524062623,0,0,0,0
524062624,59,28,31,16
524062631,115,55,60,34
524062632,0,0,0,0
524062633,0,0,0,0
524062634,27,14,13,11
524062641,0,0,0,0
524062642,32,15,17,11
524062643,0,0,0,0
524062644,0,0,0,0
524062651,0,0,0,0
524062652,0,0,0,0
524062653,0,0,0,0
524062654,0,0,0,0
524062661,0,0,0,0
524062662,0,0,0,0
524062663,0,0,0,0
524062664,0,0,0,0
524062671,152,76,76,48
524062672,123,60,63,34
524062673,0,0,0,0
524062674,0,0,0,0
524062681,0,0,0,0
524062682,56,27,29,16
524062683,93,44,49,25
524062684,23,10,13,7
524062691,0,0,0,0
524062692,0,0,0,0
524062693,0,0,0,0
524062694,0,0,0,0
524062701,0,0,0,0
524062702,0,0,0,0
524062703,0,0,0,0
524062704,9,5,4,3
524062711,225,110,115,66
524062712,0,0,0,0
524062713,0,0,0,0
524062714,38,19,19,12
524062721,66,30,36,15
524062722,0,0,0,0
524062723,42,20,22,12
524062724,0,0,0,0
524062731,0,0,0,0
524062732,0,0,0,0
524062733,0,0,0,0
524062734,0,0,0,0
524062741,0,0,0,0
524062742,0,0,0,0
524062743,0,0,0,0
524062744,0,0,0,0
524062751,0,0,0,0
524062752,0,0,0,0
524062753,0,0,0,0
524062754,0,0,0,0
524062761,55,27,28,17
524062762,0,0,0,0
524062763,0,0,0,0
524062764,0,0,0,0
524062771,53,28,25,15
524062772,0,0,0,0
524062773,54,27,27,15
524062774,55,28,27,15
524062781,0,0,0,0
524062782,0,0,0,0
524062783,216,96,120,62
524062784,0,0,0,0
524062791,0,0,0,0
524062792,29,15,14,9
524062793,0,0,0,0
524062794,0,0,0,0
524062801,0,0,0,0
524062802,0,0,0,0
524062803,0,0,0,0
524062804,0,0,0,0
524062811,0,0,0,0
524062812,0,0,0,0
524062813,132,81,51,52
524062814,0,0,0,0
524062821,0,0,0,0
524062822,0,0,0,0
524062823,0,0,0,0
524062824,0,0,0,0
524062831,0,0,0,0
524062832,0,0,0,0
524062833,0,0,0,0
524062834,0,0,0,0
524062841,0,0,0,0
524062842,0,0,0,0
524062843,0,0,0,0
524062844,0,0,0,0
524062851,0,0,0,0
524062852,45,21,24,16
524062853,46,22,24,16
524062854,0,0,0,0
524062861,0,0,0,0
524062862,0,0,0,0
524062863,0,0,0,0
524062864,0,0,0,0
524062871,0,0,0,0
524062872,0,0,0,0
524062873,0,0,0,0
524062874,54,28,26,15
524062881,0,0,0,0
524062882,0,0,0,0
524062883,144,73,71,42
524062884,0,0,0,0
524062891,0,0,0,0
524062892,66,34,32,18
524062893,0,0,0,0
524062894,113,35,78,10
524062901,0,0,0,0
524062902,89,45,44,28
524062903,158,74,84,52
524062904,0,0,0,0
524062911,116,0,116,3
524062912,0,0,0,0
524062913,0,0,0,0
524062914,0,0,0,0
524062921,0,0,0,0
524062922,0,0,0,0
524062923,0,0,0,0
524062924,71,35,36,17
524062931,0,0,0,0
524062932,0,0,0,0
524062933,0,0,0,0
524062934,0,0,0,0
524062941,0,0,0,0
524062942,0,0,0,0
524062943,0,0,0,0
524062944,0,0,0,0
524062951,0,0,0,0
524062952,0,0,0,0
524062953,161,82,79,42
524062954,0,0,0,0
524062961,0,0,0,0
524062962,0,0,0,0
524062963,0,0,0,0
524062964,68,34,34,19
524062971,0,0,0,0
524062972,139,64,75,40
524062973,45,23,22,14
524062974,0,0,0,0
524062981,0,0,0,0
524062982,0,0,0,0
524062983,0,0,0,0
524062984,0,0,0,0
524062991,136,69,67,36
524062992,26,14,12,8
524062993,80,40,40,30
524062994,0,0,0,0
524063103,0,0,0,0
524063201,0,0,0,0
524063202,0,0,0,0
524063203,0,0,0,0
524063204,0,0,0,0
524063301,0,0,0,0
524063302,0,0,0,0
524063303,0,0,0,0
524063304,0,0,0,0
524063313,0,0,0,0
524063401,86,41,45,27
524063402,0,0,0,0
524063403,0,0,0,0
524063404,0,0,0,0
524063411,0,0,0,0
524063413,227,108,119,73
524063501,0,0,0,0
524063502,77,36,41,20
524063503,0,0,0,0
524063504,0,0,0,0
524063511,55,26,29,16
524063513,76,40,36,24
524063514,0,0,0,0
524063601,197,91,106,61
524063602,207,114,93,62
524063603,235,111,124,81
524063604,107,56,51,31
524063611,0,0,0,0
524063612,0,0,0,0
524063613,119,60,59,40
524063614,289,132,157,83
524063701,0,0,0,0
524063702,137,66,71,46
524063703,0,0,0,0
524063704,240,111,129,79
524063711,0,0,0,0
524063712,0,0,0,0
524063713,181,88,93,59
524063714,0,0,0,0
524063723,0,0,0,0
524063801,0,0,0,0
524063802,0,0,0,0
524063803,0,0,0,0
524063804,216,93,123,81
524063811,327,150,177,105
524063812,155,76,79,53
524063813,439,223,216,142
524063814,391,181,210,117
524063821,0,0,0,0
524063823,146,70,76,52
524063901,14,7,7,6
524063902,268,138,130,84
524063903,0,0,0,0
524063904,530,258,272,200
524063911,656,310,346,239
524063912,109,51,58,41
524063913,893,431,462,321
524063914,718,359,359,252
524063921,0,0,0,0
524063923,479,239,240,175
524070001,277,131,146,74
524070002,0,0,0,0
524070003,0,0,0,0
524070004,178,89,89,52
524070011,0,0,0,0
524070012,0,0,0,0
524070013,0,0,0,0
524070014,0,0,0,0
524070021,0,0,0,0
524070022,0,0,0,0
524070023,0,0,0,0
524070024,0,0,0,0
524070031,0,0,0,0
524070032,54,27,27,14
524070033,182,91,91,47
524070034,54,26,28,14
524070041,403,113,290,30
524070042,326,74,252,34
524070043,0,0,0,0
524070044,312,147,165,101
524070051,0,0,0,0
524070052,0,0,0,0
524070053,148,70,78,53
524070054,0,0,0,0
524070061,0,0,0,0
524070062,0,0,0,0
524070063,0,0,0,0
524070064,0,0,0,0
524070071,0,0,0,0
524070072,0,0,0,0
524070073,0,0,0,0
524070074,0,0,0,0
524070081,0,0,0,0
524070082,0,0,0,0
524070083,0,0,0,0
524070084,0,0,0,0
524070091,0,0,0,0
524070092,0,0,0,0
524070093,0,0,0,0
524070094,0,0,0,0
524070101,0,0,0,0
524070102,4,2,2,2
524070103,0,0,0,0
524070104,273,73,200,5
524070111,0,0,0,0
524070112,0,0,0,0
524070113,0,0,0,0
524070114,0,0,0,0
524070121,0,0,0,0
524070122,0,0,0,0
524070123,0,0,0,0
524070124,0,0,0,0
524070131,0,0,0,0
524070132,109,52,57,28
524070133,0,0,0,0
524070134,0,0,0,0
524070141,0,0,0,0
524070142,60,31,29,17
524070143,129,70,59,32
524070144,0,0,0,0
524070151,0,0,0,0
524070152,0,0,0,0
524070153,0,0,0,0
524070154,0,0,0,0
524070161,0,0,0,0
524070162,0,0,0,0
524070163,0,0,0,0
524070164,0,0,0,0
524070171,0,0,0,0
524070172,0,0,0,0
524070173,0,0,0,0
524070174,0,0,0,0
524070181,0,0,0,0
524070182,0,0,0,0
524070183,0,0,0,0
524070184,0,0,0,0
524070191,0,0,0,0
524070192,0,0,0,0
524070193,0,0,0,0
524070194,0,0,0,0
524070201,0,0,0,0
524070202,0,0,0,0
524070203,0,0,0,0
524070204,0,0,0,0
524070211,0,0,0,0
524070212,0,0,0,0
524070213,0,0,0,0
524070214,0,0,0,0
524070221,0,0,0,0
524070222,0,0,0,0
524070223,0,0,0,0
524070224,0,0,0,0
524070231,93,51,42,31
524070232,0,0,0,0
524070233,0,0,0,0
524070234,0,0,0,0
524070241,0,0,0,0
524070242,61,30,31,17
524070243,134,72,62,32
524070244,0,0,0,0
524070251,109,52,57,30
524070252,0,0,0,0
524070253,111,52,59,30
524070254,0,0,0,0
524070261,0,0,0,0
524070262,0,0,0,0
524070263,0,0,0,0
524070264,0,0,0,0
524070271,0,0,0,0
524070272,0,0,0,0
524070273,0,0,0,0
524070274,0,0,0,0
524070281,0,0,0,0
524070282,0,0,0,0
524070283,0,0,0,0
524070284,0,0,0,0
524070291,49,22,27,16
524070292,29,14,15,9
524070293,0,0,0,0
524070294,0,0,0,0
524070301,0,0,0,0
524070302,0,0,0,0
524070303,0,0,0,0
524070304,0,0,0,0
524070311,0,0,0,0
524070312,0,0,0,0
524070313,0,0,0,0
524070314,0,0,0,0
524070321,42,21,21,11
524070322,0,0,0,0
524070323,0,0,0,0
524070324,94,51,43,31
524070331,0,0,0,0
524070332,0,0,0,0
524070333,0,0,0,0
524070334,81,44,37,30
524070341,0,0,0,0
524070342,41,22,19,10
524070343,0,0,0,0
524070344,0,0,0,0
524070351,0,0,0,0
524070352,239,117,122,76
524070353,100,43,57,29
524070354,81,39,42,23
524070361,0,0,0,0
524070362,0,0,0,0
524070363,178,93,85,55
524070364,0,0,0,0
524070371,110,56,54,25
524070372,0,0,0,0
524070373,112,56,56,25
524070374,0,0,0,0
524070381,0,0,0,0
524070382,0,0,0,0
524070383,0,0,0,0
524070384,45,23,22,12
524070391,0,0,0,0
524070392,30,14,16,9
524070393,0,0,0,0
524070394,0,0,0,0
524070401,0,0,0,0
524070402,0,0,0,0
524070403,0,0,0,0
524070404,0,0,0,0
524070411,0,0,0,0
524070412,0,0,0,0
524070413,0,0,0,0
524070414,25,13,12,7
524070421,0,0,0,0
524070422,0,0,0,0
524070423,0,0,0,0
524070424,0,0,0,0
524070431,0,0,0,0
524070432,0,0,0,0
524070433,0,0,0,0
524070434,0,0,0,0
524070441,13,7,6,4
524070442,0,0,0,0
524070443,93,41,52,27
524070444,9,4,5,3
524070451,0,0,0,0
524070452,69,35,34,20
524070453,190,93,97,60
524070454,81,36,45,26
524070461,0,0,0,0
524070462,112,55,57,40
524070463,73,36,37,20
524070464,131,63,68,42
524070471,0,0,0,0
524070472,0,0,0,0
524070473,0,0,0,0
524070474,0,0,0,0
524070481,0,0,0,0
524070482,0,0,0,0
524070483,0,0,0,0
524070484,0,0,0,0
524070491,0,0,0,0
524070492,0,0,0,0
524070493,0,0,0,0
524070494,53,26,27,14
524070501,0,0,0,0
524070502,0,0,0,0
524070503,0,0,0,0
524070504,0,0,0,0
524070511,0,0,0,0
524070512,0,0,0,0
524070513,0,0,0,0
524070514,0,0,0,0
524070521,0,0,0,0
524070522,0,0,0,0
524070523,0,0,0,0
524070524,0,0,0,0
524070531,0,0,0,0
524070532,0,0,0,0
524070533,0,0,0,0
524070534,0,0,0,0
524070541,0,0,0,0
524070542,0,0,0,0
524070543,20,9,11,5
524070544,0,0,0,0
524070551,0,0,0,0
524070552,43,23,20,14
524070553,117,54,63,37
524070554,69,34,35,20
524070561,320,144,176,112
524070562,173,82,91,55
524070563,603,284,319,199
524070564,179,82,97,56
524070571,0,0,0,0
524070572,0,0,0,0
524070573,0,0,0,0
524070574,0,0,0,0
524070581,0,0,0,0
524070582,0,0,0,0
524070583,204,95,109,58
524070584,0,0,0,0
524070591,0,0,0,0
524070592,48,22,26,13
524070593,0,0,0,0
524070594,0,0,0,0
524070601,26,13,13,7
524070602,0,0,0,0
524070603,0,0,0,0
524070604,0,0,0,0
524070611,0,0,0,0
524070612,0,0,0,0
524070613,0,0,0,0
524070614,97,50,47,25
524070621,0,0,0,0
524070622,0,0,0,0
524070623,0,0,0,0
524070624,0,0,0,0
524070631,0,0,0,0
524070632,0,0,0,0
524070633,0,0,0,0
524070634,0,0,0,0
524070641,0,0,0,0
524070642,0,0,0,0
524070643,92,44,48,24
524070644,230,118,112,55
524070651,58,31,27,15
524070652,60,31,29,15
524070653,56,29,27,14
524070654,0,0,0,0
524070661,173,80,93,59
524070662,0,0,0,0
524070663,0,0,0,0
524070664,0,0,0,0
524070671,0,0,0,0
524070672,0,0,0,0
524070673,0,0,0,0
524070674,112,55,57,32
524070681,0,0,0,0
524070682,0,0,0,0
524070683,0,0,0,0
524070684,0,0,0,0
524070691,0,0,0,0
524070692,0,0,0,0
524070693,0,0,0,0
524070694,0,0,0,0
524070701,66,31,35,18
524070702,0,0,0,0
524070703,0,0,0,0
524070704,0,0,0,0
524070711,0,0,0,0
524070712,0,0,0,0
524070713,0,0,0,0
524070714,0,0,0,0
524070721,0,0,0,0
524070722,0,0,0,0
524070723,0,0,0,0
524070724,0,0,0,0
524070731,0,0,0,0
524070732,188,92,96,60
524070733,0,0,0,0
524070734,0,0,0,0
524070741,0,0,0,0
524070742,85,39,46,23
524070743,0,0,0,0
524070744,490,229,261,140
524070751,364,184,180,108
524070752,0,0,0,0
524070753,0,0,0,0
524070754,152,74,78,42
524070761,73,35,38,20
524070762,0,0,0,0
524070763,0,0,0,0
524070764,0,0,0,0
524070771,0,0,0,0
524070772,106,51,55,31
524070773,0,0,0,0
524070774,0,0,0,0
524070781,0,0,0,0
524070782,0,0,0,0
524070783,0,0,0,0
524070784,38,18,20,10
524070791,0,0,0,0
524070792,0,0,0,0
524070793,0,0,0,0
524070794,0,0,0,0
524070801,65,29,36,17
524070802,0,0,0,0
524070803,66,30,36,17
524070804,0,0,0,0
524070811,24,12,12,6
524070812,0,0,0,0
524070813,0,0,0,0
524070814,0,0,0,0
524070821,0,0,0,0
524070822,0,0,0,0
524070823,0,0,0,0
524070824,0,0,0,0
524070831,89,44,45,24
524070832,265,133,132,83
524070833,188,86,102,43
524070834,358,170,188,99
524070841,0,0,0,0
524070842,155,77,78,45
524070843,0,0,0,0
524070844,153,75,78,44
524070851,248,125,123,77
524070852,0,0,0,0
524070853,0,0,0,0
524070854,0,0,0,0
524070861,0,0,0,0
524070862,34,17,17,8
524070863,170,86,84,42
524070864,253,118,135,65
524070871,118,55,63,33
524070872,0,0,0,0
524070873,0,0,0,0
524070874,0,0,0,0
524070881,0,0,0,0
524070882,0,0,0,0
524070883,0,0,0,0
524070884,0,0,0,0
524070891,0,0,0,0
524070892,0,0,0,0
524070893,91,45,46,28
524070894,0,0,0,0
524070901,0,0,0,0
524070902,0,0,0,0
524070903,48,25,23,14
524070904,0,0,0,0
524070911,34,16,18,10
524070912,0,0,0,0
524070913,0,0,0,0
524070914,0,0,0,0
524070921,0,0,0,0
524070922,125,66,59,33
524070923,0,0,0,0
524070924,131,68,63,33
524070931,0,0,0,0
524070932,0,0,0,0
524070933,0,0,0,0
524070934,169,81,88,44
524070941,0,0,0,0
524070942,366,175,191,94
524070943,0,0,0,0
524070944,98,48,50,26
524070951,223,109,114,58
524070952,174,88,86,42
524070953,0,0,0,0
524070954,0,0,0,0
524070961,0,0,0,0
524070962,0,0,0,0
524070963,0,0,0,0
524070964,0,0,0,0
524070971,0,0,0,0
524070972,0,0,0,0
524070973,0,0,0,0
524070974,0,0,0,0
524070981,0,0,0,0
524070982,0,0,0,0
524070983,0,0,0,0
524070984,0,0,0,0
524070991,0,0,0,0
524070992,0,0,0,0
524070993,0,0,0,0
524070994,0,0,0,0
524071001,0,0,0,0
524071002,0,0,0,0
524071003,0,0,0,0
524071004,0,0,0,0
524071011,0,0,0,0
524071012,0,0,0,0
524071013,0,0,0,0
524071014,13,7,6,3
524071021,0,0,0,0
524071022,0,0,0,0
524071023,88,42,46,21
524071024,127,60,67,31
524071031,221,104,117,70
524071032,0,0,0,0
524071033,0,0,0,0
524071034,0,0,0,0
524071041,0,0,0,0
524071042,14,5,9,14
524071043,0,0,0,0
524071044,0,0,0,0
524071051,100,46,54,31
524071052,231,108,123,71
524071053,75,36,39,24
524071054,0,0,0,0
524071061,155,73,82,51
524071062,4,2,2,1
524071063,0,0,0,0
524071064,0,0,0,0
524071071,239,111,128,70
524071072,108,52,56,29
524071073,0,0,0,0
524071074,0,0,0,0
524071081,0,0,0,0
524071082,0,0,0,0
524071083,0,0,0,0
524071084,0,0,0,0
524071091,0,0,0,0
524071092,0,0,0,0
524071093,0,0,0,0
524071094,197,90,107,55
524071101,27,12,15,8
524071102,0,0,0,0
524071103,0,0,0,0
524071104,0,0,0,0
524071111,0,0,0,0
524071112,0,0,0,0
524071113,0,0,0,0
524071114,0,0,0,0
524071121,59,25,34,18
524071122,0,0,0,0
524071123,26,13,13,8
524071124,247,90,157,43
524071131,39,20,19,12
524071132,0,0,0,0
524071133,63,31,32,21
524071134,0,0,0,0
524071141,0,0,0,0
524071142,0,0,0,0
524071143,0,0,0,0
524071144,0,0,0,0
524071151,0,0,0,0
524071152,0,0,0,0
524071153,0,0,0,0
524071154,0,0,0,0
524071161,0,0,0,0
524071162,0,0,0,0
524071163,0,0,0,0
524071164,309,152,157,82
524071171,49,26,23,15
524071172,0,0,0,0
524071173,0,0,0,0
524071174,0,0,0,0
524071181,0,0,0,0
524071182,0,0,0,0
524071183,0,0,0,0
524071184,0,0,0,0
524071191,0,0,0,0
524071192,0,0,0,0
524071193,0,0,0,0
524071194,0,0,0,0
524071201,0,0,0,0
524071202,0,0,0,0
524071203,0,0,0,0
524071204,0,0,0,0
524071211,0,0,0,0
524071212,0,0,0,0
524071213,0,0,0,0
524071214,59,30,29,17
524071221,0,0,0,0
524071222,110,54,56,38
524071223,0,0,0,0
524071224,102,46,56,34
524071231,66,31,35,21
524071232,0,0,0,0
524071233,0,0,0,0
524071234,10,8,2,7
524071241,0,0,0,0
524071242,0,0,0,0
524071243,0,0,0,0
524071244,0,0,0,0
524071251,0,0,0,0
524071252,0,0,0,0
524071253,0,0,0,0
524071254,0,0,0,0
524071261,0,0,0,0
524071262,0,0,0,0
524071263,0,0,0,0
524071264,0,0,0,0
524071271,0,0,0,0
524071272,0,0,0,0
524071273,0,0,0,0
524071274,0,0,0,0
524071281,0,0,0,0
524071282,0,0,0,0
524071283,0,0,0,0
524071284,0,0,0,0
524071291,0,0,0,0
524071292,0,0,0,0
524071293,0,0,0,0
524071294,0,0,0,0
524071301,0,0,0,0
524071302,0,0,0,0
524071303,0,0,0,0
524071304,31,13,18,9
524071311,0,0,0,0
524071312,0,0,0,0
524071313,0,0,0,0
524071314,0,0,0,0
524071321,55,30,25,22
524071322,0,0,0,0
524071323,0,0,0,0
524071324,0,0,0,0
524071331,30,20,10,11
524071332,0,0,0,0
524071333,0,0,0,0
524071334,0,0,0,0
524071341,6,4,2,3
524071342,0,0,0,0
524071343,0,0,0,0
524071344,8,4,4,2
524071351,0,0,0,0
524071352,0,0,0,0
524071353,0,0,0,0
524071354,0,0,0,0
524071361,0,0,0,0
524071362,0,0,0,0
524071363,0,0,0,0
524071364,0,0,0,0
524071371,0,0,0,0
524071372,0,0,0,0
524071373,0,0,0,0
524071374,0,0,0,0
524071381,0,0,0,0
524071382,198,95,103,56
524071383,0,0,0,0
524071384,0,0,0,0
524071391,521,254,267,64
524071392,221,105,116,79
524071393,159,89,70,58
524071394,351,154,197,101
524071401,25,9,16,8
524071402,0,0,0,0
524071403,0,0,0,0
524071404,0,0,0,0
524071411,0,0,0,0
524071412,186,90,96,56
524071413,0,0,0,0
524071414,99,49,50,26
524071421,0,0,0,0
524071422,0,0,0,0
524071423,54,26,28,13
524071424,0,0,0,0
524071431,0,0,0,0
524071432,0,0,0,0
524071433,0,0,0,0
524071434,0,0,0,0
524071441,0,0,0,0
524071442,9,4,5,2
524071443,58,26,32,23
524071444,0,0,0,0
524071451,0,0,0,0
524071452,0,0,0,0
524071453,0,0,0,0
524071454,8,5,3,4
524071461,9,5,4,4
524071462,0,0,0,0
524071463,0,0,0,0
524071464,0,0,0,0
524071471,0,0,0,0
524071472,0,0,0,0
524071473,6,6,0,6
524071474,0,0,0,0
524071481,0,0,0,0
524071482,0,0,0,0
524071483,0,0,0,0
524071484,0,0,0,0
524071491,185,90,95,67
524071492,534,248,286,196
524071493,228,107,121,81
524071494,210,95,115,71
524071501,38,18,20,13
524071502,0,0,0,0
524071503,0,0,0,0
524071504,0,0,0,0
524071511,0,0,0,0
524071512,0,0,0,0
524071513,0,0,0,0
524071514,82,42,40,20
524071521,96,48,48,28
524071522,0,0,0,0
524071523,0,0,0,0
524071524,0,0,0,0
524071531,0,0,0,0
524071532,7,4,3,4
524071533,0,0,0,0
524071534,7,4,3,3
524071541,0,0,0,0
524071542,0,0,0,0
524071543,0,0,0,0
524071544,38,19,19,14
524071551,0,0,0,0
524071552,0,0,0,0
524071553,0,0,0,0
524071554,12,6,6,4
524071561,0,0,0,0
524071562,0,0,0,0
524071563,21,13,8,14
524071564,0,0,0,0
524071571,0,0,0,0
524071572,0,0,0,0
524071573,0,0,0,0
524071574,0,0,0,0
524071581,0,0,0,0
524071582,0,0,0,0
524071583,0,0,0,0
524071584,209,93,116,52
524071591,339,156,183,106
524071592,249,109,140,93
524071593,158,84,74,55
524071594,113,56,57,28
524071601,0,0,0,0
524071602,0,0,0,0
524071603,0,0,0,0
524071604,0,0,0,0
524071611,70,35,35,26
524071612,221,111,110,63
524071613,0,0,0,0
524071614,60,25,35,17
524071621,114,52,62,32
524071622,0,0,0,0
524071623,0,0,0,0
524071624,0,0,0,0
524071631,0,0,0,0
524071632,8,4,4,3
524071633,0,0,0,0
524071634,0,0,0,0
524071641,0,0,0,0
524071642,0,0,0,0
524071643,0,0,0,0
524071644,0,0,0,0
524071651,0,0,0,0
524071652,0,0,0,0
524071653,0,0,0,0
524071654,0,0,0,0
524071661,0,0,0,0
524071662,0,0,0,0
524071663,0,0,0,0
524071664,0,0,0,0
524071671,0,0,0,0
524071672,0,0,0,0
524071673,0,0,0,0
524071674,52,25,27,20
524071681,0,0,0,0
524071682,0,0,0,0
524071683,0,0,0,0
524071684,237,110,127,61
524071691,0,0,0,0
524071692,0,0,0,0
524071693,161,82,79,53
524071694,87,46,41,30
524071701,0,0,0,0
524071702,0,0,0,0
524071703,0,0,0,0
524071704,0,0,0,0
524071711,0,0,0,0
524071712,106,56,50,30
524071713,37,19,18,9
524071714,63,30,33,19
524071721,71,34,37,21
524071722,0,0,0,0
524071723,0,0,0,0
524071724,0,0,0,0
524071731,0,0,0,0
524071732,0,0,0,0
524071733,0,0,0,0
524071734,0,0,0,0
524071741,0,0,0,0
524071742,0,0,0,0
524071743,78,32,46,28
524071744,0,0,0,0
524071751,0,0,0,0
524071752,0,0,0,0
524071753,0,0,0,0
524071754,0,0,0,0
524071761,0,0,0,0
524071762,61,33,28,19
524071763,0,0,0,0
524071764,0,0,0,0
524071771,0,0,0,0
524071772,0,0,0,0
524071773,0,0,0,0
524071774,0,0,0,0
524071781,4,2,2,1
524071782,0,0,0,0
524071783,0,0,0,0
524071784,0,0,0,0
524071791,170,86,84,49
524071792,91,47,44,30
524071793,0,0,0,0
524071794,0,0,0,0
524071801,0,0,0,0
524071802,0,0,0,0
524071803,0,0,0,0
524071804,0,0,0,0
524071811,68,31,37,19
524071812,139,68,71,38
524071813,106,52,54,28
524071814,114,59,55,33
524071821,136,62,74,31
524071822,0,0,0,0
524071823,0,0,0,0
524071824,0,0,0,0
524071831,0,0,0,0
524071832,0,0,0,0
524071833,0,0,0,0
524071834,0,0,0,0
524071841,0,0,0,0
524071842,0,0,0,0
524071843,0,0,0,0
524071844,0,0,0,0
524071851,148,73,75,55
524071852,0,0,0,0
524071853,0,0,0,0
524071854,0,0,0,0
524071861,0,0,0,0
524071862,0,0,0,0
524071863,0,0,0,0
524071864,0,0,0,0
524071871,24,11,13,7
524071872,0,0,0,0
524071873,176,87,89,49
524071874,0,0,0,0
524071881,0,0,0,0
524071882,0,0,0,0
524071883,0,0,0,0
524071884,0,0,0,0
524071891,0,0,0,0
524071892,0,0,0,0
524071893,0,0,0,0
524071894,0,0,0,0
524071901,0,0,0,0
524071902,0,0,0,0
524071903,0,0,0,0
524071904,0,0,0,0
524071911,84,44,40,24
524071912,50,25,25,13
524071913,0,0,0,0
524071914,56,30,26,18
524071921,0,0,0,0
524071922,0,0,0,0
524071923,0,0,0,0
524071924,0,0,0,0
524071931,29,14,15,10
524071932,121,51,70,33
524071933,0,0,0,0
524071934,64,29,35,21
524071941,0,0,0,0
524071942,0,0,0,0
524071943,0,0,0,0
524071944,0,0,0,0
524071951,0,0,0,0
524071952,0,0,0,0
524071953,0,0,0,0
524071954,0,0,0,0
524071961,0,0,0,0
524071962,105,52,53,40
524071963,0,0,0,0
524071964,94,45,49,25
524071971,0,0,0,0
524071972,0,0,0,0
524071973,24,12,12,7
524071974,0,0,0,0
524071981,0,0,0,0
524071982,0,0,0,0
524071983,46,22,24,13
524071984,0,0,0,0
524071991,48,23,25,12
524071992,42,19,23,11
524071993,0,0,0,0
524071994,45,20,25,11
524072001,276,126,150,73
524072002,0,0,0,0
524072003,0,0,0,0
524072004,0,0,0,0
524072011,0,0,0,0
524072012,0,0,0,0
524072013,0,0,0,0
524072014,0,0,0,0
524072021,0,0,0,0
524072022,0,0,0,0
524072023,0,0,0,0
524072024,0,0,0,0
524072031,0,0,0,0
524072032,134,66,68,33
524072033,0,0,0,0
524072034,0,0,0,0
524072041,0,0,0,0
524072042,0,0,0,0
524072043,73,34,39,21
524072044,54,27,27,14
524072051,0,0,0,0
524072052,0,0,0,0
524072053,0,0,0,0
524072054,0,0,0,0
524072061,0,0,0,0
524072062,0,0,0,0
524072063,122,62,60,43
524072064,0,0,0,0
524072071,128,63,65,38
524072072,87,44,43,26
524072073,72,35,37,19
524072074,0,0,0,0
524072081,0,0,0,0
524072082,0,0,0,0
524072083,0,0,0,0
524072084,0,0,0,0
524072091,68,32,36,25
524072092,27,15,12,8
524072093,0,0,0,0
524072094,25,13,12,7
524072101,0,0,0,0
524072102,0,0,0,0
524072103,121,61,60,37
524072104,146,79,67,42
524072111,0,0,0,0
524072112,0,0,0,0
524072113,0,0,0,0
524072114,0,0,0,0
524072121,0,0,0,0
524072122,0,0,0,0
524072123,0,0,0,0
524072124,0,0,0,0
524072131,0,0,0,0
524072132,73,34,39,21
524072133,69,32,37,20
524072134,0,0,0,0
524072141,0,0,0,0
524072142,93,45,48,26
524072143,0,0,0,0
524072144,48,23,25,13
524072151,0,0,0,0
524072152,73,35,38,23
524072153,74,34,40,23
524072154,0,0,0,0
524072161,107,51,56,28
524072162,0,0,0,0
524072163,0,0,0,0
524072164,0,0,0,0
524072171,187,89,98,53
524072172,0,0,0,0
524072173,267,139,128,89
524072174,199,95,104,74
524072181,0,0,0,0
524072182,0,0,0,0
524072183,0,0,0,0
524072184,0,0,0,0
524072191,0,0,0,0
524072192,0,0,0,0
524072193,0,0,0,0
524072194,68,32,36,18
524072201,110,57,53,33
524072202,198,105,93,63
524072203,0,0,0,0
524072204,0,0,0,0
524072211,0,0,0,0
524072212,0,0,0,0
524072213,0,0,0,0
524072214,0,0,0,0
524072221,0,0,0,0
524072222,0,0,0,0
524072223,0,0,0,0
524072224,186,93,93,51
524072231,65,30,35,21
524072232,0,0,0,0
524072233,0,0,0,0
524072234,0,0,0,0
524072241,0,0,0,0
524072242,0,0,0,0
524072243,0,0,0,0
524072244,0,0,0,0
524072251,0,0,0,0
524072252,0,0,0,0
524072253,0,0,0,0
524072254,0,0,0,0
524072261,0,0,0,0
524072262,79,41,38,22
524072263,0,0,0,0
524072264,0,0,0,0
524072271,0,0,0,0
524072272,0,0,0,0
524072273,0,0,0,0
524072274,155,76,79,48
524072281,76,39,37,24
524072282,41,21,20,11
524072283,0,0,0,0
524072284,0,0,0,0
524072291,0,0,0,0
524072292,0,0,0,0
524072293,0,0,0,0
524072294,0,0,0,0
524072301,0,0,0,0
524072302,0,0,0,0
524072303,9,4,5,2
524072304,89,38,51,23
524072311,0,0,0,0
524072312,0,0,0,0
524072313,0,0,0,0
524072314,190,94,96,55
524072321,66,32,34,20
524072322,0,0,0,0
524072323,0,0,0,0
524072324,228,121,107,79
524072331,104,53,51,28
524072332,0,0,0,0
524072333,88,37,51,27
524072334,80,42,38,24
524072341,88,50,38,28
524072342,0,0,0,0
524072343,152,76,76,58
524072344,553,278,275,175
524072351,41,22,19,13
524072352,0,0,0,0
524072353,391,173,218,116
524072354,229,119,110,78
524072361,252,122,130,73
524072362,0,0,0,0
524072363,0,0,0,0
524072364,157,77,80,46
524072371,0,0,0,0
524072372,0,0,0,0
524072373,52,30,22,16
524072374,0,0,0,0
524072381,0,0,0,0
524072382,0,0,0,0
524072383,0,0,0,0
524072384,0,0,0,0
524072391,44,22,22,14
524072392,0,0,0,0
524072393,0,0,0,0
524072394,0,0,0,0
524072401,238,104,134,76
524072402,0,0,0,0
524072403,184,86,98,57
524072404,156,79,77,47
524072411,0,0,0,0
524072412,0,0,0,0
524072413,138,63,75,44
524072414,0,0,0,0
524072421,185,86,99,63
524072422,0,0,0,0
524072423,0,0,0,0
524072424,0,0,0,0
524072431,0,0,0,0
524072432,81,41,40,24
524072433,0,0,0,0
524072434,0,0,0,0
524072441,145,77,68,43
524072442,390,189,201,127
524072443,179,88,91,54
524072444,0,0,0,0
524072451,0,0,0,0
524072452,0,0,0,0
524072453,150,73,77,52
524072454,0,0,0,0
524072461,0,0,0,0
524072462,0,0,0,0
524072463,98,46,52,24
524072464,0,0,0,0
524072471,0,0,0,0
524072472,0,0,0,0
524072473,58,30,28,19
524072474,0,0,0,0
524072481,64,31,33,19
524072482,66,32,34,19
524072483,62,31,31,19
524072484,66,32,34,19
524072491,46,22,24,14
524072492,0,0,0,0
524072493,60,29,31,18
524072494,0,0,0,0
524072501,0,0,0,0
524072502,0,0,0,0
524072503,0,0,0,0
524072504,117,56,61,35
524072511,144,65,79,44
524072512,0,0,0,0
524072513,0,0,0,0
524072514,0,0,0,0
524072521,206,106,100,59
524072522,0,0,0,0
524072523,0,0,0,0
524072524,78,34,44,24
524072531,78,33,45,23
524072532,100,46,54,20
524072533,0,0,0,0
524072534,0,0,0,0
524072541,0,0,0,0
524072542,172,89,83,46
524072543,0,0,0,0
524072544,147,73,74,38
524072551,118,57,61,38
524072552,0,0,0,0
524072553,0,0,0,0
524072554,153,82,71,51
524072561,52,32,20,1
524072562,0,0,0,0
524072563,0,0,0,0
524072564,0,0,0,0
524072571,63,31,32,19
524072572,0,0,0,0
524072573,0,0,0,0
524072574,100,51,49,35
524072581,0,0,0,0
524072582,0,0,0,0
524072583,0,0,0,0
524072584,0,0,0,0
524072591,0,0,0,0
524072592,0,0,0,0
524072593,0,0,0,0
524072594,183,86,97,49
524072601,0,0,0,0
524072602,150,75,75,46
524072603,278,134,144,76
524072604,0,0,0,0
524072611,0,0,0,0
524072612,0,0,0,0
524072613,0,0,0,0
524072614,0,0,0,0
524072621,0,0,0,0
524072622,0,0,0,0
524072623,0,0,0,0
524072624,0,0,0,0
524072631,102,48,54,27
524072632,97,44,53,26
524072633,66,32,34,18
524072634,0,0,0,0
524072641,0,0,0,0
524072642,51,25,26,16
524072643,0,0,0,0
524072644,53,25,28,16
524072651,54,25,29,16
524072652,0,0,0,0
524072653,0,0,0,0
524072654,169,85,84,49
524072661,129,71,58,41
524072662,0,0,0,0
524072663,0,0,0,0
524072664,211,107,104,52
524072671,0,0,0,0
524072672,64,28,36,23
524072673,0,0,0,0
524072674,207,102,105,81
524072681,105,56,49,47
524072682,182,90,92,52
524072683,96,46,50,37
524072684,0,0,0,0
524072691,166,88,78,44
524072692,192,100,92,61
524072693,168,78,90,51
524072694,213,100,113,62
524072701,0,0,0,0
524072702,0,0,0,0
524072703,0,0,0,0
524072704,0,0,0,0
524072711,0,0,0,0
524072712,0,0,0,0
524072713,0,0,0,0
524072714,0,0,0,0
524072721,67,31,36,18
524072722,0,0,0,0
524072723,0,0,0,0
524072724,0,0,0,0
524072731,0,0,0,0
524072732,122,60,62,35
524072733,0,0,0,0
524072734,0,0,0,0
524072741,0,0,0,0
524072742,50,23,27,15
524072743,177,80,97,45
524072744,169,75,94,32
524072751,0,0,0,0
524072752,0,0,0,0
524072753,0,0,0,0
524072754,146,76,70,40
524072761,198,98,100,54
524072762,107,49,58,28
524072763,0,0,0,0
524072764,0,0,0,0
524072771,0,0,0,0
524072772,164,64,100,1
524072773,114,51,63,30
524072774,0,0,0,0
524072781,67,32,35,26
524072782,0,0,0,0
524072783,0,0,0,0
524072784,199,94,105,58
524072791,149,74,75,50
524072792,0,0,0,0
524072793,0,0,0,0
524072794,0,0,0,0
524072801,0,0,0,0
524072802,0,0,0,0
524072803,0,0,0,0
524072804,0,0,0,0
524072811,0,0,0,0
524072812,0,0,0,0
524072813,0,0,0,0
524072814,0,0,0,0
524072821,0,0,0,0
524072822,0,0,0,0
524072823,0,0,0,0
524072824,0,0,0,0
524072831,0,0,0,0
524072832,0,0,0,0
524072833,0,0,0,0
524072834,0,0,0,0
524072841,0,0,0,0
524072842,0,0,0,0
524072843,0,0,0,0
524072844,0,0,0,0
524072851,140,68,72,42
524072852,0,0,0,0
524072853,130,59,71,42
524072854,70,33,37,18
524072861,0,0,0,0
524072862,0,0,0,0
524072863,64,33,31,20
524072864,40,23,17,12
524072871,0,0,0,0
524072872,48,27,21,16
524072873,92,43,49,21
524072874,0,0,0,0
524072881,0,0,0,0
524072882,108,53,55,28
524072883,102,51,51,30
524072884,0,0,0,0
524072891,35,16,19,15
524072892,509,255,254,162
524072893,226,109,117,73
524072894,475,228,247,172
524072901,0,0,0,0
524072902,0,0,0,0
524072903,0,0,0,0
524072904,0,0,0,0
524072911,96,42,54,24
524072912,0,0,0,0
524072913,0,0,0,0
524072914,8,4,4,3
524072921,0,0,0,0
524072922,0,0,0,0
524072923,131,61,70,33
524072924,0,0,0,0
524072931,0,0,0,0
524072932,0,0,0,0
524072933,0,0,0,0
524072934,0,0,0,0
524072941,160,80,80,36
524072942,0,0,0,0
524072943,0,0,0,0
524072944,95,47,48,25
524072951,104,50,54,29
524072952,0,0,0,0
524072953,0,0,0,0
524072954,17,8,9,6
524072961,0,0,0,0
524072962,83,41,42,20
524072963,47,25,22,13
524072964,0,0,0,0
524072971,82,34,48,25
524072972,42,21,21,13
524072973,36,14,22,11
524072974,44,22,22,13
524072981,0,0,0,0
524072982,91,45,46,26
524072983,48,23,25,13
524072984,0,0,0,0
524072991,0,0,0,0
524072992,100,46,54,30
524072993,0,0,0,0
524072994,53,25,28,24
524073001,138,64,74,49
524073002,197,92,105,78
524073003,0,0,0,0
524073004,168,80,88,63
524073011,908,438,470,331
524073012,1030,506,524,350
524073013,254,123,131,98
524073014,611,305,306,209
524073021,890,405,485,281
524073023,25,12,13,5
524073101,262,133,129,90
524073102,444,218,226,144
524073103,245,129,116,79
524073104,150,70,80,54
524073111,142,67,75,46
524073112,155,81,74,49
524073113,300,153,147,101
524073114,242,111,131,87
524073121,0,0,0,0
524073201,146,66,80,44
524073202,92,46,46,27
524073203,39,19,20,13
524073204,0,0,0,0
524073211,247,119,128,81
524073212,334,171,163,91
524073213,54,25,29,19
524073214,0,0,0,0
524073223,0,0,0,0
524073301,0,0,0,0
524073302,0,0,0,0
524073303,92,42,50,24
524073304,121,61,60,31
524073311,0,0,0,0
524073312,405,190,215,130
524073313,277,138,139,93
524073314,151,77,74,64
524073321,0,0,0,0
524073323,0,0,0,0
524073501,0,0,0,0
524073502,296,142,154,110
524073503,216,113,103,71
524073504,482,224,258,187
524073511,783,394,389,262
524073512,316,156,160,104
524073513,391,173,218,134
524073514,122,60,62,49
524073521,0,0,0,0
524073522,0,0,0,0
524073523,0,0,0,0
524073524,0,0,0,0
524073601,178,87,91,63
524073602,0,0,0,0
524073603,32,16,16,14
524073604,284,133,151,92
524073611,0,0,0,0
524073612,0,0,0,0
524073613,0,0,0,0
524073614,0,0,0,0
524073621,0,0,0,0
524073622,0,0,0,0
524073623,130,67,63,52
524073624,195,92,103,61
524073631,0,0,0,0
524073633,0,0,0,0
524073701,214,101,113,81
524073702,0,0,0,0
524073703,0,0,0,0
524073704,338,169,169,113
524073711,255,123,132,74
524073712,0,0,0,0
524073713,65,30,35,24
524073714,245,119,126,93
524073721,214,108,106,72
524073722,0,0,0,0
524073723,264,128,136,74
524073724,0,0,0,0
524073731,0,0,0,0
524073733,0,0,0,0
524073801,532,252,280,176
524073802,376,169,207,141
524073803,276,129,147,85
524073804,0,0,0,0
524073811,103,48,55,27
524073812,0,0,0,0
524073813,94,42,52,27
524073814,149,64,85,38
524073821,0,0,0,0
524073822,0,0,0,0
524073823,339,169,170,93
524073824,0,0,0,0
524073901,0,0,0,0
524073902,0,0,0,0
524073903,0,0,0,0
524073904,80,39,41,22
524073911,0,0,0,0
524073912,223,109,114,66
524073913,0,0,0,0
524073914,137,67,70,40
524073921,0,0,0,0
524073922,0,0,0,0
524073923,0,0,0,0
533907921,0,0,0,0
533907922,283,138,145,79
533907923,0,0,0,0
533907924,0,0,0,0
533907931,0,0,0,0
533907932,173,88,85,44
533907933,194,93,101,60
533907934,436,211,225,142
533907941,1062,585,477,323
533907942,2132,1151,981,917
533907943,1200,636,564,394
533907944,1012,511,501,433
533907951,1544,742,802,546
533907952,937,445,492,353
533907953,820,404,416,296
533907954,235,107,128,100
533907961,0,0,0,0
533907962,46,22,24,10
533907963,204,107,97,58
533907964,34,17,17,11
533907971,141,70,71,34
533907972,0,0,0,0
533907973,0,0,0,0
533907974,228,103,125,59
533907981,35,20,15,10
533907982,81,39,42,19
533907983,0,0,0,0
533907984,0,0,0,0
533907991,0,0,0,0
533907992,0,0,0,0
533907993,0,0,0,0
533907994,0,0,0,0
533906061,0,0,0,0
533906062,0,0,0,0
533906063,0,0,0,0
533906064,0,0,0,0
533906071,0,0,0,0
533906072,104,51,53,32
533906073,0,0,0,0
533906074,0,0,0,0
533906081,686,342,344,220
533906082,855,423,432,315
533906083,476,230,246,121
533906084,743,377,366,235
533906091,768,382,386,257
533906092,1577,850,727,564
533906093,900,462,438,311
533906094,1871,1152,719,902
533906152,0,0,0,0
533906154,0,0,0,0
533906161,0,0,0,0
533906162,0,0,0,0
533906163,0,0,0,0
533906164,0,0,0,0
533906171,0,0,0,0
533906172,0,0,0,0
533906173,0,0,0,0
533906174,0,0,0,0
533906181,48,42,6,40
533906182,282,146,136,110
533906183,0,0,0,0
533906184,0,0,0,0
533906191,389,220,169,144
533906192,109,71,38,62
533906193,0,0,0,0
533906194,0,0,0,0
533906261,0,0,0,0
533906262,0,0,0,0
533906264,0,0,0,0
533906271,0,0,0,0
533906272,0,0,0,0
533906273,0,0,0,0
533906281,0,0,0,0
533906282,0,0,0,0
533906283,0,0,0,0
533906284,0,0,0,0
533906291,0,0,0,0
533906292,0,0,0,0
533906293,0,0,0,0
533906294,0,0,0,0
533906362,0,0,0,0
533906371,0,0,0,0
533906372,0,0,0,0
533906373,0,0,0,0
533906374,0,0,0,0
533906381,0,0,0,0
533906382,0,0,0,0
533906383,0,0,0,0
533906384,0,0,0,0
533906391,0,0,0,0
533906392,0,0,0,0
533906393,0,0,0,0
533906394,0,0,0,0
533906471,0,0,0,0
533906472,0,0,0,0
533906473,0,0,0,0
533906474,0,0,0,0
533906481,0,0,0,0
533906482,0,0,0,0
533906483,0,0,0,0
533906491,0,0,0,0
533906572,0,0,0,0
533907001,1970,991,979,740
533907002,1424,707,717,533
533907003,1180,676,504,547
533907004,960,478,482,353
533907011,897,443,454,360
533907012,642,314,328,226
533907013,623,310,313,239
533907014,1447,695,752,474
533907021,1452,689,763,523
533907022,515,260,255,198
533907023,1466,711,755,506
533907024,893,442,451,280
533907031,890,441,449,334
533907032,458,219,239,146
533907033,0,0,0,0
533907034,0,0,0,0
533907041,11,5,6,4
533907042,0,0,0,0
533907043,113,53,60,44
533907044,356,174,182,123
533907051,0,0,0,0
533907052,391,188,203,125
533907053,443,215,228,165
533907054,225,105,120,70
533907061,1387,681,706,445
533907062,54,28,26,17
533907063,1050,506,544,321
533907064,8,3,5,2
533907071,0,0,0,0
533907072,0,0,0,0
533907073,0,0,0,0
533907074,0,0,0,0
533907081,0,0,0,0
533907082,0,0,0,0
533907083,36,17,19,9
533907084,39,18,21,9
533907091,0,0,0,0
533907092,84,42,42,21
533907093,0,0,0,0
533907094,161,85,76,38
533907101,54,46,8,42
533907102,0,0,0,0
533907103,0,0,0,0
533907104,0,0,0,0
533907111,518,277,241,178
533907112,1372,675,697,442
533907113,0,0,0,0
533907114,373,185,188,112
533907121,1021,537,484,371
533907122,1056,520,536,354
533907123,1117,562,555,437
533907124,1621,934,687,702
533907131,528,267,261,178
533907132,100,51,49,29
533907133,835,406,429,272
533907134,0,0,0,0
533907141,1076,509,567,394
533907142,1576,731,845,566
533907143,268,151,117,99
533907144,0,0,0,0
533907151,748,350,398,273
533907152,666,317,349,236
533907153,107,52,55,24
533907154,110,51,59,42
533907161,1250,598,652,458
533907162,71,37,34,17
533907163,314,142,172,100
533907164,0,0,0,0
533907171,0,0,0,0
533907172,0,0,0,0
533907173,152,81,71,46
533907174,0,0,0,0
533907181,60,31,29,18
533907182,159,78,81,35
533907183,95,48,47,27
533907184,149,0,149,2
533907191,0,0,0,0
533907192,50,26,24,14
533907193,456,456,0,6
533907194,0,0,0,0
533907201,0,0,0,0
533907202,0,0,0,0
533907203,0,0,0,0
533907204,0,0,0,0
533907211,0,0,0,0
533907212,32,14,18,9
533907213,0,0,0,0
533907214,0,0,0,0
533907221,344,172,172,108
533907222,204,96,108,68
533907223,0,0,0,0
533907224,259,132,127,83
533907231,17,10,7,7
533907232,89,48,41,21
533907233,96,48,48,29
533907234,178,86,92,57
533907241,47,24,23,17
533907242,0,0,0,0
533907243,35,21,14,15
533907244,1070,537,533,374
533907251,0,0,0,0
533907252,0,0,0,0
533907253,345,167,178,118
533907254,76,39,37,24
533907261,79,37,42,24
533907262,0,0,0,0
533907263,0,0,0,0
533907264,261,127,134,85
533907271,0,0,0,0
533907272,62,32,30,17
533907273,215,111,104,63
533907274,0,0,0,0
533907281,61,30,31,16
533907282,0,0,0,0
533907283,64,32,32,16
533907284,40,19,21,10
533907291,42,20,22,10
533907292,0,0,0,0
533907293,0,0,0,0
533907294,36,19,17,10
533907301,0,0,0,0
533907302,0,0,0,0
533907303,0,0,0,0
533907311,0,0,0,0
533907312,0,0,0,0
533907313,0,0,0,0
533907314,0,0,0,0
533907321,0,0,0,0
533907322,9,5,4,2
533907323,0,0,0,0
533907324,0,0,0,0
533907331,594,297,297,191
533907332,449,190,259,176
533907333,1094,555,539,374
533907334,634,319,315,251
533907341,255,128,127,101
533907342,1858,1000,858,655
533907343,602,286,316,209
533907344,351,167,184,125
533907351,16,6,10,4
533907352,5,3,2,2
533907353,0,0,0,0
533907354,192,95,97,94
533907361,0,0,0,0
533907362,152,76,76,44
533907363,362,186,176,106
533907364,77,37,40,22
533907371,0,0,0,0
533907372,0,0,0,0
533907373,0,0,0,0
533907374,0,0,0,0
533907381,0,0,0,0
533907382,0,0,0,0
533907383,0,0,0,0
533907384,0,0,0,0
533907391,39,20,19,10
533907392,0,0,0,0
533907393,40,21,19,10
533907394,0,0,0,0
533907411,0,0,0,0
533907412,0,0,0,0
533907413,0,0,0,0
533907414,0,0,0,0
533907421,22,22,0,22
533907422,0,0,0,0
533907423,0,0,0,0
533907424,1,1,0,1
533907431,324,173,151,151
533907432,1122,596,526,478
533907433,23,22,1,20
533907434,1122,565,557,491
533907441,779,399,380,325
533907442,409,207,202,140
533907443,1541,770,771,636
533907444,486,246,240,200
533907451,0,0,0,0
533907452,392,194,198,120
533907453,725,371,354,247
533907454,773,406,367,308
533907461,342,176,166,121
533907462,414,208,206,165
533907463,1543,798,745,625
533907464,729,382,347,296
533907471,0,0,0,0
533907472,41,20,21,10
533907473,105,55,50,31
533907474,128,65,63,39
533907481,0,0,0,0
533907482,32,16,16,9
533907483,0,0,0,0
533907484,28,14,14,8
533907491,0,0,0,0
533907492,0,0,0,0
533907493,54,27,27,16
533907494,0,0,0,0
533907512,0,0,0,0
533907521,0,0,0,0
533907522,0,0,0,0
533907524,0,0,0,0
533907531,206,100,106,93
533907532,1641,753,888,620
533907533,100,55,45,39
533907534,1288,595,693,514
533907541,1270,604,666,517
533907542,779,385,394,341
533907543,685,331,354,300
533907544,1249,636,613,592
533907551,1091,565,526,443
533907552,978,478,500,352
533907553,832,442,390,355
533907554,1839,941,898,702
533907561,1566,772,794,604
533907562,907,468,439,319
533907563,1981,1040,941,765
533907564,1742,892,850,659
533907571,46,21,25,14
533907572,135,51,84,36
533907573,238,110,128,80
533907574,35,17,18,9
533907581,0,0,0,0
533907582,62,30,32,16
533907583,0,0,0,0
533907584,155,75,80,36
533907591,0,0,0,0
533907592,120,58,62,27
533907593,60,29,31,16
533907594,0,0,0,0
533907623,0,0,0,0
533907624,0,0,0,0
533907631,76,41,35,28
533907632,1280,611,669,529
533907633,624,469,155,110
533907634,1297,634,663,482
533907641,1335,667,668,632
533907642,1228,618,610,540
533907643,163,79,84,53
533907644,530,252,278,206
533907651,1123,547,576,440
533907652,1217,598,619,467
533907653,935,468,467,342
533907654,1208,590,618,468
533907661,1242,721,521,374
533907662,1708,837,871,595
533907663,2025,971,1054,758
533907664,1550,751,799,554
533907671,677,340,337,251
533907672,60,28,32,16
533907673,1271,598,673,483
533907674,0,0,0,0
533907681,379,183,196,152
533907682,564,273,291,229
533907683,0,0,0,0
533907684,279,135,144,93
533907691,122,53,69,34
533907692,0,0,0,0
533907693,135,66,69,48
533907694,0,0,0,0
533907721,0,0,0,0
533907722,0,0,0,0
533907723,0,0,0,0
533907724,0,0,0,0
533907731,54,27,27,20
533907732,979,495,484,374
533907733,287,143,144,100
533907734,733,388,345,251
533907741,121,60,61,32
533907742,402,176,226,107
533907743,63,27,36,19
533907744,744,292,452,171
533907751,256,132,124,94
533907752,38,20,18,14
533907753,384,203,181,152
533907754,447,234,213,140
533907761,1006,500,506,354
533907762,75,34,41,27
533907763,74,41,33,25
533907764,107,52,55,28
533907771,0,0,0,0
533907772,163,69,94,31
533907773,351,178,173,87
533907774,203,104,99,53
533907781,0,0,0,0
533907782,234,117,117,52
533907783,129,70,59,33
533907784,0,0,0,0
533907791,0,0,0,0
533907792,0,0,0,0
533907793,117,56,61,26
533907794,0,0,0,0
533907814,0,0,0,0
533907821,0,0,0,0
533907822,0,0,0,0
533907823,0,0,0,0
533907824,106,53,53,28
533907831,743,373,370,250
533907832,557,301,256,203
533907833,170,84,86,58
533907834,741,381,360,242
533907841,78,43,35,32
533907842,123,62,61,37
533907843,732,370,362,262
533907844,262,136,126,98
533907851,279,145,134,109
533907852,37,20,17,11
533907853,458,236,222,162
533907854,1017,483,534,305
533907861,0,0,0,0
533907862,257,129,128,64
533907863,0,0,0,0
533907864,170,83,87,44
533907871,0,0,0,0
533907872,0,0,0,0
533907873,117,64,53,34
533907874,417,188,229,94
533907881,0,0,0,0
533907882,0,0,0,0
533907883,190,91,99,44
533907884,0,0,0,0
533907891,0,0,0,0
533907892,81,42,39,18
533907893,75,38,37,17
533907894,0,0,0,0
533907912,0,0,0,0
533907914,0,0,0,0
533916594,0,0,0,0
533917012,0,0,0,0
533917014,0,0,0,0
533917021,0,0,0,0
533917022,162,78,84,43
533917023,184,86,98,48
533917024,227,115,112,53
533917031,0,0,0,0
533917032,178,96,82,59
533917033,0,0,0,0
533917034,0,0,0,0
533917041,683,347,336,255
533917042,214,109,105,79
533917043,0,0,0,0
533917044,140,71,69,53
533917051,177,93,84,70
533917052,0,0,0,0
533917053,74,40,34,19
533917054,261,135,126,72
533917061,636,320,316,232
533917062,309,153,156,100
533917063,528,271,257,186
533917064,1347,651,696,466
533917071,0,0,0,0
533917072,0,0,0,0
533917073,608,305,303,224
533917074,238,114,124,73
533917081,283,132,151,71
533917082,389,203,186,100
533917083,201,99,102,57
533917084,83,38,45,42
533917091,112,62,50,35
533917092,357,185,172,86
533917093,180,85,95,46
533917094,0,0,0,0
533917121,0,0,0,0
533917122,0,0,0,0
533917123,232,113,119,59
533917124,599,289,310,148
533917131,0,0,0,0
533917132,0,0,0,0
533917133,37,16,21,10
533917134,451,214,237,126
533917141,0,0,0,0
533917142,0,0,0,0
533917143,526,255,271,148
533917144,0,0,0,0
533917151,0,0,0,0
533917152,184,92,92,56
533917153,471,221,250,118
533917154,0,0,0,0
533917161,547,279,268,170
533917162,1319,673,646,461
533917163,156,79,77,66
533917164,786,383,403,263
533917171,1091,601,490,455
533917172,129,63,66,35
533917173,1314,668,646,476
533917174,768,365,403,256
533917181,0,0,0,0
533917182,0,0,0,0
533917183,88,52,36,26
533917184,43,22,21,12
533917191,0,0,0,0
533917192,0,0,0,0
533917193,104,48,56,30
533917194,97,52,45,26
533917222,0,0,0,0
533917231,218,101,117,62
533917232,33,10,23,1
533917233,0,0,0,0
533917234,172,84,88,50
533917241,674,312,362,174
533917242,128,61,67,40
533917243,267,133,134,69
533917244,0,0,0,0
533917251,228,105,123,61
533917252,0,0,0,0
533917253,0,0,0,0
533917254,0,0,0,0
533917261,0,0,0,0
533917262,242,118,124,78
533917263,279,138,141,77
533917264,567,273,294,168
533917271,805,378,427,264
533917272,670,330,340,242
533917273,95,53,42,23
533917274,1021,508,513,372
533917281,114,60,54,36
533917282,123,66,57,42
533917283,540,261,279,185
533917284,306,204,102,163
533917291,184,78,106,39
533917292,60,37,23,26
533917293,640,325,315,222
533917294,1317,637,680,420
533917342,0,0,0,0
533917351,281,140,141,78
533917352,0,0,0,0
533917354,0,0,0,0
533917361,0,0,0,0
533917362,0,0,0,0
533917363,0,0,0,0
533917364,0,0,0,0
533917371,0,0,0,0
533917372,0,0,0,0
533917373,0,0,0,0
533917374,0,0,0,0
533917381,366,188,178,122
533917382,754,378,376,270
533917383,0,0,0,0
533917384,0,0,0,0
533917391,2531,1217,1314,860
533917392,1437,711,726,502
533917393,535,276,259,224
533917394,626,321,305,234
533917461,0,0,0,0
533917462,0,0,0,0
533917463,0,0,0,0
533917464,0,0,0,0
533917471,0,0,0,0
533917472,0,0,0,0
533917473,0,0,0,0
533917474,0,0,0,0
533917481,0,0,0,0
533917482,0,0,0,0
533917483,0,0,0,0
533917484,0,0,0,0
533917491,34,16,18,11
533917492,317,164,153,136
533917493,0,0,0,0
533917494,0,0,0,0
533917501,0,0,0,0
533917503,0,0,0,0
533917562,0,0,0,0
533917571,0,0,0,0
533917572,0,0,0,0
533917573,0,0,0,0
533917574,0,0,0,0
533917581,0,0,0,0
533917582,0,0,0,0
533917583,0,0,0,0
533917584,0,0,0,0
533917591,0,0,0,0
533917592,0,0,0,0
533917593,0,0,0,0
533917594,0,0,0,0
533917671,0,0,0,0
533917672,0,0,0,0
533917674,0,0,0,0
533917681,0,0,0,0
533917682,0,0,0,0
533917683,0,0,0,0
533917684,0,0,0,0
533917691,0,0,0,0
533917692,0,0,0,0
533917693,0,0,0,0
533917694,0,0,0,0
533917792,0,0,0,0
533936494,0,0,0,0
533936592,11,6,5,5
533936594,0,0,0,0
533936692,0,0,0,0
533936694,0,0,0,0
533937314,0,0,0,0
533937403,0,0,0,0
533937404,0,0,0,0
533937412,0,0,0,0
533937413,0,0,0,0
533937414,0,0,0,0
533937421,0,0,0,0
533937423,0,0,0,0
533937424,0,0,0,0
533937501,0,0,0,0
533937502,2,2,0,2
533937503,0,0,0,0
533937504,0,0,0,0
533937511,0,0,0,0
533937512,0,0,0,0
533937513,0,0,0,0
533937514,11,10,1,10
533937521,0,0,0,0
533937522,0,0,0,0
533937523,4,4,0,4
533937524,1,1,0,1
533937531,2,1,1,1
533937533,1,1,0,1
533937534,147,36,111,4
533937543,0,0,0,0
533937601,0,0,0,0
533937602,332,150,182,97
533937603,94,45,49,29
533937604,2193,1060,1133,700
533937611,1466,696,770,454
533937612,713,349,364,245
533937613,1900,948,952,683
533937614,2174,1049,1125,729
533937621,6,4,2,4
533937622,1025,499,526,327
533937623,1281,610,671,466
533937624,2036,1018,1018,888
533937631,354,177,177,102
533937632,1176,605,571,430
533937633,1150,559,591,344
533937634,2629,1305,1324,1014
533937641,0,0,0,0
533937642,0,0,0,0
533937643,2,1,1,1
533937644,0,0,0,0
533937653,0,0,0,0
533937701,2163,1130,1033,855
533937702,1486,831,655,725
533937704,2739,1476,1263,1187
533937711,3297,1800,1497,1549
533937712,1644,825,819,635
533937713,4004,2240,1764,1953
533937714,2418,1276,1142,926
533937721,5736,2868,2868,2022
533937722,2842,1476,1366,1481
533937723,1509,702,807,481
533937724,4423,2158,2265,1485
533937731,1057,523,534,407
533937732,2162,1086,1076,708
533937733,2492,1226,1266,874
533937734,3555,1746,1809,1237
533937741,1318,633,685,376
533937742,0,0,0,0
533937743,862,583,279,498
533937744,0,0,0,0
533937751,0,0,0,0
533937802,585,321,264,245
533937804,1703,947,756,768
533937811,4090,2184,1906,1885
533937812,4028,2152,1876,1776
533937813,3422,1901,1521,1722
533937814,4012,2121,1891,1944
533937821,1495,817,678,678
533937822,4794,2340,2454,1637
533937823,3382,1861,1521,1592
533937824,2134,1139,995,931
533937831,5312,2536,2776,1789
533937832,1735,901,834,722
533937833,1102,517,585,362
533937834,0,0,0,0
533937841,0,0,0,0
533937884,0,0,0,0
533937893,0,0,0,0
533937894,0,0,0,0
533937902,4289,2304,1985,1821
533937904,2857,1546,1311,1368
533937911,4268,2210,2058,1958
533937912,3990,2072,1918,1719
533937913,3684,1971,1713,2083
533937914,5042,2696,2346,2802
533937921,4063,2135,1928,1779
533937922,3609,1828,1781,1336
533937923,4183,2347,1836,1957
533937924,2704,1374,1330,1087
533937931,824,426,398,417
533937932,0,0,0,0
533937933,1343,638,705,687
533937934,2,2,0,2
533937943,0,0,0,0
533937944,0,0,0,0
533937982,0,0,0,0
533937984,0,0,0,0
533937991,0,0,0,0
533937992,0,0,0,0
533937993,0,0,0,0
533937994,0,0,0,0
533947002,1534,812,722,627
533947004,2824,1474,1350,1089
533947011,5704,3061,2643,2868
533947012,5992,3184,2808,3109
533947013,4227,2295,1932,1883
533947014,5070,2922,2148,2649
533947021,5352,3042,2310,2874
533947022,2105,1207,898,1064
533947023,4394,2351,2043,2387
533947024,5109,2780,2329,2352
533947031,846,434,412,266
533947032,0,0,0,0
533947033,1454,789,665,637
533947034,158,82,76,63
533947041,0,0,0,0
533947042,0,0,0,0
533947043,0,0,0,0
533947044,0,0,0,0
533947051,16,15,1,15
533947052,0,0,0,0
533947053,0,0,0,0
533947054,0,0,0,0
533947063,0,0,0,0
533947064,0,0,0,0
533947072,0,0,0,0
533947073,20,19,1,19
533947074,0,0,0,0
533947081,0,0,0,0
533947082,0,0,0,0
533947083,0,0,0,0
533947084,0,0,0,0
533947091,0,0,0,0
533947092,0,0,0,0
533947093,0,0,0,0
533947094,0,0,0,0
533947102,2773,1368,1405,1050
533947104,3596,1797,1799,1524
533947111,2679,1530,1149,1239
533947112,4818,2805,2013,2553
533947113,1888,1012,876,836
533947114,3795,1938,1857,1520
533947121,6013,3447,2566,3373
533947122,7026,3833,3193,3542
533947123,3837,2041,1796,1666
533947124,6155,3198,2957,3208
533947131,6109,3311,2798,2872
533947132,6048,3112,2936,2398
533947133,3995,2039,1956,2118
533947134,5288,2975,2313,2703
533947141,2115,1096,1019,764
533947142,32,26,6,31
533947143,6480,3391,3089,2568
533947144,49,23,26,17
533947151,0,0,0,0
533947152,0,0,0,0
533947153,0,0,0,0
533947154,0,0,0,0
533947161,0,0,0,0
533947162,0,0,0,0
533947163,1,1,0,1
533947164,0,0,0,0
533947171,0,0,0,0
533947172,0,0,0,0
533947173,0,0,0,0
533947174,0,0,0,0
533947181,0,0,0,0
533947182,0,0,0,0
533947183,0,0,0,0
533947184,0,0,0,0
533947191,518,244,274,227
533947192,1723,843,880,674
533947193,503,258,245,212
533947194,2014,1006,1008,819
533947221,3710,1795,1915,1441
533947222,2377,1273,1104,1091
533947224,3870,1882,1988,1406
533947231,4115,2231,1884,2258
533947232,4766,2665,2101,2357
533947233,3810,2021,1789,1661
533947234,4676,2489,2187,2095
533947241,5351,2876,2475,2276
533947242,1816,948,868,673
533947243,4860,2608,2252,2213
533947244,1113,590,523,458
533947251,0,0,0,0
533947252,4,1,3,1
533947253,0,0,0,0
533947254,18,9,9,5
533947261,0,0,0,0
533947262,2,1,1,1
533947263,0,0,0,0
533947264,0,0,0,0
533947271,4,4,0,4
533947272,45,29,16,23
533947273,7,4,3,4
533947274,357,207,150,169
533947281,535,313,222,242
533947282,10,10,0,10
533947283,1917,1105,812,897
533947284,663,364,299,317
533947291,0,0,0,0
533947292,136,77,59,60
533947293,3436,1672,1764,1401
533947294,2056,1108,948,1067
533947331,1075,565,510,444
533947332,2669,1352,1317,1028
533947333,4034,1913,2121,1710
533947334,3075,1661,1414,1201
533947341,3558,1835,1723,1437
533947342,259,159,100,146
533947343,1210,616,594,432
533947344,905,490,415,381
533947351,41,20,21,14
533947352,108,35,73,13
533947353,2058,1162,896,961
533947354,225,132,93,92
533947361,43,32,11,27
533947362,1783,951,832,636
533947363,481,245,236,169
533947364,1210,722,488,575
533947371,0,0,0,0
533947372,230,128,102,81
533947373,421,256,165,197
533947374,1704,936,768,700
533947381,3768,1933,1835,1549
533947382,2101,1071,1030,893
533947383,4099,2171,1928,2094
533947384,2665,1303,1362,1174
533947391,3081,1526,1555,1364
533947392,2619,1283,1336,1019
533947393,4513,2271,2242,2171
533947394,2963,1531,1432,1267
533947431,2336,1186,1150,836
533947432,527,293,234,220
533947433,332,168,164,121
533947434,1262,628,634,468
533947441,513,325,188,282
533947442,3851,2177,1674,1923
533947443,247,133,114,100
533947444,2289,1232,1057,1001
533947451,3704,2036,1668,1844
533947452,3065,1733,1332,1514
533947453,3492,1848,1644,1614
533947454,5197,2711,2486,2084
533947461,2481,1314,1167,1033
533947462,1956,1097,859,917
533947463,2979,1669,1310,1522
533947464,2649,1392,1257,1343
533947471,3545,1939,1606,1684
533947472,3355,1687,1668,1326
533947473,2484,1293,1191,1090
533947474,2891,1386,1505,1222
533947481,3167,1610,1557,1524
533947482,1679,844,835,916
533947483,2522,1357,1165,1179
533947484,2875,1452,1423,1424
533947491,4493,2196,2297,2016
533947492,3506,1781,1725,1199
533947493,2027,1093,934,943
533947494,550,271,279,201
533947522,1450,763,687,565
533947524,1221,633,588,473
533947531,927,461,466,385
533947532,2422,1194,1228,971
533947533,2870,1510,1360,1186
533947534,3371,1813,1558,1532
533947541,1017,537,480,394
533947542,2863,1499,1364,1176
533947543,5097,2766,2331,2637
533947544,2686,1341,1345,1136
533947551,6285,3280,3005,2768
533947552,5853,3199,2654,2464
533947553,4755,2406,2349,2340
533947554,3556,1803,1753,1740
533947561,4097,2377,1720,2315
533947562,1866,1003,863,972
533947563,2469,1381,1088,1137
533947564,3153,1739,1414,1339
533947571,1883,980,903,796
533947572,2447,1223,1224,976
533947573,1688,891,797,673
533947574,3771,1999,1772,1454
533947581,1558,789,769,694
533947582,2438,1313,1125,1100
533947583,829,492,337,397
533947584,3585,1779,1806,1382
533947591,2735,1398,1337,1056
533947592,814,435,379,270
533947593,3707,1847,1860,1380
533947594,1939,987,952,661
533947614,1133,565,568,385
533947621,579,295,284,237
533947622,4223,2194,2029,1811
533947623,834,445,389,378
533947624,5242,2760,2482,2475
533947631,4291,2214,2077,1786
533947632,5506,2787,2719,2500
533947633,4677,2400,2277,2179
533947634,4353,2226,2127,2179
533947641,5669,2934,2735,3228
533947642,2716,1404,1312,1412
533947643,2713,1264,1449,1272
533947644,2373,1139,1234,991
533947651,3550,1739,1811,1531
533947652,2488,1224,1264,1070
533947653,3095,1510,1585,1270
533947654,2585,1371,1214,968
533947661,3122,1658,1464,1323
533947662,1977,1013,964,726
533947663,2919,1467,1452,1132
533947664,210,93,117,77
533947671,1497,904,593,702
533947672,3073,1648,1425,1527
533947673,1025,548,477,355
533947674,1655,863,792,567
533947681,1694,858,836,614
533947682,3465,1720,1745,1199
533947683,2119,1072,1047,832
533947684,2564,1298,1266,1007
533947691,3008,1491,1517,1171
533947692,1218,588,630,450
533947693,2576,1288,1288,915
533947694,873,405,468,347
533947712,583,297,286,259
533947714,497,251,246,219
533947721,5000,2589,2411,2580
533947722,4699,2357,2342,2446
533947723,4949,2562,2387,2501
533947724,3777,1855,1922,2064
533947731,3407,1688,1719,1608
533947732,2697,1278,1419,1218
533947733,2582,1268,1314,1185
533947734,2349,1139,1210,914
533947741,2952,1432,1520,1245
533947742,2884,1406,1478,1121
533947743,3452,1686,1766,1322
533947744,3447,1703,1744,1357
533947751,2880,1482,1398,1120
533947752,2240,1129,1111,781
533947753,2669,1314,1355,1009
533947754,1451,718,733,527
533947761,2627,1344,1283,901
533947762,898,443,455,348
533947763,1719,852,867,572
533947764,2598,1297,1301,940
533947771,1100,580,520,450
533947772,1794,1011,783,806
533947773,2044,1025,1019,834
533947774,1396,713,683,517
533947781,1755,894,861,569
533947782,1539,790,749,603
533947783,1335,653,682,446
533947784,1616,779,837,519
533947791,545,257,288,194
533947792,1074,542,532,385
533947793,652,330,322,241
533947794,81,40,41,26
533947812,1560,774,786,587
533947821,3228,1623,1605,1661
533947822,3546,1763,1783,1712
533947823,2149,1075,1074,1014
533947824,2365,1161,1204,1020
533947831,2260,1116,1144,983
533947832,2754,1404,1350,1221
533947833,2592,1269,1323,1009
533947834,2012,998,1014,688
533947841,2603,1343,1260,1087
533947842,2768,1353,1415,1084
533947843,2793,1433,1360,1056
533947844,1670,855,815,631
533947851,3059,1505,1554,1073
533947852,1323,646,677,443
533947853,2345,1177,1168,801
533947854,1148,567,581,397
533947861,280,134,146,91
533947862,1504,763,741,534
533947863,1667,822,845,506
533947864,1564,793,771,556
533947871,1300,640,660,462
533947872,1617,871,746,632
533947873,1289,681,608,447
533947874,1000,453,547,301
533947881,1474,745,729,525
533947882,2140,1038,1102,702
533947883,1132,605,527,422
533947884,1129,553,576,385
533947891,1721,856,865,574
533947892,378,194,184,136
533947893,1902,917,985,726
533947894,1211,608,603,434
533947912,980,443,537,325
533947913,924,464,460,330
533947914,210,112,98,78
533947921,229,131,98,48
533947922,1360,695,665,538
533947923,1826,886,940,672
533947924,1532,741,791,588
533947931,2052,1002,1050,738
533947932,2447,1212,1235,843
533947933,522,265,257,184
533947934,1003,495,508,343
533947941,2241,1153,1088,813
533947942,2532,1259,1273,879
533947943,3590,1829,1761,1237
533947944,1964,1000,964,694
533947951,2228,1157,1071,835
533947952,2397,1229,1168,836
533947953,1860,1005,855,736
533947954,1775,848,927,616
533947961,4458,2175,2283,1451
533947962,1107,560,547,362
533947963,2374,1197,1177,893
533947964,761,386,375,269
533947971,673,334,339,221
533947972,3,2,1,1
533947973,488,251,237,131
533947974,61,28,33,15
533947981,2513,1264,1249,820
533947982,1508,732,776,534
533947983,213,112,101,66
533947984,1873,923,950,623
533947991,2902,1489,1413,1174
533947992,1921,935,986,673
533947993,3485,1730,1755,1249
533947994,2324,1145,1179,802
533967643,1742,860,882,334
533967644,876,428,448,274
533967651,223,104,119,76
533967652,47,23,24,10
533967653,1266,593,673,344
533967654,231,123,108,80
533967661,61,33,28,23
533967662,957,525,432,380
533967663,316,159,157,114
533967664,923,465,458,350
533967671,2040,1024,1016,704
533967672,1446,725,721,473
533967673,4285,2075,2210,1384
533967674,3710,1785,1925,1136
533967681,1904,937,967,634
533967682,3697,1857,1840,1318
533967683,3008,1475,1533,987
533967684,1855,920,935,619
533967691,1863,921,942,763
533967692,1267,625,642,403
533967693,901,454,447,290
533967694,772,388,384,248
533967704,0,0,0,0
533967711,41,20,21,9
533967712,196,93,103,57
533967713,0,0,0,0
533967714,472,230,242,156
533967721,2878,1415,1463,935
533967722,2404,1190,1214,891
533967723,1090,564,526,376
533967724,1753,860,893,722
533967731,2541,1244,1297,905
533967732,2608,1303,1305,835
533967733,2595,1305,1290,1042
533967734,1497,742,755,513
533967741,501,252,249,170
533967742,473,249,224,146
533967743,1368,668,700,440
533967744,32,16,16,12
533957002,2192,1082,1110,772
533957004,312,155,157,102
533957011,0,0,0,0
533957012,1072,540,532,474
533957013,47,25,22,17
533957014,1568,805,763,733
533957021,1420,707,713,541
533957022,2496,1220,1276,893
533957023,2279,1128,1151,756
533957024,2103,996,1107,718
533957031,1581,774,807,541
533957032,712,354,358,235
533957033,221,115,106,87
533957034,236,123,113,77
533957041,2099,1046,1053,733
533957042,1259,642,617,413
533957043,1600,814,786,549
533957044,2087,1155,932,1053
533957051,1853,923,930,653
533957052,712,356,356,260
533957053,2093,958,1135,759
533957054,752,403,349,296
533957061,1584,814,770,582
533957062,709,349,360,223
533957063,1991,1009,982,740
533957064,1822,973,849,643
533957071,123,40,83,15
533957072,420,146,274,75
533957073,438,220,218,135
533957074,216,122,94,54
533957081,239,118,121,58
533957082,3975,1932,2043,1355
533957083,87,41,46,26
533957084,456,230,226,158
533957091,3149,1516,1633,987
533957092,2202,1097,1105,754
533957093,637,314,323,218
533957094,1043,529,514,374
533957102,0,0,0,0
533957103,717,343,374,286
533957104,15,8,7,5
533957111,114,61,53,37
533957112,2496,1246,1250,940
533957113,32,17,15,12
533957114,1753,888,865,737
533957121,2138,1063,1075,826
533957122,1596,805,791,560
533957123,2306,1161,1145,884
533957124,2193,1112,1081,756
533957131,1342,683,659,482
533957132,231,124,107,92
533957133,1127,574,553,401
533957134,289,147,142,97
533957141,2023,1030,993,700
533957142,483,233,250,156
533957143,1300,654,646,487
533957144,422,215,207,154
533957151,167,86,81,54
533957152,171,84,87,48
533957153,184,92,92,56
533957154,125,62,63,32
533957161,816,383,433,240
533957162,1040,513,527,371
533957163,333,156,177,93
533957164,56,28,28,19
533957171,125,62,63,36
533957172,0,0,0,0
533957173,17,10,7,3
533957174,0,0,0,0
533957181,26,25,1,25
533957182,218,111,107,62
533957183,125,62,63,41
533957184,13,7,6,5
533957191,1042,516,526,347
533957192,1614,786,828,630
533957193,2160,1094,1066,764
533957194,2619,1342,1277,1029
533957201,2155,1042,1113,959
533957202,753,394,359,297
533957203,3334,1597,1737,1370
533957204,569,290,279,195
533957211,262,131,131,95
533957212,1527,767,760,571
533957213,2552,1302,1250,886
533957214,1872,951,921,756
533957221,2607,1341,1266,989
533957222,2414,1201,1213,864
533957223,3167,1572,1595,1070
533957224,3102,1584,1518,1107
533957231,865,439,426,293
533957232,758,392,366,246
533957233,1790,885,905,613
533957234,289,118,171,64
533957241,1067,539,528,379
533957242,291,148,143,93
533957243,307,159,148,93
533957244,234,126,108,91
533957251,414,204,210,141
533957252,299,157,142,121
533957253,521,273,248,184
533957254,277,150,127,135
533957261,0,0,0,0
533957262,880,446,434,296
533957263,114,55,59,37
533957264,1669,792,877,655
533957271,259,128,131,73
533957272,142,72,70,47
533957273,674,331,343,300
533957274,153,76,77,42
533957281,0,0,0,0
533957282,1126,575,551,396
533957283,0,0,0,0
533957284,1888,964,924,651
533957291,3194,1588,1606,1146
533957292,1806,900,906,682
533957293,2974,1498,1476,1070
533957294,1440,719,721,506
533957302,1253,633,620,372
533957311,360,190,170,157
533957312,2751,1390,1361,1219
533957313,117,53,64,35
533957314,1664,823,841,825
533957321,2307,1213,1094,1037
533957322,2679,1422,1257,1154
533957323,3313,1654,1659,1448
533957324,2783,1385,1398,1163
533957331,2000,978,1022,720
533957332,298,132,166,72
533957333,4002,2067,1935,1592
533957334,601,319,282,213
533957341,1597,809,788,525
533957342,263,134,129,85
533957343,648,349,299,243
533957344,3154,1561,1593,1088
533957351,1414,718,696,473
533957352,192,115,77,100
533957353,2032,1024,1008,670
533957354,97,49,48,30
533957361,0,0,0,0
533957362,1623,800,823,598
533957363,2,2,0,2
533957364,53,30,23,24
533957371,1871,969,902,688
533957372,1278,651,627,471
533957373,725,376,349,244
533957374,2769,1442,1327,1105
533957381,671,356,315,233
533957382,724,374,350,262
533957383,256,122,134,96
533957384,901,455,446,304
533957391,1499,758,741,632
533957392,1216,618,598,449
533957393,729,355,374,229
533957394,383,179,204,132
533957411,250,128,122,87
533957412,2722,1446,1276,1537
533957413,420,236,184,212
533957414,3503,1814,1689,1743
533957421,1942,978,964,964
533957422,3267,1667,1600,1420
533957423,3945,1996,1949,1982
533957424,3190,1643,1547,1413
533957431,3211,1629,1582,1271
533957432,2249,1155,1094,956
533957433,3332,1701,1631,1560
533957434,2879,1440,1439,1246
533957441,3491,1747,1744,1519
533957442,3553,1804,1749,1387
533957443,2749,1349,1400,1233
533957444,2950,1477,1473,1258
533957451,1595,815,780,626
533957452,1069,544,525,379
533957453,2211,1087,1124,979
533957454,2871,1430,1441,1069
533957461,156,75,81,52
533957462,582,206,376,153
533957463,2267,1133,1134,834
533957464,2666,1331,1335,956
533957471,2250,1141,1109,831
533957472,2020,1016,1004,725
533957473,2804,1423,1381,1037
533957474,2818,1575,1243,968
533957481,1329,664,665,435
533957482,758,283,475,65
533957483,2834,1466,1368,1177
533957484,850,420,430,278
533957491,185,90,95,49
533957492,25,13,12,7
533957493,665,338,327,219
533957494,1158,578,580,416
533957511,908,474,434,357
533957512,2116,1076,1040,836
533957513,130,69,61,51
533957514,1837,906,931,691
533957521,2608,1371,1237,1264
533957522,2548,1334,1214,1061
533957523,1762,897,865,667
533957524,2769,1451,1318,1315
533957531,2204,1104,1100,880
533957532,2842,1406,1436,998
533957533,2907,1496,1411,1333
533957534,2343,1202,1141,981
533957541,2513,1230,1283,926
533957542,2964,1467,1497,1136
533957543,1704,861,843,628
533957544,562,283,279,203
533957551,3697,1902,1795,1627
533957552,2750,1424,1326,1095
533957553,1547,783,764,638
533957554,3603,1813,1790,1425
533957561,3660,1868,1792,1451
533957562,2883,1504,1379,1324
533957563,3762,1833,1929,1594
533957564,3606,1710,1896,1518
533957571,2739,1385,1354,1064
533957572,2985,1473,1512,1083
533957573,2851,1421,1430,1147
533957574,2597,1297,1300,945
533957581,2541,1220,1321,886
533957582,1676,804,872,525
533957583,2391,1154,1237,821
533957584,4626,2282,2344,1460
533957591,2415,1219,1196,810
533957592,2612,1327,1285,988
533957593,3070,1522,1548,1046
533957594,3202,1591,1611,1106
533957611,152,69,83,44
533957612,1785,922,863,651
533957613,161,88,73,51
533957614,1980,1008,972,704
533957621,3525,1850,1675,1475
533957622,769,406,363,438
533957623,2723,1396,1327,1079
533957624,1290,671,619,470
533957631,2588,1363,1225,1199
533957632,2648,1364,1284,1039
533957633,2374,1234,1140,1130
533957634,2916,1487,1429,1182
533957641,1128,576,552,414
533957642,450,224,226,144
533957643,2459,1243,1216,900
533957644,1125,556,569,372
533957651,137,71,66,52
533957652,2154,1070,1084,946
533957653,498,257,241,170
533957654,777,358,419,289
533957661,4006,2006,2000,2252
533957662,3368,1716,1652,1365
533957663,1359,667,692,534
533957664,901,450,451,304
533957671,2129,1027,1102,744
533957672,2781,1376,1405,925
533957673,1186,593,593,314
533957674,2365,1170,1195,792
533957681,2207,1110,1097,727
533957682,2364,1147,1217,743
533957683,2809,1410,1399,914
533957684,1042,536,506,298
533957691,2616,1282,1334,842
533957692,1631,805,826,543
533957693,2097,1017,1080,696
533957694,1618,820,798,534
533957711,385,201,184,135
533957712,889,459,430,317
533957713,63,32,31,18
533957714,689,344,345,222
533957721,2931,1504,1427,1080
533957722,3623,1899,1724,1355
533957723,2429,1210,1219,848
533957724,4337,2187,2150,1893
533957731,2075,1084,991,998
533957732,3048,1549,1499,1410
533957733,3310,1749,1561,1534
533957734,2776,1414,1362,1272
533957741,2608,1332,1276,963
533957742,2484,1225,1259,873
533957743,2058,1078,980,797
533957744,3053,1519,1534,986
533957751,2592,1269,1323,939
533957752,1632,813,819,593
533957753,2428,1234,1194,867
533957754,2532,1231,1301,970
533957761,1377,690,687,451
533957762,2150,1104,1046,704
533957763,2593,1219,1374,879
533957764,2627,1295,1332,863
533957771,2615,1304,1311,844
533957772,2102,1013,1089,696
533957773,2063,1054,1009,640
533957774,1780,890,890,557
533957781,166,82,84,46
533957782,172,89,83,53
533957783,200,98,102,57
533957784,265,139,126,91
533957791,1120,561,559,386
533957792,1286,629,657,448
533957793,232,114,118,73
533957794,359,184,175,119
533957811,40,19,21,11
533957812,99,30,69,15
533957813,87,39,48,17
533957814,59,28,31,17
533957821,1131,567,564,376
533957822,4425,2256,2169,1549
533957823,729,362,367,234
533957824,2407,1222,1185,855
533957831,3578,1843,1735,1445
533957832,3600,1868,1732,1457
533957833,6489,3208,3281,2516
533957834,1693,878,815,732
533957841,1366,710,656,508
533957842,1780,886,894,646
533957843,1727,880,847,642
533957844,2645,1328,1317,1026
533957851,2669,1332,1337,958
533957852,3025,1450,1575,1131
533957853,1956,986,970,710
533957854,3294,1664,1630,1284
533957861,2889,1429,1460,1059
533957862,726,331,395,200
533957863,3148,1553,1595,1107
533957864,1729,833,896,561
533957871,1838,879,959,605
533957872,1731,854,877,547
533957873,1918,942,976,623
533957874,2571,1261,1310,872
533957881,2169,1099,1070,755
533957882,816,402,414,265
533957883,2629,1294,1335,907
533957884,2574,1289,1285,959
533957891,126,66,60,37
533957892,138,65,73,43
533957893,1412,690,722,522
533957894,442,207,235,115
533957911,77,37,40,15
533957912,257,123,134,79
533957913,150,77,73,46
533957914,411,204,207,129
533957921,1980,979,1001,700
533957922,5545,2726,2819,1979
533957923,4396,2138,2258,1481
533957924,2649,1312,1337,943
533957931,3288,1623,1665,1323
533957932,3184,1588,1596,1381
533957933,4040,2065,1975,1544
533957934,3172,1593,1579,1394
533957941,2806,1478,1328,1240
533957942,2734,1366,1368,1098
533957943,3142,1557,1585,1474
533957944,2930,1472,1458,1280
533957951,2310,1178,1132,879
533957952,1123,551,572,379
533957953,2312,1152,1160,816
533957954,1435,673,762,456
533957961,2023,982,1041,738
533957962,2575,1242,1333,1021
533957963,402,178,224,91
533957964,3168,1556,1612,1149
533957971,2169,1070,1099,768
533957972,2614,1290,1324,926
533957973,2657,1337,1320,930
533957974,2514,1222,1292,882
533957981,1785,925,860,698
533957982,2575,1257,1318,918
533957983,1729,868,861,591
533957984,1972,933,1039,643
533957991,2368,1187,1181,760
533957992,193,94,99,54
533957993,430,191,239,140
533957994,545,269,276,155
533966994,0,0,0,0
533967011,20,10,10,6
533967012,1516,764,752,555
533967013,424,208,216,136
533967014,4383,2215,2168,1504
533967021,2711,1427,1284,1175
533967022,2446,1262,1184,959
533967023,3107,1552,1555,1261
533967024,2470,1222,1248,902
533967031,1841,987,854,752
533967032,2762,1387,1375,1033
533967033,3031,1493,1538,1112
533967034,2138,1065,1073,730
533967041,3143,1566,1577,1281
533967042,2454,1194,1260,994
533967043,1578,771,807,568
533967044,1818,932,886,728
533967051,2934,1477,1457,1111
533967052,2537,1274,1263,899
533967053,1469,736,733,525
533967054,2349,1184,1165,840
533967061,1781,903,878,579
533967062,2323,1175,1148,905
533967063,2905,1455,1450,1240
533967064,3112,1625,1487,1314
533967071,2922,1367,1555,1107
533967072,1067,521,546,364
533967073,3213,1578,1635,1230
533967074,3524,1737,1787,1114
533967081,1179,572,607,391
533967082,941,463,478,279
533967083,227,110,117,78
533967084,250,120,130,68
533967091,100,50,50,22
533967092,1459,711,748,498
533967093,0,0,0,0
533967094,1589,801,788,507
533967111,298,147,151,109
533967112,2060,1027,1033,704
533967113,459,231,228,154
533967114,1146,586,560,373
533967121,2137,1097,1040,791
533967122,1104,557,547,376
533967123,2048,1003,1045,691
533967124,378,180,198,114
533967131,1707,849,858,605
533967132,1607,791,816,523
533967133,1194,583,611,385
533967134,1015,502,513,336
533967141,1886,935,951,632
533967142,717,352,365,225
533967143,929,436,493,293
533967144,190,90,100,58
533967151,536,270,266,167
533967152,2668,1356,1312,1078
533967153,390,212,178,129
533967154,2343,1123,1220,913
533967161,2499,1228,1271,1181
533967162,1556,822,734,680
533967163,1803,900,903,808
533967164,2219,1184,1035,989
533967171,3102,1555,1547,1136
533967172,2669,1381,1288,993
533967173,3619,1840,1779,1406
533967174,1726,889,837,651
533967181,805,429,376,282
533967182,257,135,122,56
533967183,2000,1071,929,779
533967184,1433,716,717,535
533967191,0,0,0,0
533967192,2320,1145,1175,740
533967193,411,208,203,131
533967194,1702,833,869,569
533967211,1595,821,774,569
533967212,1035,502,533,346
533967214,640,303,337,224
533967221,2165,1057,1108,751
533967222,1664,819,845,525
533967223,2294,1112,1182,808
533967224,1448,664,784,485
533967231,226,109,117,72
533967232,74,36,38,24
533967233,215,107,108,71
533967234,80,43,37,25
533967241,186,97,89,58
533967242,529,267,262,172
533967243,426,206,220,140
533967244,377,182,195,123
533967251,885,442,443,278
533967252,2356,1156,1200,826
533967253,1342,665,677,441
533967254,2100,1061,1039,688
533967261,2224,1177,1047,923
533967262,1784,874,910,662
533967263,2665,1339,1326,952
533967264,2739,1437,1302,1111
533967271,2585,1281,1304,948
533967272,2233,1111,1122,929
533967273,3202,1629,1573,1342
533967274,3064,1628,1436,1423
533967281,3705,1860,1845,1391
533967282,3234,1613,1621,1252
533967283,3659,1780,1879,1478
533967284,2736,1344,1392,1120
533967291,699,343,356,231
533967292,41,20,21,11
533967293,1170,570,600,368
533967294,127,61,66,39
533967312,66,30,36,23
533967314,180,68,112,18
533967321,2202,1099,1103,731
533967322,3432,1679,1753,1080
533967323,1715,853,862,562
533967324,935,451,484,301
533967331,298,146,152,88
533967332,298,157,141,77
533967333,247,124,123,75
533967334,266,133,133,76
533967341,284,144,140,92
533967342,802,386,416,224
533967343,699,356,343,232
533967344,2179,1067,1112,712
533967351,2514,1208,1306,868
533967352,1492,743,749,505
533967353,1962,1037,925,829
533967354,1586,825,761,615
533967361,2050,1036,1014,814
533967362,4319,2182,2137,1879
533967363,2667,1312,1355,1063
533967364,5848,2948,2900,2969
533967371,1898,1001,897,909
533967372,1859,1032,827,1021
533967373,2596,1351,1245,1315
533967374,1790,922,868,939
533967381,2839,1444,1395,1392
533967382,2177,1109,1068,885
533967383,2594,1314,1280,1206
533967384,2287,1124,1163,770
533967391,1314,671,643,445
533967392,971,504,467,297
533967393,703,353,350,218
533967394,205,102,103,57
533967412,81,40,41,23
533967414,0,0,0,0
533967421,318,153,165,90
533967422,580,288,292,172
533967423,211,93,118,65
533967424,154,73,81,45
533967431,0,0,0,0
533967432,15,6,9,3
533967433,129,78,51,65
533967434,390,197,193,145
533967441,856,439,417,299
533967442,1654,831,823,613
533967443,197,107,90,75
533967444,619,311,308,215
533967451,2027,1046,981,881
533967452,2675,1317,1358,1022
533967453,443,213,230,123
533967454,1373,655,718,518
533967461,1572,783,789,606
533967462,3503,1712,1791,1475
533967463,1113,554,559,390
533967464,918,444,474,316
533967471,2366,1208,1158,1115
533967472,3186,1601,1585,1451
533967473,787,410,377,293
533967474,418,213,205,175
533967481,1766,886,880,675
533967482,691,325,366,326
533967483,1456,729,727,554
533967484,851,413,438,400
533967491,506,275,231,258
533967492,235,122,113,82
533967493,1867,940,927,956
533967494,2135,1075,1060,784
533967512,0,0,0,0
533967513,0,0,0,0
533967514,0,0,0,0
533967521,68,40,28,22
533967522,34,18,16,11
533967523,220,106,114,64
533967524,1625,787,838,549
533967531,1024,548,476,397
533967532,841,424,417,294
533967533,2240,1120,1120,835
533967534,3316,1589,1727,1138
533967541,376,189,187,116
533967542,278,136,142,104
533967543,1355,653,702,466
533967544,586,290,296,205
533967551,1598,813,785,581
533967552,1571,780,791,549
533967553,866,392,474,275
533967554,290,146,144,95
533967561,1517,766,751,548
533967562,1412,710,702,426
533967563,422,246,176,182
533967564,1177,585,592,378
533967571,1498,748,750,543
533967572,1182,586,596,409
533967573,910,443,467,320
533967574,1544,785,759,499
533967581,773,375,398,251
533967582,766,434,332,389
533967583,2270,1119,1151,722
533967584,1904,1025,879,783
533967591,1498,786,712,674
533967592,2392,1205,1187,949
533967593,3170,1602,1568,1155
533967594,1872,932,940,625
533967611,0,0,0,0
533967612,0,0,0,0
533967613,23,13,10,6
533967614,277,142,135,88
533967621,220,104,116,55
533967622,765,371,394,247
533967623,1100,535,565,331
533967624,1100,525,575,375
533967631,2087,1023,1064,795
533967632,2952,1518,1434,1140
533967633,1493,742,751,514
533967634,2622,1323,1299,924
533967641,3658,1797,1861,1223
533967642,674,332,342,220
533967751,426,193,233,130
533967752,10,4,6,2
533967753,176,38,138,175
533967754,377,236,141,182
533967761,116,57,59,41
533967762,631,327,304,232
533967763,28,12,16,10
533967764,1373,745,628,557
533967771,1807,911,896,628
533967772,1668,806,862,507
533967773,1898,962,936,644
533967774,608,298,310,178
533967781,1249,635,614,412
533967782,184,75,109,50
533967783,548,263,285,155
533967784,7,2,5,1
533967791,428,211,217,121
533967792,389,201,188,107
533967793,0,0,0,0
533967794,18,8,10,4
533967802,64,31,33,16
533967803,0,0,0,0
533967804,0,0,0,0
533967811,0,0,0,0
533967812,569,269,300,164
533967813,144,38,106,17
533967814,730,351,379,239
533967821,1893,984,909,754
533967822,2254,1130,1124,917
533967823,1057,547,510,396
533967824,2052,983,1069,682
533967831,2662,1233,1429,896
533967832,3034,1497,1537,1012
533967833,2309,1043,1266,719
533967834,692,348,344,211
533967841,1053,531,522,361
533967842,111,56,55,32
533967843,357,184,173,106
533967844,29,10,19,9
533967851,168,84,84,95
533967852,0,0,0,0
533967853,15,9,6,14
533967854,0,0,0,0
533967861,194,110,84,59
533967862,1226,643,583,409
533967863,198,147,51,131
533967864,636,343,293,237
533967871,1828,907,921,540
533967872,2013,971,1042,614
533967873,588,295,293,146
533967874,690,320,370,200
533967881,276,137,139,77
533967882,0,0,0,0
533967883,0,0,0,0
533967884,0,0,0,0
533967891,0,0,0,0
533967892,0,0,0,0
533967893,0,0,0,0
533967894,0,0,0,0
533967901,131,62,69,34
533967902,0,0,0,0
533967903,199,95,104,53
533967904,0,0,0,0
533967911,26,14,12,8
533967912,338,178,160,74
533967913,36,17,19,11
533967914,299,154,145,92
533967921,1423,761,662,564
533967922,1955,1020,935,766
533967923,1542,885,657,770
533967924,1588,835,753,698
533967931,1917,955,962,612
533967932,43,22,21,10
533967933,1388,674,714,431
533967934,778,368,410,251
533967941,64,37,27,24
533967942,216,100,116,54
533967943,91,46,45,20
533967944,253,122,131,62
533967951,114,64,50,32
533967952,61,33,28,18
533967953,96,45,51,28
533967954,261,120,141,86
533967961,193,120,73,90
533967962,92,43,49,21
533967963,216,129,87,87
533967964,142,63,79,37
533967971,146,75,71,38
533967972,76,38,38,20
533967973,0,0,0,0
533967974,0,0,0,0
533967981,0,0,0,0
533967982,0,0,0,0
533967983,0,0,0,0
533967984,0,0,0,0
533967991,0,0,0,0
533967992,0,0,0,0
533967993,0,0,0,0
533976092,236,113,123,59
533976093,0,0,0,0
533976094,104,56,48,29
533976184,3,2,1,1
533976191,0,0,0,0
533976192,168,84,84,38
533976193,204,103,101,46
533976194,96,46,50,33
533976274,142,73,69,42
533976281,19,13,6,9
533976282,307,150,157,102
533976283,267,135,132,97
533976284,1417,687,730,469
533976291,1613,797,816,495
533976292,1541,781,760,482
533976293,1690,828,862,580
533976294,1322,670,652,448
533976371,178,89,89,56
533976372,113,45,68,31
533976373,108,53,55,29
533976374,328,170,158,105
533976381,1568,760,808,528
533976382,2174,1050,1124,788
533976383,1720,868,852,579
533976384,2040,991,1049,681
533976391,456,217,239,160
533976392,229,119,110,75
533976393,1547,775,772,570
533976394,1512,741,771,537
533976464,281,135,146,77
533976471,0,0,0,0
533976472,547,265,282,176
533976473,138,69,69,37
533976474,27,12,15,10
533976481,1456,717,739,445
533976482,1788,871,917,599
533976483,727,358,369,240
533976484,1403,699,704,502
533976491,1041,534,507,423
533976492,1766,917,849,657
533976493,1086,501,585,330
533976494,979,484,495,348
533976562,46,22,24,15
533976564,0,0,0,0
533976571,238,123,115,64
533976572,0,0,0,0
533976573,190,94,96,49
533976574,91,48,43,23
533976581,344,165,179,118
533976582,437,212,225,152
533976583,55,23,32,14
533976584,180,95,85,56
533976591,635,304,331,209
533976592,1379,713,666,478
533976593,265,123,142,75
533976594,290,146,144,86
533976661,99,48,51,28
533976662,388,191,197,121
533976663,541,267,274,176
533976664,2028,983,1045,657
533976671,294,155,139,89
533976672,188,85,103,47
533976673,1455,692,763,440
533976674,853,420,433,295
533976681,203,100,103,65
533976682,279,146,133,75
533976683,66,31,35,24
533976684,275,139,136,85
533976691,105,53,52,30
533976692,0,0,0,0
533976693,5,2,3,2
533976694,0,0,0,0
533976761,1137,583,554,443
533976762,2017,985,1032,779
533976763,882,437,445,307
533976764,1136,587,549,425
533976771,1469,717,752,469
533976772,1767,867,900,572
533976773,1842,934,908,696
533976774,1329,682,647,443
533976781,687,332,355,217
533976782,296,151,145,81
533976783,230,123,107,71
533976784,354,195,159,116
533976791,66,32,34,14
533976792,103,47,56,27
533976793,0,0,0,0
533976794,99,45,54,29
533976852,633,303,330,190
533976854,127,63,64,38
533976861,615,324,291,196
533976862,1273,621,652,413
533976863,354,182,172,122
533976864,178,95,83,52
533976871,2220,1090,1130,767
533976872,1035,536,499,345
533976873,375,178,197,127
533976874,600,292,308,169
533976881,102,49,53,29
533976882,172,94,78,48
533976883,6,3,3,2
533976884,252,118,134,67
533976891,317,155,162,84
533976892,0,0,0,0
533976893,237,117,120,57
533976894,0,0,0,0
533976951,201,100,101,59
533976952,121,64,57,30
533976953,0,0,0,0
533976954,76,37,39,19
533976961,65,31,34,19
533976962,0,0,0,0
533976963,29,27,2,27
533976964,115,57,58,29
533976971,875,482,393,349
533976972,381,195,186,110
533976973,364,189,175,118
533976974,184,89,95,47
533976981,248,124,124,68
533976982,100,41,59,24
533976983,0,0,0,0
533976984,0,0,0,0
533976991,189,96,93,45
533976992,0,0,0,0
533976993,0,0,0,0
533976994,0,0,0,0
533977001,0,0,0,0
533977002,32,17,15,10
533977003,0,0,0,0
533977004,354,170,184,101
533977011,512,279,233,179
533977012,1407,850,557,672
533977013,1552,823,729,553
533977014,1622,832,790,574
533977021,2327,1354,973,1156
533977022,559,273,286,250
533977023,2470,1280,1190,882
533977024,240,124,116,98
533977031,102,53,49,39
533977032,256,123,133,75
533977033,193,106,87,61
533977034,77,46,31,23
533977041,63,28,35,17
533977042,0,0,0,0
533977043,79,39,40,17
533977044,0,0,0,0
533977051,67,32,35,18
533977052,231,112,119,63
533977053,308,160,148,82
533977054,219,112,107,57
533977061,193,100,93,48
533977062,0,0,0,0
533977063,62,36,26,15
533977064,0,0,0,0
533977071,0,0,0,0
533977072,0,0,0,0
533977073,0,0,0,0
533977074,0,0,0,0
533977081,0,0,0,0
533977082,0,0,0,0
533977083,0,0,0,0
533977101,0,0,0,0
533977102,681,336,345,233
533977103,1198,579,619,398
533977104,1304,648,656,433
533977111,1355,717,638,514
533977112,1477,796,681,558
533977113,1217,614,603,458
533977114,719,374,345,258
533977121,450,244,206,171
533977122,0,0,0,0
533977123,56,25,31,16
533977124,0,0,0,0
533977131,0,0,0,0
533977132,126,60,66,33
533977133,159,84,75,37
533977134,22,12,10,6
533977141,256,124,132,66
533977142,2,2,0,2
533977143,107,57,50,26
533977144,48,24,24,1
533977151,0,0,0,0
533977152,125,57,68,30
533977153,80,39,41,23
533977154,0,0,0,0
533977161,0,0,0,0
533977162,0,0,0,0
533977163,0,0,0,0
533977164,0,0,0,0
533977171,0,0,0,0
533977172,0,0,0,0
533977201,2141,1047,1094,702
533977202,1633,807,826,496
533977203,1411,699,712,495
533977204,1146,583,563,366
533977211,1432,748,684,496
533977212,285,116,169,56
533977213,170,94,76,57
533977214,0,0,0,0
533977221,30,16,14,9
533977222,168,95,73,58
533977223,230,116,114,71
533977224,678,348,330,198
533977231,43,25,18,12
533977232,1137,576,561,322
533977233,1257,635,622,356
533977234,1038,512,526,299
533977241,8,6,2,2
533977242,111,56,55,28
533977243,23,14,9,5
533977244,245,111,134,65
533977251,0,0,0,0
533977252,0,0,0,0
533977253,0,0,0,0
533977254,0,0,0,0
533977261,0,0,0,0
533977301,1946,962,984,643
533977302,877,433,444,282
533977303,887,438,449,307
533977304,436,215,221,149
533977311,115,34,81,22
533977312,410,206,204,116
533977313,0,0,0,0
533977314,276,141,135,83
533977321,1320,658,662,440
533977322,708,346,362,212
533977323,563,274,289,192
533977324,255,132,123,96
533977331,202,104,98,63
533977332,438,218,220,118
533977333,290,151,139,90
533977334,251,124,127,62
533977341,327,159,168,83
533977342,0,0,0,0
533977343,0,0,0,0
533977344,0,0,0,0
533977401,645,309,336,222
533977402,26,14,12,7
533977403,621,328,293,208
533977404,250,128,122,85
533977411,49,24,25,15
533977412,76,35,41,20
533977413,0,0,0,0
533977414,0,0,0,0
533977421,158,71,87,41
533977422,297,148,149,84
533977423,95,51,44,28
533977424,293,135,158,35
533977431,79,37,42,16
533977432,82,42,40,21
533977433,317,156,161,76
533977434,78,37,41,20
533977441,0,0,0,0
533977442,0,0,0,0
533977443,0,0,0,0
533977444,0,0,0,0
533977501,1085,558,527,343
533977502,521,218,303,128
533977503,642,303,339,114
533977504,323,164,159,99
533977511,339,164,175,97
533977512,0,0,0,0
533977513,349,172,177,94
533977514,97,44,53,26
533977521,99,52,47,26
533977522,0,0,0,0
533977523,109,56,53,26
533977524,111,60,51,28
533977531,101,46,55,20
533977532,113,53,60,26
533977533,102,59,43,21
533977534,0,0,0,0
533977541,0,0,0,0
533977542,0,0,0,0
533977543,0,0,0,0
533977544,0,0,0,0
533977551,0,0,0,0
533977553,0,0,0,0
533977601,43,21,22,11
533977602,267,130,137,76
533977603,311,154,157,86
533977604,0,0,0,0
533977611,106,52,54,33
533977612,0,0,0,0
533977613,0,0,0,0
533977614,0,0,0,0
533977621,98,54,44,25
533977622,289,141,148,66
533977623,0,0,0,0
533977624,0,0,0,0
533977631,0,0,0,0
533977632,0,0,0,0
533977633,0,0,0,0
533977641,0,0,0,0
533977642,0,0,0,0
533977701,0,0,0,0
533977702,0,0,0,0
533977703,82,35,47,26
533977704,146,74,72,41
533977711,14,7,7,5
533977712,16,8,8,5
533977713,18,8,10,4
533977714,0,0,0,0
533977721,0,0,0,0
533977801,0,0,0,0
533977802,0,0,0,0
533977803,0,0,0,0
533977804,0,0,0,0
533977811,77,41,36,20
533977901,98,46,52,23
533977902,0,0,0,0
533977903,69,41,28,16
534000151,0,0,0,0
534000152,100,48,52,26
534000153,0,0,0,0
534000154,0,0,0,0
534000161,0,0,0,0
534000162,0,0,0,0
534000163,0,0,0,0
534000164,118,56,62,34
534000171,33,16,17,11
534000172,0,0,0,0
534000173,0,0,0,0
534000174,0,0,0,0
534000181,0,0,0,0
534000182,0,0,0,0
534000183,0,0,0,0
534000184,0,0,0,0
534000191,0,0,0,0
534000192,0,0,0,0
534000193,0,0,0,0
534000194,0,0,0,0
534000201,0,0,0,0
534000202,0,0,0,0
534000203,0,0,0,0
534000204,114,63,51,30
534000211,0,0,0,0
534000212,0,0,0,0
534000213,213,113,100,52
534000214,0,0,0,0
534000221,175,118,57,3
534000222,73,34,39,22
534000223,0,0,0,0
534000224,0,0,0,0
534000231,0,0,0,0
534000232,171,89,82,45
534000233,213,106,107,65
534000234,0,0,0,0
534000241,0,0,0,0
534000242,163,74,89,45
534000243,0,0,0,0
534000244,241,121,120,62
534000251,163,83,80,44
534000252,0,0,0,0
534002041,0,0,0,0
534002042,0,0,0,0
534002043,0,0,0,0
534002044,0,0,0,0
534002051,0,0,0,0
534002052,101,51,50,23
534002053,0,0,0,0
534002054,97,48,49,22
534002061,0,0,0,0
534002062,40,20,20,12
534002063,0,0,0,0
534002064,0,0,0,0
534002071,0,0,0,0
534002072,0,0,0,0
534002073,0,0,0,0
534002074,0,0,0,0
534002081,60,29,31,17
534002082,0,0,0,0
534002083,0,0,0,0
534002084,145,73,72,35
534002091,80,39,41,22
534002092,70,34,36,21
534002093,40,18,22,13
534002094,86,43,43,23
534002101,0,0,0,0
534002102,0,0,0,0
534002103,0,0,0,0
534002104,96,48,48,25
534002111,36,20,16,12
534002112,0,0,0,0
534002113,118,50,68,30
534002114,0,0,0,0
534002121,0,0,0,0
534002122,0,0,0,0
534002123,0,0,0,0
534002124,52,27,25,14
534002131,96,54,42,31
534002132,92,46,46,29
534002133,98,48,50,31
534002134,44,22,22,14
534002141,0,0,0,0
534002142,0,0,0,0
534000001,0,0,0,0
534000002,0,0,0,0
534000003,47,24,23,13
534000004,49,25,24,13
534000011,0,0,0,0
534000012,0,0,0,0
534000013,19,9,10,5
534000014,0,0,0,0
534000021,51,25,26,13
534000022,52,25,27,13
534000023,54,26,28,13
534000024,165,82,83,41
534000031,0,0,0,0
534000032,180,80,100,45
534000033,0,0,0,0
534000034,183,90,93,43
534000041,0,0,0,0
534000042,0,0,0,0
534000043,0,0,0,0
534000044,116,55,61,30
534000051,0,0,0,0
534000052,98,48,50,26
534000053,0,0,0,0
534000054,0,0,0,0
534000061,0,0,0,0
534000062,0,0,0,0
534000063,0,0,0,0
534000064,0,0,0,0
534000071,0,0,0,0
534000072,0,0,0,0
534000073,0,0,0,0
534000074,0,0,0,0
534000081,36,15,21,17
534000082,0,0,0,0
534000083,0,0,0,0
534000084,0,0,0,0
534000091,0,0,0,0
534000092,48,27,21,17
534000093,0,0,0,0
534000094,0,0,0,0
534000101,0,0,0,0
534000102,0,0,0,0
534000103,0,0,0,0
534000104,0,0,0,0
534000111,0,0,0,0
534000112,0,0,0,0
534000113,0,0,0,0
534000114,84,47,37,20
534000121,0,0,0,0
534000122,0,0,0,0
534000123,0,0,0,0
534000124,39,19,20,12
534000131,90,45,45,26
534000132,0,0,0,0
534000133,0,0,0,0
534000134,0,0,0,0
534000141,0,0,0,0
534000142,137,63,74,40
534000143,0,0,0,0
534000144,179,86,93,44
534000253,0,0,0,0
534000254,0,0,0,0
534000261,0,0,0,0
534000262,0,0,0,0
534000263,55,27,28,16
534000264,0,0,0,0
534000271,23,12,11,7
534000272,24,12,12,7
534000273,0,0,0,0
534000274,0,0,0,0
534000281,25,11,14,7
534000282,0,0,0,0
534000283,0,0,0,0
534000284,91,50,41,28
534000291,0,0,0,0
534000292,0,0,0,0
534000293,0,0,0,0
534000294,0,0,0,0
534000301,0,0,0,0
534000302,0,0,0,0
534000303,88,40,48,23
534000304,0,0,0,0
534000311,0,0,0,0
534000312,0,0,0,0
534000313,0,0,0,0
534000314,0,0,0,0
534000321,0,0,0,0
534000322,118,54,64,29
534000323,0,0,0,0
534000324,4,2,2,1
534000331,123,58,65,34
534000332,82,41,41,22
534000333,72,37,35,19
534000334,105,49,56,24
534000341,0,0,0,0
534000342,709,328,381,224
534000343,175,84,91,54
534000344,276,137,139,78
534000351,0,0,0,0
534000352,0,0,0,0
534000353,313,147,166,99
534000354,0,0,0,0
534000361,0,0,0,0
534000362,56,28,28,16
534000363,52,25,27,15
534000364,0,0,0,0
534000371,0,0,0,0
534000372,26,12,14,7
534000373,45,22,23,13
534000374,0,0,0,0
534000381,0,0,0,0
534000382,93,50,43,28
534000383,0,0,0,0
534000384,0,0,0,0
534000391,0,0,0,0
534000392,0,0,0,0
534000393,0,0,0,0
534000394,0,0,0,0
534000401,85,43,42,20
534000402,0,0,0,0
534000403,0,0,0,0
534000404,207,104,103,52
534000411,131,63,68,33
534000412,0,0,0,0
534000413,0,0,0,0
534000414,0,0,0,0
534000421,0,0,0,0
534000422,128,54,74,32
534000423,0,0,0,0
534000424,249,109,140,56
534000431,5,3,2,1
534000432,16,8,8,3
534000433,111,56,55,25
534000434,0,0,0,0
534000441,0,0,0,0
534000442,816,393,423,250
534000443,180,87,93,59
534000444,491,250,241,156
534000451,354,163,191,108
534000452,392,197,195,121
534000453,0,0,0,0
534000454,0,0,0,0
534000461,362,182,180,104
534000462,27,13,14,8
534000463,0,0,0,0
534000464,53,25,28,15
534000471,26,11,15,7
534000472,42,20,22,12
534000473,0,0,0,0
534000474,0,0,0,0
534000481,0,0,0,0
534000482,38,20,18,12
534000483,44,21,23,12
534000484,30,15,15,11
534000491,0,0,0,0
534000492,0,0,0,0
534000493,0,0,0,0
534000494,0,0,0,0
534000501,0,0,0,0
534000502,0,0,0,0
534000503,0,0,0,0
534000504,160,85,75,43
534000511,305,145,160,82
534000512,213,110,103,57
534000513,260,130,130,81
534000514,297,145,152,96
534000521,233,111,122,64
534000522,0,0,0,0
534000523,94,47,47,22
534000524,222,111,111,56
534000531,0,0,0,0
534000532,0,0,0,0
534000533,104,51,53,24
534000534,0,0,0,0
534000541,0,0,0,0
534000542,114,57,57,36
534000543,0,0,0,0
534000544,0,0,0,0
534000551,283,143,140,85
534000552,0,0,0,0
534000553,126,65,61,37
534000554,0,0,0,0
534000561,0,0,0,0
534000562,0,0,0,0
534000563,0,0,0,0
534000564,27,12,15,7
534000571,0,0,0,0
534000572,0,0,0,0
534000573,27,12,15,7
534000574,0,0,0,0
534000581,0,0,0,0
534000582,0,0,0,0
534000583,0,0,0,0
534000584,0,0,0,0
534000591,40,22,18,13
534000592,0,0,0,0
534000593,0,0,0,0
534000594,0,0,0,0
534000601,0,0,0,0
534000602,452,229,223,128
534000603,240,120,120,56
534000604,0,0,0,0
534000611,364,184,180,94
534000612,627,295,332,185
534000613,0,0,0,0
534000614,130,65,65,47
534000621,253,122,131,72
534000622,113,60,53,40
534000623,0,0,0,0
534000624,264,131,133,90
534000631,439,219,220,160
534000632,137,71,66,52
534000633,128,62,66,50
534000634,212,108,104,84
534000641,185,94,91,46
534000642,0,0,0,0
534000643,356,172,184,99
534000644,0,0,0,0
534000651,278,137,141,87
534000652,0,0,0,0
534000653,98,49,49,28
534000654,28,15,13,9
534000661,0,0,0,0
534000662,0,0,0,0
534000663,0,0,0,0
534000664,0,0,0,0
534000671,0,0,0,0
534000672,41,22,19,10
534000673,29,19,10,8
534000674,31,19,12,8
534000681,0,0,0,0
534000682,0,0,0,0
534000683,387,208,179,107
534000684,18,14,4,18
534000691,0,0,0,0
534000692,0,0,0,0
534000693,0,0,0,0
534000694,4,2,2,1
534000701,0,0,0,0
534000702,0,0,0,0
534000703,132,70,62,33
534000704,0,0,0,0
534000711,0,0,0,0
534000712,115,58,57,31
534000713,43,23,20,9
534000714,0,0,0,0
534000721,0,0,0,0
534000722,0,0,0,0
534000723,112,54,58,30
534000724,0,0,0,0
534000731,111,52,59,29
534000732,0,0,0,0
534000733,285,134,151,81
534000734,510,251,259,160
534000741,138,69,69,43
534000742,72,37,35,17
534000743,0,0,0,0
534000744,0,0,0,0
534000751,0,0,0,0
534000752,0,0,0,0
534000753,0,0,0,0
534000754,0,0,0,0
534000761,29,16,13,9
534000762,64,33,31,18
534000763,0,0,0,0
534000764,0,0,0,0
534000771,0,0,0,0
534000772,57,28,29,18
534000773,11,4,7,2
534000774,25,12,13,7
534000781,68,38,30,18
534000782,0,0,0,0
534000783,47,21,26,12
534000784,0,0,0,0
534000791,0,0,0,0
534000792,121,54,67,33
534000793,101,53,48,26
534000794,170,80,90,46
534000801,161,81,80,40
534000802,0,0,0,0
534000803,0,0,0,0
534000804,0,0,0,0
534000811,0,0,0,0
534000812,277,137,140,66
534000813,0,0,0,0
534000814,0,0,0,0
534000821,0,0,0,0
534000822,0,0,0,0
534000823,0,0,0,0
534000824,408,203,205,102
534000831,27,14,13,8
534000832,261,124,137,78
534000833,134,65,69,31
534000834,189,90,99,52
534000841,303,149,154,103
534000842,0,0,0,0
534000843,0,0,0,0
534000844,0,0,0,0
534000851,0,0,0,0
534000852,155,71,84,37
534000853,0,0,0,0
534000854,87,43,44,23
534000861,0,0,0,0
534000862,0,0,0,0
534000863,52,26,26,17
534000864,0,0,0,0
534000871,52,25,27,16
534000872,0,0,0,0
534000873,0,0,0,0
534000874,0,0,0,0
534000881,0,0,0,0
534000882,76,37,39,21
534000883,0,0,0,0
534000884,191,102,89,70
534000891,269,145,124,88
534000892,0,0,0,0
534000893,914,475,439,285
534000894,0,0,0,0
534000901,0,0,0,0
534000902,0,0,0,0
534000903,234,119,115,51
534000904,0,0,0,0
534000911,0,0,0,0
534000912,235,112,123,57
534000913,445,214,231,116
534000914,320,154,166,92
534000921,0,0,0,0
534000922,186,87,99,43
534000923,23,13,10,7
534000924,121,62,59,36
534000931,158,77,81,40
534000932,0,0,0,0
534000933,65,32,33,23
534000934,92,44,48,26
534000941,0,0,0,0
534000942,173,87,86,56
534000943,188,92,96,51
534000944,0,0,0,0
534000951,0,0,0,0
534000952,89,44,45,23
534000953,0,0,0,0
534000954,142,68,74,38
534000961,0,0,0,0
534000962,0,0,0,0
534000963,45,21,24,11
534000964,0,0,0,0
534000971,0,0,0,0
534000972,0,0,0,0
534000973,0,0,0,0
534000974,6,3,3,2
534000981,7,4,3,2
534000982,120,61,59,35
534000983,98,52,46,36
534000984,530,259,271,180
534000991,547,263,284,171
534000992,0,0,0,0
534000993,270,135,135,71
534000994,134,65,69,46
534001001,0,0,0,0
534001002,0,0,0,0
534001003,0,0,0,0
534001004,0,0,0,0
534001011,0,0,0,0
534001012,163,81,82,47
534001013,0,0,0,0
534001014,180,93,87,50
534001021,5,3,2,1
534001022,0,0,0,0
534001023,89,46,43,26
534001024,0,0,0,0
534001031,0,0,0,0
534001032,220,104,116,73
534001033,0,0,0,0
534001034,0,0,0,0
534001041,0,0,0,0
534001042,0,0,0,0
534001043,0,0,0,0
534001044,0,0,0,0
534001051,144,68,76,48
534001052,0,0,0,0
534001053,69,57,12,3
534001054,0,0,0,0
534001061,0,0,0,0
534001062,72,29,43,22
534001063,74,39,35,22
534001064,0,0,0,0
534001071,0,0,0,0
534001072,0,0,0,0
534001073,0,0,0,0
534001074,0,0,0,0
534001081,0,0,0,0
534001082,0,0,0,0
534001083,0,0,0,0
534001084,0,0,0,0
534001091,0,0,0,0
534001092,26,12,14,9
534001093,0,0,0,0
534001094,103,47,56,31
534001101,0,0,0,0
534001102,0,0,0,0
534001103,0,0,0,0
534001104,0,0,0,0
534001111,0,0,0,0
534001112,45,24,21,14
534001113,0,0,0,0
534001114,121,65,56,31
534001121,0,0,0,0
534001122,150,73,77,37
534001123,0,0,0,0
534001124,0,0,0,0
534001131,24,13,11,7
534001132,0,0,0,0
534001133,162,80,82,45
534001134,0,0,0,0
534001141,0,0,0,0
534001142,0,0,0,0
534001143,0,0,0,0
534001144,104,47,57,31
534001151,0,0,0,0
534001152,0,0,0,0
534001153,0,0,0,0
534001154,175,92,83,52
534001161,0,0,0,0
534001162,0,0,0,0
534001163,115,55,60,26
534001164,0,0,0,0
534001171,0,0,0,0
534001172,0,0,0,0
534001173,0,0,0,0
534001174,100,50,50,24
534001181,87,41,46,24
534001182,0,0,0,0
534001183,0,0,0,0
534001184,0,0,0,0
534001191,89,45,44,21
534001192,85,37,48,25
534001193,0,0,0,0
534001194,80,40,40,20
534001201,0,0,0,0
534001202,0,0,0,0
534001203,0,0,0,0
534001204,0,0,0,0
534001211,0,0,0,0
534001212,172,85,87,53
534001213,0,0,0,0
534001214,0,0,0,0
534001221,152,73,79,42
534001222,0,0,0,0
534001223,95,51,44,27
534001224,72,38,34,18
534001231,172,90,82,45
534001232,0,0,0,0
534001233,0,0,0,0
534001234,0,0,0,0
534001241,0,0,0,0
534001242,81,42,39,19
534001243,13,9,4,7
534001244,15,9,6,7
534001251,0,0,0,0
534001252,45,23,22,16
534001253,158,78,80,40
534001254,8,4,4,2
534001261,0,0,0,0
534001262,0,0,0,0
534001263,0,0,0,0
534001264,0,0,0,0
534001271,0,0,0,0
534001272,147,70,77,37
534001273,137,70,67,31
534001274,29,13,16,7
534001281,0,0,0,0
534001282,0,0,0,0
534001283,71,33,38,19
534001284,0,0,0,0
534001291,0,0,0,0
534001292,0,0,0,0
534001293,0,0,0,0
534001294,0,0,0,0
534001301,0,0,0,0
534001302,0,0,0,0
534001303,0,0,0,0
534001304,0,0,0,0
534001311,0,0,0,0
534001312,89,40,49,23
534001313,60,31,29,17
534001314,225,106,119,57
534001321,0,0,0,0
534001322,117,55,62,24
534001323,0,0,0,0
534001324,97,52,45,26
534001331,151,77,74,38
534001332,0,0,0,0
534001333,0,0,0,0
534001334,0,0,0,0
534001341,0,0,0,0
534001342,17,10,7,7
534001343,0,0,0,0
534001344,93,46,47,26
534001351,68,34,34,16
534001352,0,0,0,0
534001353,0,0,0,0
534001354,0,0,0,0
534001361,0,0,0,0
534001362,0,0,0,0
534001363,0,0,0,0
534001364,0,0,0,0
534001371,0,0,0,0
534001372,82,46,36,20
534001373,0,0,0,0
534001374,78,41,37,22
534001381,0,0,0,0
534001382,150,71,79,32
534001383,116,51,65,34
534001384,121,68,53,68
534001391,0,0,0,0
534001392,0,0,0,0
534001393,0,0,0,0
534001394,0,0,0,0
534001401,0,0,0,0
534001402,0,0,0,0
534001403,0,0,0,0
534001404,0,0,0,0
534001411,0,0,0,0
534001412,28,16,12,8
534001413,0,0,0,0
534001414,0,0,0,0
534001421,120,60,60,36
534001422,0,0,0,0
534001423,110,54,56,34
534001424,68,35,33,22
534001431,0,0,0,0
534001432,0,0,0,0
534001433,0,0,0,0
534001434,0,0,0,0
534001441,0,0,0,0
534001442,133,62,71,41
534001443,53,29,24,13
534001444,134,67,67,39
534001451,0,0,0,0
534001452,44,21,23,10
534001453,34,16,18,9
534001454,0,0,0,0
534001461,0,0,0,0
534001462,0,0,0,0
534001463,0,0,0,0
534001464,0,0,0,0
534001471,0,0,0,0
534001472,96,46,50,26
534001473,0,0,0,0
534001474,57,23,34,16
534001481,0,0,0,0
534001482,68,31,37,20
534001483,0,0,0,0
534001484,108,52,56,31
534001491,122,69,53,35
534001492,0,0,0,0
534001493,0,0,0,0
534001494,222,104,118,59
534001501,0,0,0,0
534001502,0,0,0,0
534001503,62,33,29,15
534001504,56,28,28,14
534001511,62,31,31,19
534001512,106,52,54,30
534001513,0,0,0,0
534001514,117,55,62,32
534001521,91,46,45,27
534001522,32,16,16,11
534001523,0,0,0,0
534001524,210,105,105,54
534001531,116,65,51,32
534001532,98,42,56,27
534001533,0,0,0,0
534001534,0,0,0,0
534001541,0,0,0,0
534001542,146,75,71,52
534001543,186,99,87,61
534001544,394,184,210,130
534001551,168,84,84,61
534001552,0,0,0,0
534001553,160,84,76,51
534001554,0,0,0,0
534001561,43,16,27,12
534001562,0,0,0,0
534001563,0,0,0,0
534001564,0,0,0,0
534001571,0,0,0,0
534001572,0,0,0,0
534001573,0,0,0,0
534001574,48,24,24,14
534001581,0,0,0,0
534001582,0,0,0,0
534001583,0,0,0,0
534001584,103,49,54,30
534001591,150,83,67,42
534001592,207,103,104,55
534001593,0,0,0,0
534001594,0,0,0,0
534001601,0,0,0,0
534001602,122,63,59,35
534001603,14,8,6,6
534001604,236,125,111,68
534001611,0,0,0,0
534001612,0,0,0,0
534001613,0,0,0,0
534001614,113,57,56,37
534001621,189,98,91,58
534001622,0,0,0,0
534001623,77,42,35,24
534001624,140,67,73,35
534001631,0,0,0,0
534001632,106,50,56,32
534001633,302,155,147,98
534001634,417,210,207,126
534001641,165,82,83,56
534001642,243,74,169,86
534001643,47,23,24,17
534001644,0,0,0,0
534001651,61,24,37,3
534001652,64,28,36,19
534001653,0,0,0,0
534001654,0,0,0,0
534001661,0,0,0,0
534001662,0,0,0,0
534001663,20,12,8,6
534001664,0,0,0,0
534001671,98,42,56,26
534001672,53,25,28,14
534001673,0,0,0,0
534001674,0,0,0,0
534001681,0,0,0,0
534001682,0,0,0,0
534001683,54,25,29,21
534001684,174,79,95,59
534001691,0,0,0,0
534001692,78,34,44,21
534001693,0,0,0,0
534001694,0,0,0,0
534001701,376,191,185,126
534001702,373,169,204,164
534001703,51,21,30,20
534001704,898,453,445,314
534001711,171,85,86,57
534001712,467,239,228,139
534001713,837,408,429,313
534001714,824,413,411,291
534001721,333,174,159,112
534001722,88,40,48,28
534001723,270,131,139,75
534001724,91,41,50,24
534001731,327,158,169,94
534001732,416,213,203,135
534001733,0,0,0,0
534001734,31,15,16,10
534001741,0,0,0,0
534001742,0,0,0,0
534001743,0,0,0,0
534001744,0,0,0,0
534001751,118,56,62,31
534001752,0,0,0,0
534001753,0,0,0,0
534001754,0,0,0,0
534001761,0,0,0,0
534001762,18,11,7,5
534001763,123,61,62,32
534001764,20,12,8,5
534001771,57,30,27,16
534001772,62,31,31,16
534001773,0,0,0,0
534001774,63,32,31,16
534001781,0,0,0,0
534001782,298,148,150,83
534001783,257,119,138,75
534001784,378,188,190,107
534001791,0,0,0,0
534001792,0,0,0,0
534001793,0,0,0,0
534001794,119,52,67,34
534001801,148,67,81,41
534001802,372,180,192,145
534001803,199,109,90,54
534001804,307,147,160,92
534001811,424,218,206,162
534001812,277,130,147,97
534001813,494,240,254,167
534001814,101,49,52,33
534001821,0,0,0,0
534001822,147,67,80,38
534001823,0,0,0,0
534001824,0,0,0,0
534001831,150,68,82,38
534001832,54,24,30,15
534001833,0,0,0,0
534001834,139,62,77,39
534001841,66,38,28,16
534001842,0,0,0,0
534001843,132,69,63,29
534001844,98,49,49,22
534001851,0,0,0,0
534001852,0,0,0,0
534001853,0,0,0,0
534001854,165,75,90,45
534001861,0,0,0,0
534001862,20,11,9,5
534001863,0,0,0,0
534001864,66,33,33,18
534001871,0,0,0,0
534001872,0,0,0,0
534001873,0,0,0,0
534001874,0,0,0,0
534001881,20,11,9,5
534001882,209,105,104,57
534001883,177,85,92,47
534001884,73,35,38,22
534001891,0,0,0,0
534001892,0,0,0,0
534001893,80,40,40,21
534001894,158,67,91,51
534001901,0,0,0,0
534001902,68,35,33,18
534001903,49,22,27,10
534001904,98,48,50,29
534001911,167,89,78,50
534001912,273,133,140,72
534001913,0,0,0,0
534001914,0,0,0,0
534001921,0,0,0,0
534001922,0,0,0,0
534001923,0,0,0,0
534001924,0,0,0,0
534001931,0,0,0,0
534001932,5,2,3,1
534001933,0,0,0,0
534001934,0,0,0,0
534001941,0,0,0,0
534001942,0,0,0,0
534001943,0,0,0,0
534001944,0,0,0,0
534001951,0,0,0,0
534001952,0,0,0,0
534001953,0,0,0,0
534001954,0,0,0,0
534001961,0,0,0,0
534001962,0,0,0,0
534001963,60,30,30,17
534001964,0,0,0,0
534001971,0,0,0,0
534001972,52,28,24,19
534001973,0,0,0,0
534001974,0,0,0,0
534001981,52,28,24,19
534001982,0,0,0,0
534001983,55,29,26,19
534001984,0,0,0,0
534001991,212,108,104,60
534001992,144,72,72,43
534001993,0,0,0,0
534001994,42,18,24,13
534002001,64,33,31,19
534002002,0,0,0,0
534002003,0,0,0,0
534002004,72,39,33,18
534002011,0,0,0,0
534002012,111,56,55,31
534002013,0,0,0,0
534002014,0,0,0,0
534002021,0,0,0,0
534002022,0,0,0,0
534002023,61,31,30,20
534002024,117,57,60,29
534002031,87,43,44,24
534002032,0,0,0,0
534002033,90,43,47,24
534002034,0,0,0,0
534002143,215,111,104,55
534002144,62,36,26,15
534002151,0,0,0,0
534002152,0,0,0,0
534002153,53,25,28,18
534002154,0,0,0,0
534002161,0,0,0,0
534002162,0,0,0,0
534002163,0,0,0,0
534002164,0,0,0,0
534002171,0,0,0,0
534002172,0,0,0,0
534002173,0,0,0,0
534002174,0,0,0,0
534002181,0,0,0,0
534002182,0,0,0,0
534002183,0,0,0,0
534002184,0,0,0,0
534002191,0,0,0,0
534002192,0,0,0,0
534002193,0,0,0,0
534002194,0,0,0,0
534002201,0,0,0,0
534002202,0,0,0,0
534002203,0,0,0,0
534002204,83,40,43,24
534002211,0,0,0,0
534002212,0,0,0,0
534002213,0,0,0,0
534002214,0,0,0,0
534002221,0,0,0,0
534002222,0,0,0,0
534002223,0,0,0,0
534002224,137,67,70,33
534002231,107,54,53,28
534002232,0,0,0,0
534002233,94,51,43,29
534002234,0,0,0,0
534002241,25,14,11,8
534002242,0,0,0,0
534002243,225,108,117,66
534002244,74,34,40,22
534002251,52,24,28,14
534002252,0,0,0,0
534002253,0,0,0,0
534002254,0,0,0,0
534002261,0,0,0,0
534002262,56,30,26,17
534002263,0,0,0,0
534002264,116,61,55,34
534002271,59,31,28,16
534002272,0,0,0,0
534002273,0,0,0,0
534002274,0,0,0,0
534002281,0,0,0,0
534002282,0,0,0,0
534002283,0,0,0,0
534002284,40,19,21,13
534002291,0,0,0,0
534002292,164,83,81,41
534002293,0,0,0,0
534002294,101,51,50,27
534002301,56,28,28,18
534002302,0,0,0,0
534002303,0,0,0,0
534002304,52,26,26,17
534002311,122,59,63,28
534002312,0,0,0,0
534002313,0,0,0,0
534002314,149,70,79,36
534002321,0,0,0,0
534002322,0,0,0,0
534002323,0,0,0,0
534002324,48,23,25,12
534002331,0,0,0,0
534002332,148,75,73,40
534002333,92,44,48,25
534002334,0,0,0,0
534002341,0,0,0,0
534002342,75,38,37,20
534002343,62,20,42,2
534002344,0,0,0,0
534002351,211,98,113,53
534002352,116,53,63,35
534002353,175,83,92,46
534002354,223,117,106,57
534002361,0,0,0,0
534002362,172,87,85,45
534002363,89,44,45,23
534002364,198,97,101,56
534002371,0,0,0,0
534002372,61,32,29,17
534002373,106,49,57,27
534002374,60,30,30,16
534002381,61,31,30,16
534002382,0,0,0,0
534002383,55,27,28,20
534002384,0,0,0,0
534002391,0,0,0,0
534002392,134,62,72,38
534002393,251,122,129,81
534002394,434,210,224,149
534002401,0,0,0,0
534002402,129,68,61,35
534002403,0,0,0,0
534002404,0,0,0,0
534002411,0,0,0,0
534002412,0,0,0,0
534002413,0,0,0,0
534002414,106,50,56,28
534002421,0,0,0,0
534002422,50,24,26,12
534002423,0,0,0,0
534002424,92,43,49,22
534002431,165,76,89,47
534002432,153,74,79,45
534002433,158,79,79,49
534002434,0,0,0,0
534002441,110,55,55,32
534002442,70,37,33,21
534002443,63,30,33,17
534002444,0,0,0,0
534002451,0,0,0,0
534002452,0,0,0,0
534002453,0,0,0,0
534002454,237,109,128,62
534002461,0,0,0,0
534002462,528,248,280,149
534002463,19,8,11,6
534002464,406,198,208,114
534002471,262,130,132,84
534002472,135,71,64,43
534002473,478,220,258,165
534002474,287,128,159,102
534002481,0,0,0,0
534002482,57,28,29,20
534002483,0,0,0,0
534002484,254,121,133,83
534002491,524,253,271,163
534002492,383,197,186,121
534002493,666,322,344,256
534002494,97,51,46,37
534002501,0,0,0,0
534002502,111,55,56,32
534002503,0,0,0,0
534002504,107,54,53,25
534002511,0,0,0,0
534002512,225,99,126,60
534002513,0,0,0,0
534002514,127,64,63,36
534002521,105,48,57,41
534002522,165,79,86,44
534002523,0,0,0,0
534002524,0,0,0,0
534002531,65,31,34,17
534002532,0,0,0,0
534002533,0,0,0,0
534002534,0,0,0,0
534002541,0,0,0,0
534002542,139,72,67,33
534002543,0,0,0,0
534002544,98,46,52,25
534002551,37,17,20,9
534002552,0,0,0,0
534002553,0,0,0,0
534002554,0,0,0,0
534002561,109,52,57,30
534002562,0,0,0,0
534002563,140,65,75,38
534002564,173,89,84,50
534002571,231,109,122,61
534002572,223,106,117,80
534002573,354,170,184,105
534002574,32,15,17,10
534002581,459,225,234,151
534002582,771,359,412,267
534002583,243,114,129,70
534002584,306,149,157,112
534002591,862,416,446,293
534002592,109,51,58,34
534002593,163,79,84,54
534002594,231,114,117,71
534002601,0,0,0,0
534002602,0,0,0,0
534002603,76,32,44,20
534002604,0,0,0,0
534002611,0,0,0,0
534002612,0,0,0,0
534002613,0,0,0,0
534002614,0,0,0,0
534002621,0,0,0,0
534002622,0,0,0,0
534002623,92,44,48,30
534002624,0,0,0,0
534002631,0,0,0,0
534002632,0,0,0,0
534002633,228,108,120,55
534002634,58,34,24,18
534002641,97,49,48,24
534002642,0,0,0,0
534002643,99,53,46,13
534002644,0,0,0,0
534002651,0,0,0,0
534002652,0,0,0,0
534002653,0,0,0,0
534002654,0,0,0,0
534002661,215,111,104,53
534002662,49,14,35,1
534002663,7,2,5,2
534002664,0,0,0,0
534002671,0,0,0,0
534002672,0,0,0,0
534002673,108,42,66,28
534002674,260,134,126,85
534002681,272,133,139,67
534002682,187,95,92,63
534002683,0,0,0,0
534002684,60,29,31,21
534002691,435,181,254,137
534002692,325,165,160,84
534002693,3,2,1,2
534002694,0,0,0,0
534002701,0,0,0,0
534002702,134,68,66,32
534002703,41,20,21,10
534002704,0,0,0,0
534002711,207,98,109,50
534002712,55,27,28,15
534002713,0,0,0,0
534002714,0,0,0,0
534002721,0,0,0,0
534002722,70,39,31,20
534002723,0,0,0,0
534002724,208,101,107,64
534002731,146,64,82,33
534002732,213,101,112,74
534002733,200,97,103,55
534002734,446,218,228,151
534002741,89,41,48,27
534002742,204,97,107,58
534002743,693,341,352,228
534002744,385,194,191,121
534002751,101,52,49,32
534002752,298,143,155,105
534002753,210,108,102,61
534002754,299,143,156,111
534002761,52,27,25,17
534002762,226,110,116,67
534002763,90,43,47,31
534002764,0,0,0,0
534002771,127,58,69,36
534002772,326,163,163,86
534002773,221,111,110,74
534002774,336,163,173,100
534002781,303,157,146,69
534002782,174,86,88,48
534002783,468,227,241,146
534002784,0,0,0,0
534002791,161,72,89,49
534002792,0,0,0,0
534002793,0,0,0,0
534002794,123,61,62,40
534002801,0,0,0,0
534002802,0,0,0,0
534002803,0,0,0,0
534002804,0,0,0,0
534002811,0,0,0,0
534002812,56,26,30,15
534002813,427,208,219,110
534002814,0,0,0,0
534002821,0,0,0,0
534002822,104,47,57,26
534002823,0,0,0,0
534002824,742,368,374,256
534002831,0,0,0,0
534002832,398,202,196,126
534002833,0,0,0,0
534002834,161,83,78,42
534002841,783,333,450,190
534002842,510,251,259,162
534002843,636,320,316,199
534002844,949,481,468,336
534002851,140,71,69,42
534002852,625,292,333,229
534002853,451,237,214,164
534002854,340,173,167,121
534002861,0,0,0,0
534002862,192,97,95,53
534002863,0,0,0,0
534002864,0,0,0,0
534002871,192,96,96,53
534002872,256,132,124,89
534002873,54,28,26,17
534002874,161,74,87,46
534002881,0,0,0,0
534002882,405,208,197,96
534002883,102,55,47,31
534002884,104,55,49,30
534002891,0,0,0,0
534002892,332,171,161,105
534002893,0,0,0,0
534002894,225,115,110,64
534002901,110,51,59,28
534002902,80,38,42,21
534002903,122,61,61,33
534002904,0,0,0,0
534002911,107,54,53,34
534002912,0,0,0,0
534002913,0,0,0,0
534002914,117,56,61,38
534002921,479,233,246,146
534002922,225,100,125,76
534002923,499,242,257,153
534002924,175,85,90,63
534002931,20,10,10,8
534002932,385,196,189,153
534002933,733,376,357,250
534002934,685,334,351,265
534002941,1009,494,515,342
534002942,948,449,499,332
534002943,801,398,403,313
534002944,931,493,438,390
534002951,253,123,130,82
534002952,576,281,295,189
534002953,651,321,330,247
534002954,500,254,246,169
534002961,13,7,6,7
534002962,0,0,0,0
534002963,253,148,105,117
534002964,0,0,0,0
534002971,235,123,112,70
534002972,304,138,166,94
534002973,168,80,88,50
534002974,61,28,33,18
534002981,0,0,0,0
534002982,207,102,105,60
534002983,142,65,77,45
534002984,168,71,97,48
534002991,0,0,0,0
534002992,111,52,59,31
534002993,0,0,0,0
534002994,194,89,105,57
534003001,0,0,0,0
534003002,0,0,0,0
534003003,70,33,37,21
534003004,220,107,113,68
534003011,0,0,0,0
534003012,0,0,0,0
534003013,0,0,0,0
534003014,0,0,0,0
534003101,198,98,100,52
534003102,0,0,0,0
534003103,175,83,92,44
534003104,0,0,0,0
534003111,86,42,44,28
534003113,124,61,63,55
534003201,0,0,0,0
534003202,0,0,0,0
534003203,288,148,140,97
534003204,0,0,0,0
534003211,0,0,0,0
534003213,115,61,54,48
534003301,296,145,151,74
534003302,6,3,3,2
534003303,372,179,193,88
534003304,0,0,0,0
534003311,0,0,0,0
534003313,0,0,0,0
534003401,0,0,0,0
534003402,0,0,0,0
534003403,0,0,0,0
534003404,115,55,60,49
534003411,127,65,62,49
534003413,0,0,0,0
534003501,338,165,173,128
534003502,137,64,73,46
534003503,84,39,45,28
534003504,454,225,229,87
534003511,0,0,0,0
534003513,0,0,0,0
534003601,0,0,0,0
534003602,144,57,87,60
534003603,158,79,79,42
534003604,143,69,74,52
534003611,0,0,0,0
534003613,0,0,0,0
534003701,0,0,0,0
534003702,14,7,7,3
534003703,333,167,166,82
534003704,307,158,149,95
534003711,2,1,1,1
534003713,0,0,0,0
534003801,47,24,23,14
534003802,149,81,68,51
534003803,0,0,0,0
534003804,285,151,134,90
534003811,15,5,10,5
534003812,0,0,0,0
534003813,3,1,2,2
534003814,0,0,0,0
534003901,0,0,0,0
534003902,225,103,122,81
534003903,255,127,128,76
534003904,102,46,56,37
534003911,5,2,3,2
534003912,0,0,0,0
534003913,287,134,153,92
534003914,0,0,0,0
534010001,95,48,47,18
534010002,0,0,0,0
534010003,0,0,0,0
534010004,130,91,39,23
534010011,173,86,87,42
534010012,959,468,491,314
534010013,248,125,123,65
534010014,40,19,21,14
534010021,1669,846,823,494
534010022,0,0,0,0
534010023,284,148,136,86
534010024,0,0,0,0
534010031,0,0,0,0
534010032,170,83,87,51
534010033,43,22,21,14
534010034,481,233,248,140
534010041,105,55,50,33
534010042,92,47,45,30
534010043,43,32,11,1
534010044,48,24,24,14
534010051,0,0,0,0
534010052,0,0,0,0
534010053,50,25,25,14
534010054,0,0,0,0
534010061,0,0,0,0
534010062,0,0,0,0
534010063,46,21,25,11
534010064,77,37,40,20
534010071,0,0,0,0
534010072,0,0,0,0
534010073,40,20,20,11
534010074,0,0,0,0
534010081,412,210,202,135
534010082,813,413,400,276
534010083,317,164,153,103
534010084,13,6,7,4
534010091,181,94,87,58
534010092,161,73,88,54
534010093,477,228,249,169
534010094,351,173,178,104
534010101,0,0,0,0
534010102,0,0,0,0
534010103,222,116,106,62
534010104,0,0,0,0
534010111,0,0,0,0
534010112,0,0,0,0
534010113,0,0,0,0
534010114,316,170,146,7
534010121,79,39,40,20
534010122,0,0,0,0
534010123,0,0,0,0
534010124,197,99,98,58
534010131,42,23,19,14
534010132,108,57,51,36
534010133,0,0,0,0
534010134,53,26,27,21
534010141,59,32,27,15
534010142,47,27,20,12
534010143,0,0,0,0
534010144,50,12,38,1
534010151,9,6,3,2
534010152,242,125,117,79
534010153,6,3,3,1
534010154,25,13,12,6
534010161,0,0,0,0
534010162,62,33,29,20
534010163,0,0,0,0
534010164,17,10,7,4
534010171,658,348,310,209
534010172,90,49,41,29
534010173,363,193,170,112
534010174,175,88,87,53
534010181,192,88,104,53
534010182,108,53,55,30
534010183,235,120,115,68
534010184,148,73,75,39
534010191,542,276,266,158
534010192,68,37,31,21
534010193,842,404,438,269
534010194,0,0,0,0
534010201,376,183,193,117
534010202,68,34,34,18
534010203,1582,800,782,535
534010204,191,93,98,45
534010211,0,0,0,0
534010212,142,76,66,33
534010213,0,0,0,0
534010214,0,0,0,0
534010221,104,58,46,3
534010222,0,0,0,0
534010223,55,24,31,21
534010224,0,0,0,0
534010231,0,0,0,0
534010232,157,77,80,47
534010233,206,96,110,62
534010234,1814,888,926,569
534010241,9,4,5,3
534010242,0,0,0,0
534010243,985,493,492,315
534010244,113,55,58,28
534010251,0,0,0,0
534010252,95,42,53,26
534010253,0,0,0,0
534010254,0,0,0,0
534010261,66,31,35,17
534010262,280,144,136,80
534010263,0,0,0,0
534010264,0,0,0,0
534010271,364,194,170,116
534010272,6,3,3,1
534010273,0,0,0,0
534010274,0,0,0,0
534010281,0,0,0,0
534010282,59,39,20,17
534010283,250,129,121,64
534010284,0,0,0,0
534010291,1063,517,546,350
534010292,65,34,31,22
534010293,540,276,264,200
534010294,86,39,47,24
534010301,1464,731,733,496
534010302,489,224,265,149
534010303,2014,986,1028,711
534010304,1915,961,954,638
534010311,207,101,106,57
534010312,0,0,0,0
534010313,19,10,9,7
534010314,0,0,0,0
534010321,0,0,0,0
534010322,0,0,0,0
534010323,0,0,0,0
534010324,0,0,0,0
534010331,1430,826,604,348
534010332,1288,639,649,406
534010333,400,194,206,138
534010334,375,163,212,95
534010341,859,438,421,284
534010342,130,79,51,71
534010343,1325,731,594,564
534010344,400,243,157,184
534010351,0,0,0,0
534010352,0,0,0,0
534010353,0,0,0,0
534010354,91,43,48,22
534010361,0,0,0,0
534010362,51,26,25,16
534010363,141,68,73,41
534010364,26,13,13,8
534010371,173,90,83,40
534010372,231,124,107,65
534010373,30,13,17,8
534010374,185,93,92,58
534010381,912,452,460,268
534010382,927,461,466,294
534010383,2769,1386,1383,881
534010384,1323,665,658,435
534010391,323,152,171,82
534010392,280,130,150,71
534010393,124,54,70,39
534010394,67,33,34,22
534010401,1063,570,493,431
534010402,595,298,297,176
534010403,82,40,42,30
534010404,0,0,0,0
534010411,786,394,392,262
534010412,0,0,0,0
534010413,138,63,75,42
534010414,476,239,237,143
534010421,0,0,0,0
534010422,23,11,12,5
534010423,15,8,7,7
534010424,22,9,13,5
534010431,0,0,0,0
534010432,303,144,159,67
534010433,4,2,2,1
534010434,0,0,0,0
534010441,1677,979,698,744
534010442,148,86,62,72
534010443,698,598,100,564
534010444,252,165,87,135
534010451,135,64,71,38
534010452,1300,637,663,381
534010453,771,400,371,216
534010454,845,418,427,249
534010461,339,167,172,100
534010462,0,0,0,0
534010463,8,3,5,2
534010464,21,11,10,6
534010471,8,3,5,2
534010472,0,0,0,0
534010473,0,0,0,0
534010474,0,0,0,0
534010481,1041,507,534,319
534010482,180,88,92,54
534010483,0,0,0,0
534010484,0,0,0,0
534010491,129,67,62,34
534010492,217,110,107,56
534010493,140,66,74,33
534010494,39,23,16,14
534010501,0,0,0,0
534010502,129,69,60,40
534010503,0,0,0,0
534010504,0,0,0,0
534010511,198,101,97,62
534010512,368,186,182,126
534010513,0,0,0,0
534010514,21,11,10,9
534010521,322,190,132,166
534010522,164,74,90,56
534010523,33,18,15,9
534010524,411,213,198,163
534010531,0,0,0,0
534010532,132,65,67,43
534010533,94,48,46,40
534010534,991,486,505,361
534010541,56,31,25,13
534010542,4,1,3,3
534010543,2009,979,1030,666
534010544,358,168,190,119
534010551,26,10,16,7
534010552,59,28,31,16
534010553,137,36,101,100
534010554,0,0,0,0
534010561,0,0,0,0
534010562,0,0,0,0
534010563,20,9,11,7
534010564,84,61,23,1
534010571,0,0,0,0
534010572,0,0,0,0
534010573,0,0,0,0
534010574,116,56,60,34
534010581,0,0,0,0
534010582,0,0,0,0
534010583,0,0,0,0
534010584,0,0,0,0
534010591,0,0,0,0
534010592,0,0,0,0
534010593,204,99,105,50
534010594,146,68,78,52
534010601,0,0,0,0
534010602,0,0,0,0
534010603,0,0,0,0
534010604,0,0,0,0
534010611,0,0,0,0
534010612,0,0,0,0
534010613,0,0,0,0
534010614,0,0,0,0
534010621,214,99,115,67
534010622,1294,706,588,504
534010623,14,8,6,5
534010624,813,403,410,276
534010631,649,327,322,254
534010632,1342,675,667,462
534010633,1123,570,553,435
534010634,696,366,330,265
534010641,1906,907,999,660
534010642,2116,1059,1057,787
534010643,1161,570,591,401
534010644,1255,666,589,518
534010651,115,60,55,44
534010652,0,0,0,0
534010653,200,108,92,51
534010654,162,80,82,42
534010661,17,7,10,6
534010662,0,0,0,0
534010663,309,161,148,79
534010664,0,0,0,0
534010671,0,0,0,0
534010672,208,107,101,63
534010673,381,186,195,119
534010674,208,103,105,66
534010681,237,122,115,65
534010682,0,0,0,0
534010683,18,9,9,5
534010684,265,133,132,68
534010691,126,68,58,35
534010692,106,55,51,34
534010693,0,0,0,0
534010694,18,10,8,4
534010701,0,0,0,0
534010702,0,0,0,0
534010704,0,0,0,0
534010711,0,0,0,0
534010712,0,0,0,0
534010713,0,0,0,0
534010714,0,0,0,0
534010721,0,0,0,0
534010722,305,162,143,136
534010723,0,0,0,0
534010724,19,15,4,14
534010731,917,466,451,334
534010732,1217,593,624,476
534010733,235,124,111,122
534010734,946,505,441,388
534010741,857,452,405,350
534010742,258,131,127,96
534010743,744,379,365,284
534010744,437,208,229,151
534010751,119,67,52,33
534010752,0,0,0,0
534010753,195,100,95,58
534010754,146,77,69,51
534010761,0,0,0,0
534010762,59,30,29,17
534010763,132,73,59,40
534010764,56,25,31,13
534010771,51,25,26,16
534010772,0,0,0,0
534010773,202,101,101,71
534010774,325,158,167,96
534010781,0,0,0,0
534010782,118,61,57,30
534010783,183,86,97,54
534010784,282,141,141,73
534010791,259,129,130,73
534010792,216,121,95,74
534010793,0,0,0,0
534010794,405,205,200,144
534010802,0,0,0,0
534010811,0,0,0,0
534010812,0,0,0,0
534010813,0,0,0,0
534010814,0,0,0,0
534010821,0,0,0,0
534010822,0,0,0,0
534010823,0,0,0,0
534010824,0,0,0,0
534010831,30,20,10,17
534010832,1417,874,543,736
534010833,0,0,0,0
534010834,580,340,240,253
534010841,865,458,407,326
534010842,628,320,308,230
534010843,853,433,420,311
534010844,883,433,450,315
534010851,314,135,179,71
534010852,68,32,36,20
534010853,18,9,9,5
534010854,274,146,128,93
534010861,255,132,123,79
534010862,127,64,63,30
534010863,238,122,116,68
534010864,51,24,27,17
534010871,9,5,4,3
534010872,24,13,11,6
534010873,163,86,77,51
534010874,171,90,81,48
534010881,0,0,0,0
534010882,0,0,0,0
534010883,134,68,66,41
534010884,1281,624,657,405
534010891,0,0,0,0
534010892,581,293,288,187
534010893,1858,899,959,603
534010894,1695,867,828,551
534010911,0,0,0,0
534010912,0,0,0,0
534010914,0,0,0,0
534010921,0,0,0,0
534010922,0,0,0,0
534010923,0,0,0,0
534010924,0,0,0,0
534010931,0,0,0,0
534010932,199,107,92,71
534010933,0,0,0,0
534010934,0,0,0,0
534010941,789,409,380,265
534010942,490,242,248,160
534010943,507,283,224,204
534010944,581,322,259,215
534010951,286,154,132,108
534010952,291,147,144,88
534010953,571,312,259,206
534010954,536,282,254,184
534010961,456,219,237,156
534010962,0,0,0,0
534010963,195,99,96,65
534010964,103,52,51,39
534010971,132,67,65,37
534010972,225,117,108,72
534010973,117,59,58,31
534010974,302,145,157,89
534010981,494,256,238,167
534010982,1211,610,601,388
534010983,469,235,234,168
534010984,941,473,468,344
534010991,1686,837,849,630
534010992,1844,944,900,686
534010993,753,391,362,319
534010994,1610,840,770,587
534011001,0,0,0,0
534011002,0,0,0,0
534011003,0,0,0,0
534011004,0,0,0,0
534011011,0,0,0,0
534011012,0,0,0,0
534011013,0,0,0,0
534011014,0,0,0,0
534011021,0,0,0,0
534011022,0,0,0,0
534011023,0,0,0,0
534011024,0,0,0,0
534011031,0,0,0,0
534011032,0,0,0,0
534011033,0,0,0,0
534011034,0,0,0,0
534011041,0,0,0,0
534011042,0,0,0,0
534011043,0,0,0,0
534011044,0,0,0,0
534011051,0,0,0,0
534011052,140,66,74,40
534011053,75,37,38,20
534011054,103,51,52,28
534011061,0,0,0,0
534011062,0,0,0,0
534011063,0,0,0,0
534011064,0,0,0,0
534011071,0,0,0,0
534011072,81,41,40,22
534011073,0,0,0,0
534011074,164,82,82,45
534011081,85,43,42,22
534011082,71,34,37,18
534011083,0,0,0,0
534011084,162,80,82,43
534011091,81,45,36,25
534011092,111,48,63,24
534011093,67,32,35,17
534011094,0,0,0,0
534011101,0,0,0,0
534011102,0,0,0,0
534011103,20,11,9,7
534011104,0,0,0,0
534011111,0,0,0,0
534011112,0,0,0,0
534011113,61,36,25,17
534011114,0,0,0,0
534011121,0,0,0,0
534011122,0,0,0,0
534011123,0,0,0,0
534011124,120,62,58,33
534011131,67,35,32,17
534011132,0,0,0,0
534011133,125,63,62,33
534011134,0,0,0,0
534011141,0,0,0,0
534011142,0,0,0,0
534011143,0,0,0,0
534011144,76,37,39,19
534011151,456,220,236,120
534011152,103,48,55,28
534011153,87,42,45,23
534011154,217,105,112,62
534011161,0,0,0,0
534011162,0,0,0,0
534011163,0,0,0,0
534011164,169,79,90,49
534011171,270,133,137,78
534011172,0,0,0,0
534011173,564,241,323,140
534011174,284,100,184,33
534011181,96,50,46,26
534011182,0,0,0,0
534011183,0,0,0,0
534011184,305,159,146,93
534011191,0,0,0,0
534011192,62,26,36,16
534011193,0,0,0,0
534011194,0,0,0,0
534011201,59,29,30,18
534011202,0,0,0,0
534011203,279,144,135,73
534011204,20,12,8,6
534011211,0,0,0,0
534011212,0,0,0,0
534011213,0,0,0,0
534011214,0,0,0,0
534011221,0,0,0,0
534011222,195,100,95,54
534011223,0,0,0,0
534011224,0,0,0,0
534011231,0,0,0,0
534011232,0,0,0,0
534011233,0,0,0,0
534011234,0,0,0,0
534011241,0,0,0,0
534011242,0,0,0,0
534011243,0,0,0,0
534011244,0,0,0,0
534011251,141,70,71,36
534011252,0,0,0,0
534011253,0,0,0,0
534011254,0,0,0,0
534011261,295,144,151,79
534011262,0,0,0,0
534011263,0,0,0,0
534011264,0,0,0,0
534011271,0,0,0,0
534011272,0,0,0,0
534011273,0,0,0,0
534011274,0,0,0,0
534011281,0,0,0,0
534011282,0,0,0,0
534011283,0,0,0,0
534011284,202,95,107,49
534011291,0,0,0,0
534011292,0,0,0,0
534011293,0,0,0,0
534011294,0,0,0,0
534011301,72,35,37,16
534011302,33,15,18,9
534011303,4,2,2,1
534011304,73,34,39,22
534011311,88,43,45,26
534011312,120,63,57,31
534011313,180,81,99,50
534011314,0,0,0,0
534011321,0,0,0,0
534011322,98,45,53,23
534011323,0,0,0,0
534011324,0,0,0,0
534011331,0,0,0,0
534011332,0,0,0,0
534011333,106,49,57,28
534011334,0,0,0,0
534011341,0,0,0,0
534011342,0,0,0,0
534011343,0,0,0,0
534011344,0,0,0,0
534011351,0,0,0,0
534011352,0,0,0,0
534011353,0,0,0,0
534011354,0,0,0,0
534011361,0,0,0,0
534011362,0,0,0,0
534011363,0,0,0,0
534011364,0,0,0,0
534011371,0,0,0,0
534011372,0,0,0,0
534011373,0,0,0,0
534011374,0,0,0,0
534011381,0,0,0,0
534011382,106,58,48,26
534011383,0,0,0,0
534011384,0,0,0,0
534011391,100,52,48,28
534011392,229,123,106,58
534011393,0,0,0,0
534011394,0,0,0,0
534011401,249,131,118,77
534011402,84,41,43,22
534011403,82,38,44,27
534011404,385,196,189,124
534011411,250,133,117,75
534011412,438,411,27,61
534011413,172,82,90,44
534011414,45,45,0,2
534011421,146,78,68,9
534011422,5,2,3,1
534011423,0,0,0,0
534011424,0,0,0,0
534011431,89,48,41,22
534011432,0,0,0,0
534011433,0,0,0,0
534011434,0,0,0,0
534011441,0,0,0,0
534011442,0,0,0,0
534011443,0,0,0,0
534011444,0,0,0,0
534011451,0,0,0,0
534011452,150,73,77,39
534011453,0,0,0,0
534011454,160,75,85,47
534011461,0,0,0,0
534011462,0,0,0,0
534011463,0,0,0,0
534011464,207,109,98,63
534011471,0,0,0,0
534011472,0,0,0,0
534011473,0,0,0,0
534011474,390,206,184,107
534011481,0,0,0,0
534011482,62,30,32,15
534011483,0,0,0,0
534011484,11,6,5,4
534011491,51,26,25,15
534011492,0,0,0,0
534011493,97,50,47,26
534011494,321,156,165,94
534011501,175,84,91,48
534011502,0,0,0,0
534011503,72,37,35,26
534011504,2,1,1,1
534011511,128,63,65,30
534011512,152,66,86,47
534011513,305,143,162,86
534011514,91,42,49,27
534011521,2,1,1,1
534011522,0,0,0,0
534011523,4,2,2,1
534011524,0,0,0,0
534011531,0,0,0,0
534011532,0,0,0,0
534011533,0,0,0,0
534011534,0,0,0,0
534011541,0,0,0,0
534011542,0,0,0,0
534011543,0,0,0,0
534011544,0,0,0,0
534011551,0,0,0,0
534011552,221,124,97,66
534011553,0,0,0,0
534011554,0,0,0,0
534011561,0,0,0,0
534011562,0,0,0,0
534011563,0,0,0,0
534011564,0,0,0,0
534011571,0,0,0,0
534011572,0,0,0,0
534011573,208,108,100,66
534011574,0,0,0,0
534011581,0,0,0,0
534011582,0,0,0,0
534011583,0,0,0,0
534011584,60,31,29,17
534011591,232,113,119,72
534011592,90,40,50,32
534011593,127,60,67,37
534011594,120,55,65,33
534011601,65,36,29,24
534011602,495,244,251,122
534011603,125,62,63,32
534011604,192,92,100,62
534011611,47,23,24,15
534011612,0,0,0,0
534011613,0,0,0,0
534011614,0,0,0,0
534011621,0,0,0,0
534011622,0,0,0,0
534011623,0,0,0,0
534011624,0,0,0,0
534011631,51,19,32,2
534011632,0,0,0,0
534011633,88,43,45,25
534011634,0,0,0,0
534011641,0,0,0,0
534011642,0,0,0,0
534011643,33,14,19,9
534011644,42,23,19,11
534011651,0,0,0,0
534011652,430,218,212,128
534011653,0,0,0,0
534011654,47,26,21,19
534011661,0,0,0,0
534011662,0,0,0,0
534011663,0,0,0,0
534011664,0,0,0,0
534011671,0,0,0,0
534011672,0,0,0,0
534011673,0,0,0,0
534011674,0,0,0,0
534011681,0,0,0,0
534011682,0,0,0,0
534011683,0,0,0,0
534011684,423,197,226,117
534011691,39,18,21,14
534011692,107,51,56,32
534011693,0,0,0,0
534011694,0,0,0,0
534011701,487,217,270,145
534011702,144,71,73,45
534011703,230,112,118,69
534011704,97,49,48,28
534011711,0,0,0,0
534011712,0,0,0,0
534011713,27,13,14,9
534011714,0,0,0,0
534011721,0,0,0,0
534011722,0,0,0,0
534011723,0,0,0,0
534011724,0,0,0,0
534011731,175,87,88,44
534011732,0,0,0,0
534011733,66,31,35,16
534011734,0,0,0,0
534011741,28,15,13,7
534011742,55,27,28,18
534011743,0,0,0,0
534011744,26,12,14,7
534011751,0,0,0,0
534011752,0,0,0,0
534011753,73,40,33,27
534011754,0,0,0,0
534011761,0,0,0,0
534011762,212,110,102,66
534011763,0,0,0,0
534011764,0,0,0,0
534011771,0,0,0,0
534011772,0,0,0,0
534011773,0,0,0,0
534011774,0,0,0,0
534011781,191,87,104,61
534011782,0,0,0,0
534011783,0,0,0,0
534011784,46,21,25,15
534011791,0,0,0,0
534011792,0,0,0,0
534011793,0,0,0,0
534011794,49,24,25,20
534011801,239,120,119,77
534011802,0,0,0,0
534011803,211,104,107,67
534011804,37,21,16,17
534011811,214,107,107,71
534011812,180,93,87,46
534011813,151,76,75,46
534011814,54,30,24,17
534011821,26,13,13,9
534011822,0,0,0,0
534011823,42,20,22,13
534011824,16,6,10,5
534011831,38,18,20,11
534011832,110,51,59,24
534011833,8,3,5,2
534011834,2,0,2,1
534011841,0,0,0,0
534011842,138,76,62,39
534011843,0,0,0,0
534011844,154,78,76,42
534011851,118,63,55,43
534011852,33,15,18,9
534011853,86,50,36,10
534011854,33,15,18,8
534011861,0,0,0,0
534011862,0,0,0,0
534011863,47,24,23,13
534011864,17,8,9,4
534011871,0,0,0,0
534011872,0,0,0,0
534011873,124,58,66,33
534011874,0,0,0,0
534011881,48,26,22,14
534011882,48,21,27,15
534011883,0,0,0,0
534011884,94,48,46,25
534011891,0,0,0,0
534011892,0,0,0,0
534011893,16,5,11,4
534011894,43,21,22,11
534011901,11,4,7,6
534011902,0,0,0,0
534011903,28,14,14,9
534011904,57,25,32,18
534011911,223,112,111,65
534011912,0,0,0,0
534011913,133,67,66,40
534011914,410,201,209,120
534011921,105,57,48,28
534011922,31,17,14,13
534011923,115,53,62,33
534011924,97,45,52,29
534011931,0,0,0,0
534011932,0,0,0,0
534011933,0,0,0,0
534011934,45,22,23,15
534011941,215,108,107,66
534011942,58,27,31,19
534011943,118,58,60,40
534011944,559,293,266,214
534011951,0,0,0,0
534011952,0,0,0,0
534011953,0,0,0,0
534011954,0,0,0,0
534011961,45,22,23,12
534011962,14,6,8,4
534011963,0,0,0,0
534011964,13,8,5,3
534011971,0,0,0,0
534011972,0,0,0,0
534011973,0,0,0,0
534011974,18,8,10,5
534011981,9,5,4,3
534011982,41,20,21,10
534011983,0,0,0,0
534011984,12,7,5,4
534011991,0,0,0,0
534011992,28,12,16,8
534011993,72,34,38,20
534011994,101,48,53,26
534012001,0,0,0,0
534012002,150,77,73,42
534012003,0,0,0,0
534012004,0,0,0,0
534012011,121,48,73,31
534012012,518,246,272,154
534012013,339,153,186,113
534012014,480,241,239,151
534012021,1343,641,702,508
534012022,898,430,468,308
534012023,681,344,337,248
534012024,1359,670,689,487
534012031,488,237,251,159
534012032,979,489,490,368
534012033,916,439,477,342
534012034,903,440,463,392
534012041,433,254,179,229
534012042,459,240,219,187
534012043,423,193,230,187
534012044,329,157,172,124
534012051,960,442,518,337
534012052,942,453,489,314
534012053,873,428,445,325
534012054,1178,568,610,415
534012061,155,77,78,56
534012062,0,0,0,0
534012063,520,253,267,171
534012064,263,124,139,92
534012071,401,194,207,135
534012072,0,0,0,0
534012073,318,158,160,98
534012074,187,99,88,60
534012081,0,0,0,0
534012082,184,81,103,49
534012083,217,111,106,61
534012084,0,0,0,0
534012091,0,0,0,0
534012092,252,124,128,72
534012093,16,9,7,4
534012094,0,0,0,0
534012101,69,32,37,17
534012102,183,84,99,65
534012103,202,97,105,51
534012104,257,127,130,89
534012111,0,0,0,0
534012112,187,91,96,54
534012113,255,126,129,70
534012114,84,36,48,28
534012121,158,80,78,52
534012122,614,301,313,221
534012123,542,270,272,172
534012124,309,154,155,112
534012131,1239,585,654,432
534012132,1320,617,703,491
534012133,618,314,304,242
534012134,947,463,484,365
534012141,884,414,470,338
534012142,971,489,482,407
534012143,1521,791,730,569
534012144,910,477,433,336
534012151,441,226,215,177
534012152,273,138,135,85
534012153,882,481,401,371
534012154,333,162,171,98
534012161,110,58,52,38
534012162,334,176,158,107
534012163,236,119,117,75
534012164,0,0,0,0
534012171,0,0,0,0
534012172,60,32,28,19
534012173,0,0,0,0
534012174,0,0,0,0
534012181,152,81,71,55
534012182,436,226,210,126
534012183,0,0,0,0
534012184,133,64,69,36
534012191,0,0,0,0
534012192,167,78,89,49
534012193,137,65,72,41
534012194,0,0,0,0
534012201,124,62,62,41
534012202,1260,606,654,392
534012203,320,139,181,100
534012204,494,243,251,146
534012211,163,88,75,46
534012212,80,40,40,22
534012213,206,101,105,68
534012214,155,76,79,50
534012221,267,136,131,92
534012222,82,39,43,30
534012223,131,64,67,47
534012224,121,66,55,49
534012231,579,270,309,216
534012232,1077,537,540,398
534012233,396,200,196,158
534012234,1015,505,510,346
534012241,1363,652,711,514
534012242,211,100,111,70
534012243,893,404,489,307
534012244,3,2,1,1
534012251,843,416,427,302
534012252,296,132,164,106
534012253,761,380,381,268
534012254,380,165,215,94
534012261,58,24,34,19
534012262,0,0,0,0
534012263,0,0,0,0
534012264,248,127,121,69
534012271,712,348,364,246
534012272,0,0,0,0
534012273,39,19,20,13
534012274,0,0,0,0
534012281,0,0,0,0
534012282,0,0,0,0
534012283,0,0,0,0
534012284,229,120,109,81
534012291,191,96,95,46
534012292,241,118,123,71
534012293,162,82,80,40
534012294,250,121,129,80
534012301,21,9,12,5
534012302,183,94,89,52
534012303,0,0,0,0
534012304,561,290,271,168
534012311,21,11,10,6
534012312,236,119,117,73
534012313,205,103,102,76
534012314,362,180,182,108
534012321,47,18,29,14
534012322,0,0,0,0
534012323,98,47,51,32
534012324,225,104,121,63
534012331,220,117,103,78
534012332,978,488,490,355
534012333,487,244,243,170
534012334,1044,516,528,366
534012341,462,226,236,153
534012342,278,138,140,100
534012343,782,380,402,277
534012344,1170,585,585,439
534012351,647,336,311,235
534012352,971,474,497,312
534012353,781,388,393,249
534012354,415,194,221,130
534012361,110,50,60,30
534012362,0,0,0,0
534012363,137,63,74,39
534012364,277,132,145,86
534012371,133,69,64,38
534012372,0,0,0,0
534012373,116,62,54,39
534012374,0,0,0,0
534012381,0,0,0,0
534012382,0,0,0,0
534012383,174,92,82,48
534012384,166,74,92,49
534012391,126,67,59,37
534012392,0,0,0,0
534012393,220,109,111,70
534012394,0,0,0,0
534012401,183,83,100,55
534012402,374,177,197,111
534012403,131,62,69,47
534012404,139,60,79,56
534012411,370,178,192,118
534012412,94,41,53,28
534012413,0,0,0,0
534012414,0,0,0,0
534012421,0,0,0,0
534012422,202,103,99,48
534012423,0,0,0,0
534012424,0,0,0,0
534012431,202,104,98,94
534012432,509,246,263,188
534012433,109,54,55,37
534012434,205,108,97,74
534012441,352,181,171,154
534012442,713,357,356,268
534012443,167,86,81,63
534012444,165,77,88,54
534012451,122,59,63,39
534012452,0,0,0,0
534012453,0,0,0,0
534012454,280,144,136,87
534012461,312,158,154,84
534012462,0,0,0,0
534012463,72,35,37,24
534012464,0,0,0,0
534012471,88,42,46,20
534012472,0,0,0,0
534012473,156,73,83,53
534012474,0,0,0,0
534012481,0,0,0,0
534012482,158,81,77,51
534012483,240,111,129,71
534012484,194,96,98,60
534012491,285,140,145,82
534012492,136,61,75,31
534012493,0,0,0,0
534012494,151,74,77,40
534012501,207,96,111,46
534012502,92,45,47,24
534012503,0,0,0,0
534012504,0,0,0,0
534012511,0,0,0,0
534012512,0,0,0,0
534012513,0,0,0,0
534012514,0,0,0,0
534012521,0,0,0,0
534012522,196,101,95,60
534012523,0,0,0,0
534012524,0,0,0,0
534012531,196,93,103,55
534012532,267,128,139,96
534012533,0,0,0,0
534012534,342,163,179,112
534012541,264,124,140,80
534012542,195,92,103,61
534012543,340,168,172,101
534012544,149,75,74,42
534012551,0,0,0,0
534012552,251,130,121,79
534012553,143,69,74,36
534012554,24,13,11,6
534012561,0,0,0,0
534012562,443,234,209,131
534012563,216,105,111,79
534012564,102,45,57,36
534012571,172,86,86,51
534012572,0,0,0,0
534012573,0,0,0,0
534012574,310,158,152,108
534012581,0,0,0,0
534012582,341,165,176,113
534012583,195,100,95,53
534012584,0,0,0,0
534012591,287,140,147,78
534012592,0,0,0,0
534012593,157,73,84,46
534012594,0,0,0,0
534012601,0,0,0,0
534012602,0,0,0,0
534012603,0,0,0,0
534012604,0,0,0,0
534012611,0,0,0,0
534012612,114,54,60,27
534012613,0,0,0,0
534012614,0,0,0,0
534012621,149,72,77,42
534012622,0,0,0,0
534012623,165,83,82,41
534012624,0,0,0,0
534012631,109,47,62,28
534012632,116,52,64,31
534012633,0,0,0,0
534012634,0,0,0,0
534012641,96,42,54,29
534012642,210,97,113,55
534012643,35,18,17,14
534012644,0,0,0,0
534012651,137,70,67,48
534012652,113,58,55,32
534012653,159,74,85,42
534012654,228,107,121,83
534012661,0,0,0,0
534012662,432,215,217,142
534012663,141,68,73,45
534012664,237,115,122,71
534012671,53,23,30,18
534012672,152,80,72,57
534012673,76,37,39,23
534012674,125,65,60,43
534012681,0,0,0,0
534012682,262,130,132,89
534012683,82,35,47,27
534012684,0,0,0,0
534012691,260,134,126,99
534012692,0,0,0,0
534012693,204,87,117,52
534012694,0,0,0,0
534012701,0,0,0,0
534012702,0,0,0,0
534012703,0,0,0,0
534012704,0,0,0,0
534012711,0,0,0,0
534012712,0,0,0,0
534012713,246,121,125,65
534012714,228,119,109,54
534012721,93,47,46,22
534012722,141,72,69,40
534012723,115,60,55,36
534012724,0,0,0,0
534012731,0,0,0,0
534012732,0,0,0,0
534012733,136,63,73,49
534012734,372,167,205,97
534012741,368,183,185,126
534012742,203,94,109,74
534012743,661,311,350,245
534012744,442,212,230,180
534012751,310,160,150,92
534012752,227,113,114,77
534012753,4,2,2,1
534012754,0,0,0,0
534012761,110,52,58,36
534012762,126,59,67,37
534012763,109,57,52,40
534012764,104,51,53,28
534012771,0,0,0,0
534012772,165,86,79,50
534012773,118,56,62,29
534012774,204,106,98,76
534012781,422,218,204,145
534012782,100,48,52,37
534012783,0,0,0,0
534012784,263,127,136,80
534012791,0,0,0,0
534012792,0,0,0,0
534012793,0,0,0,0
534012794,86,38,48,25
534012801,0,0,0,0
534012802,86,45,41,22
534012803,0,0,0,0
534012804,0,0,0,0
534012811,0,0,0,0
534012812,0,0,0,0
534012813,44,22,22,13
534012814,0,0,0,0
534012821,72,37,35,20
534012822,0,0,0,0
534012823,75,37,38,20
534012824,0,0,0,0
534012831,201,96,105,56
534012832,119,62,57,33
534012833,103,51,52,28
534012834,133,64,69,40
534012841,230,111,119,70
534012842,268,133,135,96
534012843,638,307,331,205
534012844,369,177,192,130
534012851,423,211,212,127
534012852,89,41,48,29
534012853,190,100,90,56
534012854,0,0,0,0
534012861,64,33,31,20
534012862,100,48,52,27
534012863,0,0,0,0
534012864,176,82,94,49
534012871,7,3,4,3
534012872,0,0,0,0
534012873,494,245,249,164
534012874,364,185,179,128
534012881,0,0,0,0
534012882,208,97,111,66
534012883,281,143,138,100
534012884,174,88,86,53
534012891,141,68,73,49
534012892,0,0,0,0
534012893,163,84,79,51
534012894,0,0,0,0
534012901,0,0,0,0
534012902,35,17,18,10
534012903,0,0,0,0
534012904,0,0,0,0
534012911,81,43,38,22
534012912,0,0,0,0
534012913,0,0,0,0
534012914,0,0,0,0
534012921,0,0,0,0
534012922,0,0,0,0
534012923,78,36,42,21
534012924,165,86,79,39
534012931,0,0,0,0
534012932,89,48,41,22
534012933,0,0,0,0
534012934,0,0,0,0
534012941,0,0,0,0
534012942,41,17,24,13
534012943,72,40,32,22
534012944,100,51,49,31
534012951,121,63,58,25
534012952,115,63,52,26
534012953,157,77,80,46
534012954,91,40,51,31
534012961,51,12,39,1
534012962,40,19,21,10
534012963,339,163,176,101
534012964,184,94,90,55
534012971,29,16,13,9
534012972,1066,524,542,338
534012973,146,66,80,48
534012974,464,225,239,141
534012981,67,32,35,20
534012982,57,30,27,16
534012983,464,229,235,150
534012984,220,108,112,70
534012991,24,13,11,7
534012992,73,31,42,21
534012993,89,36,53,29
534012994,71,40,31,15
534013001,208,109,99,70
534013002,28,12,16,12
534013003,0,0,0,0
534013004,0,0,0,0
534013011,212,109,103,57
534013012,0,0,0,0
534013013,166,78,88,49
534013014,0,0,0,0
534013101,195,90,105,49
534013102,216,102,114,59
534013103,106,51,55,34
534013104,0,0,0,0
534013111,186,85,101,54
534013112,0,0,0,0
534013113,159,74,85,51
534013114,381,198,183,109
534013121,0,0,0,0
534013123,0,0,0,0
534013201,162,76,86,52
534013202,202,95,107,54
534013203,0,0,0,0
534013204,188,87,101,59
534013211,0,0,0,0
534013212,401,189,212,129
534013213,0,0,0,0
534013214,646,319,327,206
534013221,0,0,0,0
534013223,79,42,37,33
534013301,0,0,0,0
534013302,0,0,0,0
534013303,141,62,79,41
534013304,136,69,67,47
534013311,228,114,114,73
534013312,580,280,300,175
534013313,219,107,112,63
534013314,357,165,192,112
534013321,0,0,0,0
534013323,0,0,0,0
534013324,0,0,0,0
534013401,0,0,0,0
534013402,328,169,159,95
534013403,118,57,61,45
534013404,0,0,0,0
534013411,0,0,0,0
534013412,111,53,58,49
534013413,0,0,0,0
534013414,0,0,0,0
534013421,202,99,103,78
534013422,0,0,0,0
534013423,290,143,147,75
534013424,0,0,0,0
534013501,219,97,122,69
534013502,0,0,0,0
534013503,108,57,51,39
534013504,0,0,0,0
534013511,47,25,22,19
534013512,0,0,0,0
534013513,206,99,107,61
534013514,229,110,119,57
534013521,462,219,243,122
534013522,0,0,0,0
534013523,0,0,0,0
534013524,295,148,147,83
534013533,0,0,0,0
534013601,173,83,90,53
534013602,244,118,126,74
534013603,170,86,84,50
534013604,0,0,0,0
534013611,0,0,0,0
534013612,143,75,68,44
534013613,0,0,0,0
534013614,161,82,79,46
534013621,0,0,0,0
534013622,385,191,194,116
534013623,0,0,0,0
534013624,281,142,139,79
534013631,0,0,0,0
534013633,193,80,113,58
534013701,322,157,165,91
534013702,0,0,0,0
534013703,157,85,72,43
534013704,90,48,42,23
534013711,0,0,0,0
534013712,101,59,42,24
534013713,0,0,0,0
534013714,240,111,129,59
534013721,34,15,19,11
534013722,264,129,135,69
534013723,0,0,0,0
534013724,96,51,45,26
534013731,289,143,146,96
534013732,7,3,4,1
534013733,739,347,392,221
534013734,56,23,33,19
534013801,256,124,132,79
534013802,80,40,40,32
534013803,0,0,0,0
534013804,153,75,78,53
534013811,89,43,46,26
534013812,0,0,0,0
534022543,140,66,74,44
534022544,0,0,0,0
534022551,325,165,160,101
534022552,95,48,47,27
534022553,144,72,72,41
534022554,100,47,53,27
534022561,102,50,52,34
534022562,571,288,283,170
534022563,41,20,21,12
534022564,18,8,10,6
534022571,411,222,189,171
534022572,708,344,364,193
534022573,396,202,194,140
534022574,297,137,160,90
534022581,0,0,0,0
534022582,0,0,0,0
534022583,245,117,128,84
534022584,56,27,29,18
534022591,0,0,0,0
534022592,0,0,0,0
534022593,151,86,65,48
534022594,331,174,157,111
534022601,27,13,14,8
534022602,0,0,0,0
534022603,0,0,0,0
534022604,50,21,29,14
534022611,0,0,0,0
534022612,105,52,53,24
534022613,0,0,0,0
534022614,0,0,0,0
534022621,0,0,0,0
534022622,0,0,0,0
534022623,187,94,93,50
534022624,0,0,0,0
534022631,24,11,13,7
534022632,249,124,125,83
534022633,14,8,6,4
534022634,390,185,205,128
534022641,611,299,312,204
534022642,0,0,0,0
534022643,681,327,354,211
534022644,0,0,0,0
534023401,149,68,81,40
534023402,0,0,0,0
534023403,124,61,63,26
534023404,0,0,0,0
534023411,328,158,170,93
534023412,373,174,199,111
534023413,51,27,24,14
534023414,436,216,220,147
534023421,683,335,348,203
534023422,0,0,0,0
534023423,500,249,251,149
534023424,103,57,46,30
534023431,52,28,24,15
534023432,0,0,0,0
534023433,184,92,92,51
534023434,153,81,72,52
534023441,289,136,153,78
534023442,185,88,97,50
534023443,242,118,124,71
534023444,244,110,134,68
534023451,64,32,32,22
534023452,907,447,460,287
534023453,176,87,89,59
534023454,108,51,57,30
534023461,257,123,134,87
534023462,0,0,0,0
534023463,783,385,398,239
534023464,0,0,0,0
534023473,0,0,0,0
534030381,3229,1599,1630,1222
534030382,1979,955,1024,1014
534030383,3178,1569,1609,1343
534030384,1793,927,866,985
534030391,483,240,243,249
534030392,1068,498,570,575
534030393,1877,961,916,922
534030394,2346,1103,1243,1119
534030442,1,1,0,1
534030443,0,0,0,0
534030444,687,340,347,217
534030451,310,150,160,103
534030452,2994,1383,1611,1056
534030453,4203,2040,2163,1361
534030454,5026,2445,2581,1796
534030461,2188,1050,1138,885
534030462,22,17,5,18
534030463,4485,2251,2234,1704
534030464,2444,1206,1238,1017
534030471,2678,1385,1293,1177
534030472,3519,1780,1739,1448
534030473,4364,2192,2172,1986
534030474,1987,1050,937,1052
534030481,2756,1390,1366,1444
534030482,2634,1355,1279,1395
534032373,0,0,0,0
534032374,66,33,33,19
534032381,0,0,0,0
534032382,0,0,0,0
534032383,0,0,0,0
534032384,0,0,0,0
534032391,0,0,0,0
534032392,214,100,114,71
534032393,0,0,0,0
534032394,104,57,47,30
534032401,65,32,33,18
534032402,141,55,86,24
534032403,40,18,22,12
534032404,0,0,0,0
534032411,0,0,0,0
534032412,93,50,43,26
534032413,0,0,0,0
534032414,0,0,0,0
534032421,75,40,35,21
534032422,0,0,0,0
534032423,0,0,0,0
534032424,228,110,118,77
534032431,0,0,0,0
534032432,0,0,0,0
534032433,116,52,64,32
534032434,282,149,133,99
534032441,115,56,59,32
534032442,104,57,47,28
534032443,0,0,0,0
534032444,230,116,114,75
534032451,54,27,27,14
534032452,223,112,111,73
534032453,9,4,5,2
534032454,48,24,24,13
534032461,54,27,27,16
534032462,55,26,29,16
534032463,82,41,41,24
534032464,0,0,0,0
534032471,0,0,0,0
534032472,0,0,0,0
534032473,127,65,62,34
534032474,33,15,18,8
534040261,615,316,299,222
534040262,3272,1633,1639,1089
534040263,2345,1200,1145,873
534040264,1801,926,875,635
534040271,4666,2353,2313,1705
534040272,3922,1934,1988,1657
534040273,4739,2352,2387,1795
534040274,5111,2509,2602,2037
534040281,322,161,161,111
534040282,226,125,101,89
534040283,605,284,321,184
534040284,107,49,58,38
534040291,2061,1045,1016,747
534040292,2589,1255,1334,881
534040293,182,88,94,59
534040294,479,231,248,166
534040301,1864,995,869,734
534040302,2761,1535,1226,1249
534040303,2212,1191,1021,1097
534040304,2978,1588,1390,1459
534040311,3765,1981,1784,1803
534040312,2334,1210,1124,1338
534040313,4630,2458,2172,1919
534040314,3063,1611,1452,1434
534040321,2568,1329,1239,1235
534040322,2421,1290,1131,1024
534040323,3837,1994,1843,1740
534040324,2675,1387,1288,1045
534040331,2481,1273,1208,1002
534040332,1937,888,1049,768
534040333,2699,1367,1332,912
534040334,2661,1388,1273,1026
534040341,1457,769,688,677
534040342,4114,2131,1983,1506
534040343,2922,1565,1357,1237
534040344,3843,1980,1863,1513
534040351,2338,1187,1151,975
534040352,1967,975,992,808
534040353,2872,1508,1364,1107
534040354,497,259,238,210
534040361,3143,1631,1512,1179
534040362,2463,1264,1199,931
534044983,0,0,0,0
534044984,0,0,0,0
534044991,0,0,0,0
534044992,0,0,0,0
534044993,0,0,0,0
534044994,224,112,112,51
534045003,0,0,0,0
534013813,196,94,102,61
534013814,0,0,0,0
534013821,320,163,157,91
534013822,58,25,33,15
534013823,216,109,107,70
534013824,102,57,45,31
534013831,629,318,311,184
534013832,270,133,137,82
534013833,207,99,108,62
534013834,483,225,258,138
534013843,7,1,6,2
534013901,40,17,23,8
534013902,243,121,122,89
534013903,250,119,131,86
534013904,319,147,172,96
534013911,54,24,30,15
534013912,176,75,101,55
534013913,266,122,144,79
534013914,0,0,0,0
534013921,105,53,52,33
534013922,148,69,79,43
534013923,205,104,101,53
534013924,0,0,0,0
534013931,0,0,0,0
534013932,838,389,449,247
534013933,210,108,102,60
534013934,525,243,282,154
534013941,96,45,51,32
534013943,122,58,64,34
534013944,0,0,0,0
534020021,0,0,0,0
534020022,0,0,0,0
534020023,0,0,0,0
534020024,0,0,0,0
534020031,0,0,0,0
534020032,0,0,0,0
534020033,0,0,0,0
534020034,0,0,0,0
534020041,238,115,123,70
534020042,830,457,373,332
534020043,74,41,33,33
534020044,334,169,165,123
534020051,753,404,349,262
534020052,724,379,345,292
534020053,978,518,460,356
534020054,963,483,480,364
534020061,1132,575,557,396
534020062,400,189,211,130
534020063,449,253,196,188
534020064,564,287,277,222
534020071,29,16,13,9
534020072,463,253,210,164
534020073,838,403,435,366
534020074,161,85,76,67
534020081,569,314,255,234
534020082,1552,826,726,631
534020083,117,70,47,45
534020084,1262,630,632,450
534020091,1741,903,838,642
534020092,1888,1001,887,707
534020093,2110,1099,1011,730
534020094,1797,896,901,598
534020121,0,0,0,0
534020122,0,0,0,0
534020131,0,0,0,0
534020132,0,0,0,0
534020133,0,0,0,0
534020134,0,0,0,0
534020141,0,0,0,0
534020142,3,3,0,1
534020143,0,0,0,0
534020144,0,0,0,0
534020151,1255,657,598,425
534020152,1249,656,593,490
534020153,469,260,209,199
534020154,2040,1064,976,791
534020161,872,449,423,348
534020162,1095,543,552,436
534020163,970,500,470,389
534020164,1806,920,886,733
534020171,1082,575,507,514
534020172,481,267,214,237
534020173,1083,557,526,486
534020174,1612,853,759,708
534020181,321,160,161,100
534020182,126,61,65,46
534020183,299,158,141,136
534020184,0,0,0,0
534020191,1543,803,740,564
534020192,1071,540,531,376
534020193,152,74,78,41
534020194,579,289,290,194
534020231,0,0,0,0
534020232,0,0,0,0
534020233,0,0,0,0
534020234,0,0,0,0
534020241,0,0,0,0
534020242,0,0,0,0
534020243,0,0,0,0
534020244,0,0,0,0
534020251,0,0,0,0
534020252,1409,738,671,505
534020253,26,16,10,10
534020254,593,322,271,228
534020261,722,397,325,313
534020262,1845,929,916,737
534020263,663,389,274,306
534020264,2293,1213,1080,946
534020271,1200,590,610,452
534020272,1475,759,716,592
534020273,1262,621,641,507
534020274,1301,683,618,516
534020281,1361,708,653,537
534020282,231,125,106,101
534020283,1621,888,733,694
534020284,1263,673,590,540
534020291,0,0,0,0
534020292,490,245,245,160
534020293,227,126,101,92
534020294,34,18,16,14
534020332,0,0,0,0
534020334,0,0,0,0
534020341,0,0,0,0
534020342,0,0,0,0
534020343,0,0,0,0
534020344,0,0,0,0
534020351,0,0,0,0
534020352,277,146,131,85
534020353,0,0,0,0
534020354,0,0,0,0
534020361,322,163,159,108
534020362,1368,749,619,543
534020363,91,79,12,79
534020364,290,171,119,127
534020371,813,406,407,280
534020372,305,172,133,144
534020373,22,20,2,19
534020374,0,0,0,0
534020381,1916,1062,854,850
534020382,2352,1283,1069,1012
534020383,401,266,135,216
534020384,1265,745,520,593
534020391,1489,839,650,686
534020392,499,253,246,180
534020393,1574,826,748,642
534020394,941,507,434,395
534020441,0,0,0,0
534020442,0,0,0,0
534020443,0,0,0,0
534020444,0,0,0,0
534020451,0,0,0,0
534020452,0,0,0,0
534020453,0,0,0,0
534020454,0,0,0,0
534020461,0,0,0,0
534020462,0,0,0,0
534020463,0,0,0,0
534020464,0,0,0,0
534020471,0,0,0,0
534020472,0,0,0,0
534020473,0,0,0,0
534020474,0,0,0,0
534020481,0,0,0,0
534020482,187,126,61,114
534020483,0,0,0,0
534020484,9,9,0,9
534020491,1383,732,651,565
534020492,1111,596,515,504
534020493,355,199,156,167
534020494,1787,964,823,747
534020542,0,0,0,0
534020551,0,0,0,0
534020552,0,0,0,0
534020553,0,0,0,0
534020554,0,0,0,0
534020561,0,0,0,0
534020562,0,0,0,0
534020563,0,0,0,0
534020564,0,0,0,0
534020571,0,0,0,0
534020572,0,0,0,0
534020573,0,0,0,0
534020574,0,0,0,0
534020581,0,0,0,0
534020582,0,0,0,0
534020583,0,0,0,0
534020584,0,0,0,0
534020591,23,14,9,10
534020592,1225,735,490,636
534020593,5,3,2,1
534020594,406,254,152,218
534020652,0,0,0,0
534020671,0,0,0,0
534020672,0,0,0,0
534020673,0,0,0,0
534020674,0,0,0,0
534020681,0,0,0,0
534020682,0,0,0,0
534020683,0,0,0,0
534020684,0,0,0,0
534020691,0,0,0,0
534020692,41,23,18,22
534020693,0,0,0,0
534020694,0,0,0,0
534020771,0,0,0,0
534020772,0,0,0,0
534020773,0,0,0,0
534020774,0,0,0,0
534020781,0,0,0,0
534020782,0,0,0,0
534020783,0,0,0,0
534020784,0,0,0,0
534020791,0,0,0,0
534020792,0,0,0,0
534020793,0,0,0,0
534020794,0,0,0,0
534020862,0,0,0,0
534020864,0,0,0,0
534020871,0,0,0,0
534020872,0,0,0,0
534020873,0,0,0,0
534020874,0,0,0,0
534020881,0,0,0,0
534020882,0,0,0,0
534020883,0,0,0,0
534020884,0,0,0,0
534020891,0,0,0,0
534020892,0,0,0,0
534020893,0,0,0,0
534020894,0,0,0,0
534020962,0,0,0,0
534020964,0,0,0,0
534020971,0,0,0,0
534020972,0,0,0,0
534020973,0,0,0,0
534020974,0,0,0,0
534020981,0,0,0,0
534020982,0,0,0,0
534020983,0,0,0,0
534020984,0,0,0,0
534020991,0,0,0,0
534020992,0,0,0,0
534020993,0,0,0,0
534020994,0,0,0,0
534021001,251,118,133,79
534021002,15,13,2,14
534021003,142,68,74,46
534021004,160,78,82,53
534021011,0,0,0,0
534021012,494,243,251,161
534021013,0,0,0,0
534021014,296,152,144,99
534021021,190,90,100,60
534021022,27,15,12,8
534021023,925,474,451,326
534021024,253,134,119,78
534021031,7,4,3,3
534021032,0,0,0,0
534021033,0,0,0,0
534021034,0,0,0,0
534021041,93,58,35,40
534021042,632,332,300,208
534021043,0,0,0,0
534021044,576,306,270,200
534021051,94,44,50,28
534021052,0,0,0,0
534021053,76,37,39,21
534021054,0,0,0,0
534021061,0,0,0,0
534021062,0,0,0,0
534021063,0,0,0,0
534021064,0,0,0,0
534021071,28,16,12,9
534021072,21,8,13,6
534021073,306,148,158,81
534021074,0,0,0,0
534021081,46,22,24,12
534021082,27,15,12,7
534021083,26,12,14,9
534021084,28,13,15,9
534021091,0,0,0,0
534021092,0,0,0,0
534021093,29,12,17,9
534021094,0,0,0,0
534021101,520,261,259,169
534021102,372,199,173,130
534021103,730,387,343,286
534021104,313,151,162,101
534021111,328,156,172,95
534021112,475,277,198,202
534021113,732,357,375,289
534021114,303,239,64,220
534021121,1080,647,433,397
534021122,7,6,1,3
534021123,2403,1345,1058,973
534021124,802,450,352,358
534021131,47,24,23,14
534021132,0,0,0,0
534021133,62,34,28,22
534021134,153,75,78,51
534021141,440,238,202,174
534021142,617,315,302,206
534021143,574,272,302,176
534021144,142,67,75,38
534021151,0,0,0,0
534021152,0,0,0,0
534021153,151,74,77,41
534021154,0,0,0,0
534021161,0,0,0,0
534021162,0,0,0,0
534021163,0,0,0,0
534021164,0,0,0,0
534021171,80,39,41,18
534021172,0,0,0,0
534021173,4,3,1,2
534021174,106,54,52,31
534021181,2,1,1,1
534021182,201,91,110,21
534021183,5,1,4,1
534021184,0,0,0,0
534021191,0,0,0,0
534021192,7,3,4,3
534021193,0,0,0,0
534021194,19,6,13,6
534021201,1099,562,537,398
534021202,376,191,185,144
534021203,1188,633,555,479
534021204,1395,723,672,540
534021211,463,230,233,160
534021212,1089,634,455,460
534021213,493,251,242,166
534021214,2689,1528,1161,1089
534021221,1872,959,913,668
534021222,985,521,464,465
534021223,1309,658,651,472
534021224,458,197,261,137
534021231,346,178,168,111
534021232,357,167,190,106
534021233,449,231,218,143
534021234,108,55,53,32
534021241,0,0,0,0
534021242,0,0,0,0
534021243,121,56,65,36
534021244,143,62,81,44
534021251,237,125,112,66
534021252,0,0,0,0
534021253,147,65,82,39
534021254,0,0,0,0
534021261,0,0,0,0
534021262,0,0,0,0
534021263,17,10,7,5
534021264,146,71,75,42
534021271,20,11,9,6
534021272,0,0,0,0
534021273,74,38,36,23
534021274,0,0,0,0
534021281,0,0,0,0
534021282,60,32,28,16
534021283,0,0,0,0
534021284,56,29,27,15
534021291,0,0,0,0
534021292,38,18,20,10
534021293,0,0,0,0
534021294,97,45,52,24
534021301,631,314,317,223
534021302,2320,1129,1191,827
534021303,51,25,26,19
534021304,1184,598,586,416
534021311,871,420,451,310
534021312,1964,1032,932,754
534021313,539,274,265,169
534021314,961,470,491,334
534021321,1456,780,676,523
534021322,87,39,48,24
534021323,350,180,170,102
534021324,46,25,21,15
534021331,325,160,165,101
534021332,137,69,68,44
534021333,289,148,141,92
534021334,383,192,191,128
534021341,1512,694,818,553
534021342,2286,1083,1203,736
534021343,567,239,328,245
534021344,2541,1234,1307,733
534021351,680,326,354,204
534021352,106,53,53,32
534021353,1441,704,737,412
534021354,13,6,7,4
534021361,95,48,47,27
534021362,20,10,10,6
534021363,0,0,0,0
534021364,181,88,93,56
534021371,64,29,35,17
534021372,0,0,0,0
534021373,0,0,0,0
534021374,0,0,0,0
534021381,45,24,21,13
534021382,33,18,15,11
534021383,0,0,0,0
534021384,777,374,403,241
534021391,35,18,17,10
534021392,151,74,77,51
534021393,92,43,49,28
534021394,36,18,18,10
534021401,741,398,343,303
534021402,387,187,200,132
534021403,1594,872,722,686
534021404,19,11,8,9
534021411,409,200,209,128
534021412,1183,563,620,392
534021413,165,83,82,54
534021414,1231,597,634,415
534021421,164,78,86,52
534021422,343,163,180,100
534021423,1152,550,602,393
534021424,182,90,92,55
534021431,121,56,65,36
534021432,81,40,41,35
534021433,198,96,102,54
534021434,0,0,0,0
534021441,0,0,0,0
534021442,288,131,157,77
534021443,125,53,72,39
534021444,120,61,59,41
534021451,2100,1012,1088,629
534021452,877,421,456,288
534021453,0,0,0,0
534021454,126,64,62,39
534021461,0,0,0,0
534021462,146,69,77,52
534021463,116,61,55,40
534021464,1486,730,756,524
534021471,60,29,31,17
534021472,0,0,0,0
534021473,676,335,341,232
534021474,113,51,62,36
534021481,0,0,0,0
534021482,1698,821,877,527
534021483,103,54,49,32
534021484,268,128,140,84
534021491,346,172,174,110
534021492,398,187,211,133
534021493,593,282,311,180
534021494,0,0,0,0
534021501,1889,1011,878,795
534021502,1373,704,669,516
534021503,1686,881,805,649
534021504,1312,654,658,489
534021511,699,360,339,256
534021512,1115,538,577,389
534021513,904,478,426,324
534021514,1646,840,806,582
534021521,389,208,181,149
534021522,174,84,90,56
534021523,132,94,38,87
534021524,268,133,135,81
534021531,128,64,64,42
534021532,145,81,64,50
534021533,623,333,290,244
534021534,1077,573,504,419
534021541,558,277,281,171
534021542,227,119,108,68
534021543,1582,796,786,536
534021544,587,295,292,200
534021551,181,87,94,60
534021552,1119,550,569,383
534021553,1061,535,526,349
534021554,2294,1167,1127,798
534021561,1054,521,533,349
534021562,2108,1048,1060,736
534021563,2143,1040,1103,733
534021564,1749,897,852,678
534021571,1425,691,734,486
534021572,579,304,275,178
534021573,1625,857,768,666
534021574,633,326,307,206
534021581,188,92,96,66
534021582,145,75,70,53
534021583,222,112,110,82
534021584,61,27,34,18
534021591,84,45,39,24
534021592,98,40,58,26
534021593,0,0,0,0
534021594,0,0,0,0
534021601,1790,962,828,716
534021602,826,438,388,326
534021603,1425,715,710,571
534021604,1697,903,794,632
534021611,406,226,180,156
534021612,176,83,93,63
534021613,1391,748,643,548
534021614,349,171,178,108
534021621,316,162,154,94
534021622,316,165,151,128
534021623,199,103,96,66
534021624,443,228,215,157
534021631,962,520,442,416
534021632,1868,949,919,615
534021633,1135,573,562,347
534021634,828,403,425,256
534021641,1266,648,618,419
534021642,1639,872,767,629
534021643,2095,1019,1076,659
534021644,1169,585,584,461
534021651,1691,824,867,557
534021652,832,411,421,314
534021653,1219,607,612,356
534021654,247,139,108,126
534021661,339,164,175,120
534021662,829,407,422,257
534021663,128,61,67,48
534021664,70,34,36,20
534021671,535,235,300,149
534021672,586,221,365,129
534021673,0,0,0,0
534021674,0,0,0,0
534021681,218,106,112,53
534021682,187,100,87,62
534021683,342,172,170,104
534021684,0,0,0,0
534021691,0,0,0,0
534021692,177,89,88,51
534021693,49,11,38,1
534021694,207,111,96,55
534021701,470,241,229,172
534021702,808,412,396,304
534021703,72,62,10,60
534021704,555,307,248,226
534021711,392,210,182,150
534021712,1627,818,809,594
534021713,429,217,212,160
534021714,1264,645,619,473
534021721,1256,625,631,443
534021722,478,241,237,173
534021723,813,434,379,298
534021724,583,296,287,221
534021731,1908,931,977,620
534021732,2124,1048,1076,756
534021733,1254,619,635,463
534021734,2075,1029,1046,767
534021741,2613,1347,1266,1051
534021742,222,118,104,110
534021743,989,495,494,359
534021744,7,1,6,6
534021751,807,402,405,153
534021752,99,52,47,36
534021753,0,0,0,0
534021754,0,0,0,0
534021761,320,160,160,105
534021762,100,50,50,29
534021763,43,22,21,13
534021764,120,68,52,39
534021771,0,0,0,0
534021772,0,0,0,0
534021773,119,64,55,33
534021774,2,1,1,1
534021781,0,0,0,0
534021782,0,0,0,0
534021783,189,73,116,25
534021784,0,0,0,0
534021791,0,0,0,0
534021792,124,52,72,30
534021793,0,0,0,0
534021794,36,17,19,9
534021801,428,228,200,182
534021802,754,398,356,286
534021803,911,465,446,399
534021804,1452,799,653,619
534021811,483,263,220,179
534021812,819,402,417,290
534021813,2288,1203,1085,914
534021814,1232,622,610,583
534021821,157,83,74,50
534021822,0,0,0,0
534021823,427,215,212,128
534021824,82,46,36,32
534021831,0,0,0,0
534021832,380,178,202,159
534021833,113,56,57,47
534021834,445,243,202,183
534021841,509,249,260,177
534021842,161,77,84,49
534021843,47,24,23,12
534021844,66,32,34,27
534021851,0,0,0,0
534021852,0,0,0,0
534021853,62,30,32,20
534021854,0,0,0,0
534021861,64,30,34,20
534021862,0,0,0,0
534021863,39,19,20,12
534021864,163,61,102,4
534021871,170,80,90,47
534021872,72,22,50,1
534021873,85,41,44,24
534021874,0,0,0,0
534021881,0,0,0,0
534021882,96,42,54,32
534021883,0,0,0,0
534021884,0,0,0,0
534021891,114,51,63,35
534021892,95,45,50,29
534021893,0,0,0,0
534021894,0,0,0,0
534021901,1033,551,482,506
534021902,2931,1578,1353,1427
534021903,1567,853,714,806
534021904,2103,1194,909,1026
534021911,3348,1676,1672,1413
534021912,1455,756,699,582
534021913,2910,1452,1458,1211
534021914,2000,1021,979,820
534021921,483,245,238,153
534021922,728,359,369,228
534021923,906,458,448,352
534021924,293,34,259,159
534021931,1352,738,614,525
534021932,846,416,430,319
534021933,1482,708,774,524
534021934,560,278,282,185
534021941,37,22,15,9
534021942,193,96,97,56
534021943,52,27,25,23
534021944,67,37,30,26
534021951,163,81,82,50
534021952,0,0,0,0
534021953,0,0,0,0
534021954,223,114,109,79
534021961,0,0,0,0
534021962,94,46,48,23
534021963,50,8,42,1
534021964,0,0,0,0
534021971,46,24,22,11
534021972,0,0,0,0
534021973,0,0,0,0
534021974,21,11,10,8
534021981,0,0,0,0
534021982,58,27,31,19
534021983,140,69,71,41
534021984,285,141,144,86
534021991,123,62,61,38
534021992,0,0,0,0
534021993,246,121,125,73
534021994,62,31,31,21
534022001,0,0,0,0
534022002,0,0,0,0
534022003,0,0,0,0
534022004,105,51,54,26
534022011,0,0,0,0
534022012,0,0,0,0
534022013,0,0,0,0
534022014,0,0,0,0
534022021,0,0,0,0
534022022,0,0,0,0
534022023,0,0,0,0
534022024,0,0,0,0
534022031,0,0,0,0
534022032,118,52,66,27
534022033,258,126,132,66
534022034,0,0,0,0
534022041,26,12,14,6
534022042,273,139,134,112
534022043,210,104,106,67
534022044,618,319,299,216
534022051,4,2,2,1
534022052,290,144,146,86
534022053,289,142,147,85
534022054,0,0,0,0
534022061,136,65,71,27
534022062,0,0,0,0
534022063,204,103,101,62
534022064,327,165,162,107
534022071,423,209,214,139
534022072,506,257,249,152
534022073,216,103,113,70
534022074,246,122,124,84
534022081,424,211,213,132
534022082,168,80,88,44
534022083,402,195,207,109
534022084,159,75,84,48
534022091,0,0,0,0
534022092,52,23,29,18
534022093,431,214,217,128
534022094,116,56,60,32
534022101,113,55,58,27
534022102,974,502,472,270
534022103,0,0,0,0
534022104,886,418,468,253
534022111,963,477,486,275
534022112,7,4,3,2
534022113,1372,682,690,411
534022114,724,359,365,204
534022121,0,0,0,0
534022122,0,0,0,0
534022123,0,0,0,0
534022124,0,0,0,0
534022131,0,0,0,0
534022132,127,69,58,45
534022133,27,11,16,7
534022134,349,183,166,110
534022141,932,462,470,264
534022142,378,188,190,120
534022143,1265,658,607,407
534022144,698,353,345,260
534022151,28,15,13,10
534022152,141,70,71,45
534022153,47,22,25,23
534022154,264,125,139,77
534022161,140,61,79,45
534022162,278,127,151,83
534022163,74,35,39,19
534022164,97,50,47,26
534022171,26,12,14,6
534022172,1116,545,571,360
534022173,81,41,40,22
534022174,676,329,347,220
534022181,170,82,88,48
534022182,281,139,142,84
534022183,757,353,404,228
534022184,524,271,253,181
534022191,376,179,197,117
534022192,391,196,195,146
534022193,250,125,125,86
534022194,0,0,0,0
534022201,26,12,14,7
534022202,190,94,96,53
534022203,704,353,351,249
534022204,2078,1017,1061,662
534022211,1724,865,859,514
534022212,1325,652,673,415
534022213,1382,706,676,505
534022214,1255,618,637,454
534022221,3,1,2,1
534022222,0,0,0,0
534022223,107,51,56,40
534022224,0,0,0,0
534022231,215,100,115,61
534022232,0,0,0,0
534022233,0,0,0,0
534022234,129,64,65,40
534022241,624,321,303,240
534022242,844,403,441,340
534022243,17,8,9,9
534022244,551,261,290,241
534022251,710,358,352,263
534022252,1002,490,512,381
534022253,824,399,425,324
534022254,1138,560,578,424
534022261,154,72,82,53
534022262,264,125,139,73
534022263,288,147,141,97
534022264,161,79,82,48
534022271,269,136,133,81
534022272,210,98,112,63
534022273,209,112,97,61
534022274,464,240,224,140
534022281,544,270,274,164
534022282,262,139,123,81
534022283,359,188,171,129
534022284,113,49,64,29
534022291,263,142,121,88
534022292,583,299,284,184
534022293,175,86,89,47
534022294,205,107,98,71
534022301,992,499,493,328
534022302,2271,1116,1155,711
534022303,424,206,218,141
534022304,2417,1197,1220,800
534022311,2208,1100,1108,798
534022312,1574,795,779,597
534022313,1699,828,871,609
534022314,968,473,495,341
534022321,361,184,177,132
534022322,73,32,41,26
534022323,596,278,318,195
534022324,301,143,158,86
534022331,96,51,45,24
534022332,77,37,40,24
534022333,0,0,0,0
534022334,73,36,37,20
534022341,124,58,66,37
534022342,281,136,145,87
534022343,0,0,0,0
534022344,0,0,0,0
534022351,278,145,133,107
534022352,658,307,351,215
534022353,237,112,125,72
534022354,385,187,198,120
534022361,507,249,258,174
534022362,26,13,13,6
534022363,127,63,64,46
534022364,47,23,24,18
534022371,0,0,0,0
534022372,57,30,27,17
534022373,225,114,111,64
534022374,158,72,86,35
534022381,83,40,43,21
534022382,217,102,115,55
534022383,0,0,0,0
534022384,0,0,0,0
534022391,0,0,0,0
534022392,85,44,41,23
534022393,104,51,53,26
534022394,220,109,111,48
534022401,27,14,13,10
534022402,737,353,384,256
534022403,306,151,155,93
534022404,0,0,0,0
534022411,1461,717,744,538
534022412,846,429,417,298
534022413,453,221,232,159
534022414,178,86,92,68
534022421,653,346,307,212
534022422,0,0,0,0
534022423,292,138,154,104
534022424,13,6,7,3
534022431,0,0,0,0
534022432,144,66,78,37
534022433,124,63,61,33
534022434,0,0,0,0
534022441,173,86,87,54
534022442,118,63,55,34
534022443,107,51,56,25
534022444,73,35,38,24
534022451,57,30,27,20
534022452,259,129,130,78
534022453,254,125,129,79
534022454,210,109,101,59
534022461,0,0,0,0
534022462,38,22,16,16
534022463,0,0,0,0
534022464,102,52,50,23
534022471,0,0,0,0
534022472,0,0,0,0
534022473,244,113,131,67
534022474,214,108,106,68
534022481,0,0,0,0
534022482,0,0,0,0
534022483,0,0,0,0
534022484,226,111,115,61
534022491,0,0,0,0
534022492,0,0,0,0
534022493,108,54,54,30
534022494,108,50,58,28
534022501,36,15,21,10
534022502,239,118,121,74
534022503,0,0,0,0
534022504,140,70,70,46
534022511,475,248,227,156
534022512,230,113,117,74
534022513,37,19,18,10
534022514,316,154,162,92
534022521,387,191,196,125
534022522,0,0,0,0
534022523,0,0,0,0
534022524,15,7,8,6
534022531,0,0,0,0
534022532,158,74,84,50
534022533,26,10,16,9
534022534,291,154,137,88
534022541,34,20,14,10
534022542,130,65,65,37
534022651,127,64,63,39
534022652,0,0,0,0
534022653,71,34,37,26
534022654,28,15,13,8
534022661,254,131,123,73
534022662,174,88,86,47
534022663,184,88,96,51
534022664,128,65,63,38
534022671,0,0,0,0
534022672,118,61,57,38
534022673,78,40,38,17
534022674,301,151,150,93
534022681,560,278,282,188
534022682,961,506,455,430
534022683,978,483,495,326
534022684,1310,619,691,594
534022691,977,513,464,403
534022692,426,216,210,162
534022693,975,492,483,426
534022694,628,328,300,265
534022701,26,11,15,7
534022702,60,40,20,3
534022703,0,0,0,0
534022704,0,0,0,0
534022711,0,0,0,0
534022712,214,107,107,48
534022713,0,0,0,0
534022714,0,0,0,0
534022721,0,0,0,0
534022722,0,0,0,0
534022723,0,0,0,0
534022724,0,0,0,0
534022731,42,21,21,14
534022732,92,47,45,27
534022733,30,16,14,10
534022734,0,0,0,0
534022741,0,0,0,0
534022742,0,0,0,0
534022743,79,39,40,25
534022744,70,33,37,24
534022751,0,0,0,0
534022752,78,43,35,17
534022753,0,0,0,0
534022754,40,21,19,8
534022761,0,0,0,0
534022762,57,30,27,17
534022763,68,31,37,17
534022764,208,104,104,63
534022771,377,184,193,122
534022772,443,210,233,146
534022773,134,63,71,39
534022774,197,97,100,62
534022781,380,177,203,136
534022782,700,338,362,291
534022783,259,126,133,105
534022784,233,116,117,83
534022791,772,378,394,363
534022792,1180,592,588,521
534022793,1002,511,491,392
534022794,1109,551,558,442
534022801,0,0,0,0
534022802,29,13,16,9
534022803,0,0,0,0
534022804,0,0,0,0
534022811,30,13,17,9
534022812,0,0,0,0
534022813,100,52,48,31
534022814,195,98,97,61
534022821,0,0,0,0
534022822,91,45,46,29
534022823,53,28,25,14
534022824,207,110,97,55
534022831,88,44,44,26
534022832,63,33,30,25
534022833,180,94,86,56
534022834,108,53,55,30
534022841,0,0,0,0
534022842,0,0,0,0
534022843,159,92,67,69
534022844,61,33,28,20
534022851,92,48,44,24
534022852,0,0,0,0
534022853,0,0,0,0
534022854,39,21,18,12
534022861,56,27,29,20
534022862,307,140,167,86
534022863,0,0,0,0
534022864,93,45,48,32
534022871,0,0,0,0
534022872,1268,609,659,378
534022873,141,67,74,41
534022874,590,299,291,181
534022881,240,121,119,77
534022882,0,0,0,0
534022883,772,376,396,244
534022884,0,0,0,0
534022891,298,140,158,112
534022892,1013,490,523,381
534022893,90,44,46,28
534022894,950,467,483,301
534022901,0,0,0,0
534022902,0,0,0,0
534022903,115,58,57,39
534022904,41,21,20,12
534022911,206,97,109,75
534022912,76,40,36,23
534022913,132,67,65,48
534022914,0,0,0,0
534022921,0,0,0,0
534022922,251,129,122,85
534022923,0,0,0,0
534022924,289,155,134,89
534022931,0,0,0,0
534022932,290,149,141,93
534022933,124,63,61,42
534022934,0,0,0,0
534022941,343,177,166,116
534022942,0,0,0,0
534022943,107,53,54,30
534022944,0,0,0,0
534022951,108,54,54,31
534022952,0,0,0,0
534022953,0,0,0,0
534022954,54,29,25,16
534022961,283,144,139,88
534022962,154,81,73,58
534022963,81,37,44,25
534022964,0,0,0,0
534022971,0,0,0,0
534022972,69,34,35,17
534022973,0,0,0,0
534022974,0,0,0,0
534022981,57,26,31,20
534022982,137,70,67,43
534022983,126,64,62,34
534022984,169,86,83,47
534022991,0,0,0,0
534022992,91,45,46,32
534022993,130,65,65,38
534022994,224,100,124,71
534023001,46,26,20,14
534023002,96,50,46,31
534023003,117,62,55,34
534023004,0,0,0,0
534023011,71,28,43,25
534023012,92,50,42,30
534023013,155,100,55,41
534023014,89,38,51,23
534023021,0,0,0,0
534023022,288,136,152,71
534023023,0,0,0,0
534023024,0,0,0,0
534023031,320,158,162,82
534023032,97,45,52,38
534023033,138,67,71,40
534023034,0,0,0,0
534023041,322,157,165,105
534023042,30,12,18,7
534023043,854,415,439,262
534023044,246,108,138,72
534023101,129,59,70,34
534023102,97,49,48,31
534023103,60,29,31,16
534023104,0,0,0,0
534023111,287,147,140,77
534023112,86,46,40,24
534023113,213,101,112,59
534023114,117,62,55,29
534023121,158,80,78,49
534023122,0,0,0,0
534023123,0,0,0,0
534023124,238,115,123,59
534023131,551,271,280,150
534023132,0,0,0,0
534023133,0,0,0,0
534023134,149,65,84,48
534023141,413,210,203,136
534023142,453,225,228,148
534023143,9,4,5,2
534023144,677,337,340,206
534023151,0,0,0,0
534023153,0,0,0,0
534023201,144,67,77,38
534023202,0,0,0,0
534023203,0,0,0,0
534023204,25,12,13,9
534023211,0,0,0,0
534023212,139,73,66,33
534023213,50,23,27,16
534023214,275,146,129,82
534023221,146,76,70,42
534023222,0,0,0,0
534023223,467,223,244,138
534023224,342,174,168,105
534023231,140,66,74,39
534023232,0,0,0,0
534023233,63,29,34,19
534023234,413,201,212,128
534023241,0,0,0,0
534023242,424,214,210,130
534023243,148,70,78,40
534023244,284,124,160,83
534023251,427,212,215,153
534023252,0,0,0,0
534023253,645,321,324,195
534023254,12,5,7,3
534023301,131,68,63,36
534023302,0,0,0,0
534023303,117,56,61,29
534023304,0,0,0,0
534023311,96,48,48,42
534023312,394,199,195,129
534023313,151,78,73,54
534023314,243,126,117,90
534023321,479,248,231,144
534023322,0,0,0,0
534023323,184,91,93,55
534023324,70,32,38,24
534023331,0,0,0,0
534023332,0,0,0,0
534023333,113,60,53,30
534023334,0,0,0,0
534023341,213,113,100,58
534023342,177,99,78,57
534023343,125,58,67,37
534023344,653,306,347,163
534023351,798,379,419,254
534023352,522,249,273,166
534023353,488,243,245,167
534023354,1105,540,565,341
534023361,74,35,39,21
534023363,40,20,20,10
534023364,0,0,0,0
534023501,172,80,92,49
534023502,0,0,0,0
534023503,228,115,113,71
534023504,0,0,0,0
534023511,37,14,23,11
534023512,605,296,309,190
534023513,220,105,115,66
534023514,679,311,368,182
534023521,876,460,416,178
534023522,305,152,153,80
534023523,256,116,140,84
534023524,121,57,64,40
534023531,320,154,166,102
534023532,135,63,72,44
534023533,128,65,63,37
534023534,50,27,23,16
534023541,378,190,188,116
534023542,0,0,0,0
534023543,0,0,0,0
534023544,220,103,117,67
534023551,324,155,169,92
534023552,0,0,0,0
534023553,0,0,0,0
534023554,0,0,0,0
534023561,162,81,81,48
534023562,163,86,77,46
534023563,0,0,0,0
534023564,611,296,315,197
534023571,0,0,0,0
534023572,0,0,0,0
534023573,0,0,0,0
534023574,0,0,0,0
534023601,319,151,168,94
534023602,120,59,61,42
534023603,590,295,295,191
534023604,139,66,73,37
534023611,232,115,117,78
534023612,566,281,285,195
534023613,0,0,0,0
534023614,0,0,0,0
534023621,131,44,87,22
534023622,0,0,0,0
534023623,255,126,129,64
534023624,72,36,36,20
534023631,0,0,0,0
534023632,242,122,120,75
534023633,0,0,0,0
534023634,127,65,62,34
534023641,0,0,0,0
534023642,361,177,184,119
534023643,71,32,39,20
534023644,0,0,0,0
534023651,0,0,0,0
534023652,90,45,45,27
534023653,198,102,96,58
534023654,94,46,48,27
534023661,0,0,0,0
534023662,331,157,174,107
534023663,0,0,0,0
534023664,0,0,0,0
534023671,492,237,255,141
534023672,0,0,0,0
534023673,354,167,187,100
534023674,125,68,57,45
534023681,0,0,0,0
534023683,0,0,0,0
534023701,526,291,235,237
534023702,349,180,169,124
534023703,442,230,212,171
534023704,23,18,5,18
534023711,62,31,31,17
534023712,0,0,0,0
534023713,0,0,0,0
534023714,0,0,0,0
534023721,0,0,0,0
534023722,130,68,62,39
534023723,0,0,0,0
534023724,99,51,48,25
534023731,222,97,125,74
534023732,0,0,0,0
534023733,90,44,46,28
534023734,155,76,79,41
534023741,0,0,0,0
534023742,83,42,41,26
534023743,338,167,171,102
534023744,111,52,59,44
534023751,0,0,0,0
534023752,185,90,95,49
534023753,0,0,0,0
534023754,107,48,59,26
534023761,232,111,121,59
534023762,0,0,0,0
534023763,235,109,126,69
534023764,0,0,0,0
534023771,77,39,38,20
534023772,316,157,159,126
534023773,153,77,76,47
534023774,0,0,0,0
534023781,0,0,0,0
534023782,0,0,0,0
534023783,196,107,89,61
534023784,0,0,0,0
534023801,278,152,126,115
534023802,0,0,0,0
534023803,619,303,316,219
534023804,266,127,139,79
534023811,140,67,73,32
534023812,553,265,288,148
534023813,183,113,70,96
534023814,300,140,160,99
534023821,0,0,0,0
534023822,0,0,0,0
534023823,0,0,0,0
534023824,140,71,69,37
534023831,566,286,280,159
534023832,238,110,128,68
534023833,343,182,161,105
534023834,0,0,0,0
534023841,0,0,0,0
534023842,227,114,113,84
534023843,235,122,113,75
534023844,231,109,122,83
534023851,186,91,95,60
534023852,0,0,0,0
534023853,344,169,175,103
534023854,0,0,0,0
534023861,293,135,158,88
534023862,101,51,50,27
534023863,193,90,103,50
534023864,0,0,0,0
534023871,124,55,69,31
534023872,104,50,54,35
534023873,105,50,55,27
534023874,177,88,89,59
534023881,264,129,135,88
534023882,96,51,45,28
534023883,124,54,70,36
534023884,490,232,258,146
534023891,0,0,0,0
534023893,0,0,0,0
534023894,0,0,0,0
534023901,308,153,155,92
534023902,291,142,149,102
534023903,530,231,299,200
534023904,0,0,0,0
534023911,337,166,171,104
534023912,1192,617,575,442
534023913,257,125,132,84
534023914,549,272,277,245
534023921,216,114,102,100
534023922,0,0,0,0
534023923,230,124,106,146
534023924,0,0,0,0
534023931,159,153,6,159
534023932,142,69,73,36
534023933,192,96,96,64
534023934,280,146,134,93
534023941,141,69,72,32
534023942,155,72,83,46
534023943,179,85,94,42
534023944,339,181,158,161
534023951,360,183,177,105
534023952,0,0,0,0
534023953,0,0,0,0
534023954,204,100,104,52
534023961,73,37,36,20
534023962,0,0,0,0
534023963,0,0,0,0
534023964,74,38,36,21
534023971,0,0,0,0
534023972,315,148,167,80
534023973,0,0,0,0
534023974,123,59,64,31
534023981,213,107,106,65
534023982,114,57,57,29
534023983,0,0,0,0
534023984,0,0,0,0
534023991,0,0,0,0
534023992,0,0,0,0
534023993,388,188,200,61
534023994,169,91,78,46
534024903,0,0,0,0
534030062,0,0,0,0
534030064,0,0,0,0
534030071,0,0,0,0
534030072,0,0,0,0
534030073,0,0,0,0
534030074,0,0,0,0
534030081,0,0,0,0
534030082,0,0,0,0
534030083,0,0,0,0
534030084,0,0,0,0
534030091,0,0,0,0
534030092,52,27,25,22
534030093,0,0,0,0
534030094,536,280,256,243
534030162,0,0,0,0
534030163,0,0,0,0
534030164,0,0,0,0
534030171,0,0,0,0
534030172,0,0,0,0
534030173,0,0,0,0
534030174,0,0,0,0
534030181,0,0,0,0
534030182,13,7,6,5
534030183,5,5,0,5
534030184,41,22,19,21
534030191,4,3,1,2
534030192,1681,861,820,717
534030193,1722,941,781,826
534030194,1793,936,857,874
534030254,0,0,0,0
534030261,1,1,0,1
534030262,0,0,0,0
534030263,0,0,0,0
534030264,0,0,0,0
534030271,0,0,0,0
534030272,0,0,0,0
534030273,0,0,0,0
534030274,0,0,0,0
534030281,14,14,0,14
534030282,25,12,13,12
534030283,569,281,288,235
534030284,1206,601,605,552
534030291,2148,1095,1053,1084
534030292,2060,1012,1048,1056
534030293,2229,1098,1131,1177
534030294,880,420,460,405
534030344,0,0,0,0
534030351,0,0,0,0
534030352,5,2,3,2
534030353,0,0,0,0
534030354,99,51,48,37
534030361,2,1,1,1
534030362,0,0,0,0
534030363,40,18,22,17
534030364,0,0,0,0
534030371,2,0,2,1
534030372,272,73,199,175
534030373,87,39,48,33
534030374,4856,2631,2225,2129
534030483,2040,1014,1026,1253
534030484,3082,1601,1481,1577
534030491,1441,776,665,778
534030492,2860,1450,1410,1379
534030493,1568,828,740,753
534030494,1810,889,921,778
534030532,0,0,0,0
534030533,0,0,0,0
534030534,19,8,11,6
534030541,767,365,402,286
534030542,1231,617,614,398
534030543,1510,710,800,473
534030544,2990,1451,1539,968
534030551,3160,1540,1620,1002
534030552,5849,2884,2965,2167
534030553,2566,1289,1277,883
534030554,2591,1351,1240,1352
534030561,5875,2949,2926,2471
534030562,3665,1895,1770,1837
534030563,3408,1733,1675,1523
534030564,1199,606,593,499
534030571,2785,1415,1370,1127
534030572,2977,1567,1410,1731
534030573,2450,1320,1130,1149
534030574,2219,1176,1043,1081
534030581,295,135,160,226
534030582,3055,1501,1554,1250
534030583,1900,971,929,874
534030584,3363,1707,1656,1372
534030591,2765,1464,1301,1331
534030592,1479,786,693,656
534030593,3114,1586,1528,1200
534030594,2426,1231,1195,1016
534030622,0,0,0,0
534030624,0,0,0,0
534030631,2,2,0,2
534030632,1462,732,730,529
534030633,532,262,270,192
534030634,3647,1845,1802,1258
534030641,2793,1361,1432,976
534030642,8257,3968,4289,2789
534030643,1738,862,876,565
534030644,4832,2392,2440,2238
534030651,3676,1864,1812,1535
534030652,1219,634,585,519
534030653,4845,2342,2503,1793
534030654,3446,1778,1668,1343
534030661,2468,1196,1272,1045
534030662,2217,1140,1077,1005
534030663,1631,811,820,633
534030664,2926,1514,1412,1316
534030671,3045,1568,1477,1496
534030672,2421,1266,1155,1169
534030673,3141,1617,1524,1466
534030674,3061,1541,1520,1070
534030681,1138,582,556,500
534030682,2605,1376,1229,1271
534030683,2900,1431,1469,1172
534030684,2080,1053,1027,840
534030691,3615,1860,1755,1594
534030692,2821,1406,1415,1290
534030693,1484,739,745,582
534030694,253,146,107,111
534030714,0,0,0,0
534030721,0,0,0,0
534030722,0,0,0,0
534030723,2,2,0,2
534030724,3,3,0,3
534030731,822,413,409,290
534030732,3011,1512,1499,1065
534030733,0,0,0,0
534030734,17,7,10,17
534030741,51,29,22,17
534030742,2650,1288,1362,1009
534030743,0,0,0,0
534030744,807,381,426,297
534030751,3144,1534,1610,1153
534030752,1844,923,921,755
534030753,2538,1264,1274,964
534030754,2464,1283,1181,1066
534030761,583,309,274,225
534030762,3347,1689,1658,1191
534030763,1401,766,635,674
534030764,1855,946,909,658
534030771,4857,2425,2432,1957
534030772,3640,1848,1792,1547
534030773,4426,2204,2222,1562
534030774,2038,993,1045,776
534030781,2758,1338,1420,1006
534030782,1346,655,691,474
534030783,1860,921,939,690
534030784,2523,1265,1258,1050
534030791,1430,682,748,537
534030792,510,238,272,195
534030793,1917,959,958,748
534030794,480,218,262,164
534030803,0,0,0,0
534030804,0,0,0,0
534030811,0,0,0,0
534030812,22,22,0,22
534030813,0,0,0,0
534030814,53,53,0,53
534030821,8,7,1,5
534030822,0,0,0,0
534030823,8,8,0,8
534030824,36,31,5,30
534030831,0,0,0,0
534030832,4,2,2,2
534030833,0,0,0,0
534030834,1300,622,678,553
534030841,1795,874,921,632
534030842,1699,867,832,677
534030843,3773,1836,1937,1365
534030844,3068,1598,1470,1319
534030851,2568,1309,1259,1157
534030852,2733,1376,1357,1394
534030853,2058,1030,1028,892
534030854,2489,1231,1258,1035
534030861,2824,1396,1428,1231
534030862,3365,1662,1703,1299
534030863,2862,1440,1422,1164
534030864,4787,2447,2340,1747
534030871,3579,1767,1812,1230
534030872,2066,1016,1050,751
534030873,3510,1756,1754,1186
534030874,1513,791,722,560
534030881,2264,1110,1154,847
534030882,4947,2397,2550,1802
534030883,1746,892,854,608
534030884,3088,1517,1571,1187
534030891,2406,1191,1215,971
534030892,687,365,322,276
534030893,1766,920,846,612
534030894,2543,1322,1221,923
534030901,0,0,0,0
534030902,0,0,0,0
534030903,0,0,0,0
534030904,0,0,0,0
534030911,0,0,0,0
534030912,0,0,0,0
534030913,25,13,12,9
534030914,1123,569,554,342
534030921,251,129,122,83
534030922,1360,712,648,482
534030923,1842,908,934,580
534030924,1814,896,918,689
534030931,1250,594,656,437
534030932,1886,991,895,892
534030933,2566,1287,1279,1028
534030934,2169,1093,1076,992
534030941,1945,947,998,796
534030942,2219,1157,1062,1126
534030943,2276,1158,1118,930
534030944,1853,940,913,751
534030951,1990,1019,971,780
534030952,1421,699,722,486
534030953,486,255,231,185
534030954,1898,953,945,629
534030961,1353,670,683,512
534030962,2878,1401,1477,950
534030963,1257,660,597,524
534030964,212,106,106,80
534030971,1748,881,867,635
534030972,1348,661,687,484
534030973,4058,2052,2006,1543
534030974,3504,1728,1776,1346
534030981,624,304,320,212
534030982,1047,498,549,351
534030983,260,120,140,91
534030984,143,67,76,44
534030991,1859,933,926,627
534030992,963,460,503,338
534030993,357,202,155,157
534030994,477,244,233,184
534031001,1349,700,649,602
534031002,1696,1055,641,935
534031003,1138,591,547,538
534031004,2528,1290,1238,1070
534031011,1296,664,632,491
534031012,1749,889,860,698
534031013,2283,1123,1160,856
534031014,1184,603,581,452
534031021,2144,1082,1062,873
534031022,1670,832,838,562
534031023,2093,1011,1082,816
534031024,2209,1084,1125,874
534031031,1628,783,845,574
534031032,94,42,52,28
534031033,750,366,384,274
534031034,312,155,157,116
534031041,235,125,110,84
534031042,560,260,300,177
534031043,865,434,431,334
534031044,1147,558,589,409
534031051,126,61,65,38
534031052,0,0,0,0
534031053,0,0,0,0
534031054,0,0,0,0
534031061,33,15,18,9
534031062,0,0,0,0
534031063,0,0,0,0
534031064,133,65,68,44
534031071,0,0,0,0
534031072,163,81,82,63
534031073,89,42,47,22
534031074,202,105,97,71
534031081,514,260,254,162
534031082,166,70,96,33
534031083,92,45,47,29
534031084,28,13,15,7
534031091,0,0,0,0
534031092,67,30,37,20
534031093,0,0,0,0
534031094,0,0,0,0
534031101,1715,897,818,705
534031102,1268,621,647,506
534031103,2083,1028,1055,868
534031104,2319,1182,1137,1031
534031111,908,463,445,356
534031112,574,297,277,216
534031113,283,152,131,123
534031114,889,440,449,365
534031121,1519,761,758,608
534031122,1002,513,489,347
534031123,1062,566,496,440
534031124,226,119,107,76
534031131,351,169,182,117
534031132,182,80,102,43
534031133,293,133,160,109
534031134,425,216,209,182
534031141,1294,640,654,476
534031142,1442,683,759,520
534031143,1325,641,684,446
534031144,505,257,248,205
534031151,276,138,138,97
534031152,203,102,101,79
534031153,429,223,206,150
534031154,465,229,236,155
534031161,0,0,0,0
534031162,63,28,35,17
534031163,103,23,80,4
534031164,505,260,245,142
534031171,322,162,160,125
534031172,508,225,283,155
534031173,524,269,255,195
534031174,1151,565,586,385
534031181,209,108,101,55
534031182,29,13,16,7
534031183,0,0,0,0
534031184,0,0,0,0
534031191,0,0,0,0
534031192,0,0,0,0
534031193,144,70,74,36
534031194,0,0,0,0
534031201,1476,736,740,683
534031202,1150,563,587,525
534031203,1517,750,767,770
534031204,1665,762,903,716
534031211,1958,986,972,811
534031212,1386,732,654,632
534031213,1520,747,773,710
534031214,1147,593,554,475
534031221,0,0,0,0
534031222,252,129,123,91
534031223,140,76,64,64
534031224,234,121,113,77
534031231,562,275,287,206
534031232,140,75,65,46
534031233,234,115,119,86
534031234,29,16,13,14
534031241,837,427,410,277
534031242,233,114,119,86
534031243,371,184,187,121
534031244,141,69,72,38
534031251,228,127,101,81
534031252,179,96,83,49
534031253,158,78,80,42
534031254,151,69,82,59
534031261,0,0,0,0
534031262,0,0,0,0
534031263,0,0,0,0
534031264,0,0,0,0
534031271,6,3,3,2
534031272,335,155,180,110
534031273,0,0,0,0
534031274,0,0,0,0
534031281,61,29,32,16
534031282,179,83,96,46
534031283,102,47,55,30
534031284,103,45,58,27
534031291,155,74,81,45
534031292,22,11,11,5
534031293,0,0,0,0
534031294,29,13,16,8
534031301,2922,1420,1502,1218
534031302,1990,1011,979,989
534031303,3203,1585,1618,1524
534031304,2064,1059,1005,895
534031311,901,490,411,453
534031312,1215,612,603,478
534031313,1738,905,833,751
534031314,2064,1020,1044,785
534031321,1000,495,505,412
534031322,792,395,397,318
534031323,1460,724,736,540
534031324,1370,682,688,533
534031331,260,129,131,88
534031332,120,56,64,43
534031333,286,151,135,117
534031334,717,355,362,242
534031341,312,144,168,91
534031342,263,144,119,99
534031343,133,65,68,50
534031344,299,143,156,139
534031351,388,207,181,170
534031352,0,0,0,0
534031353,2901,1427,1474,1043
534031354,1633,804,829,665
534031361,0,0,0,0
534031362,0,0,0,0
534031363,91,49,42,31
534031364,0,0,0,0
534031371,133,72,61,48
534031372,175,109,66,89
534031373,0,0,0,0
534031374,0,0,0,0
534031381,0,0,0,0
534031382,0,0,0,0
534031383,0,0,0,0
534031384,207,103,104,57
534031391,0,0,0,0
534031392,0,0,0,0
534031393,0,0,0,0
534031394,0,0,0,0
534031401,2530,1325,1205,1286
534031402,2348,1657,691,748
534031403,3733,1794,1939,1378
534031404,1893,962,931,741
534031411,1088,559,529,482
534031412,722,349,373,265
534031413,244,121,123,87
534031414,172,91,81,54
534031421,1129,553,576,435
534031422,1240,594,646,479
534031423,1787,870,917,629
534031424,2538,1267,1271,914
534031431,950,455,495,335
534031432,593,281,312,150
534031433,491,221,270,160
534031434,383,186,197,133
534031441,181,97,84,48
534031442,2856,1319,1537,1159
534031443,527,272,255,203
534031444,1325,633,692,497
534031451,1698,820,878,708
534031452,2470,1172,1298,969
534031453,2395,1188,1207,945
534031454,1845,923,922,678
534031461,425,225,200,150
534031462,141,71,70,46
534031463,0,0,0,0
534031464,0,0,0,0
534031471,167,49,118,1
534031472,167,48,119,1
534031473,0,0,0,0
534031474,187,67,120,35
534031481,68,33,35,20
534031482,0,0,0,0
534031483,78,38,40,19
534031484,111,52,59,30
534031491,40,19,21,11
534031492,0,0,0,0
534031493,42,19,23,11
534031494,24,11,13,6
534031501,1210,567,643,450
534031502,1059,500,559,371
534031503,1337,713,624,520
534031504,370,185,185,136
534031511,251,126,125,103
534031512,259,138,121,101
534031513,607,306,301,215
534031514,2489,1281,1208,1071
534031521,1096,568,528,421
534031522,1876,932,944,718
534031523,2479,1273,1206,1011
534031524,1993,1081,912,880
534031531,767,386,381,264
534031532,1827,882,945,723
534031533,2623,1428,1195,1151
534031534,2703,1317,1386,1045
534031541,1872,911,961,702
534031542,1994,981,1013,812
534031543,1669,801,868,618
534031544,402,219,183,162
534031551,929,461,468,360
534031552,576,289,287,201
534031553,1263,613,650,374
534031554,1157,574,583,352
534031561,0,0,0,0
534031562,0,0,0,0
534031563,142,62,80,41
534031564,48,30,18,20
534031571,146,74,72,40
534031572,99,55,44,26
534031573,32,16,16,9
534031574,0,0,0,0
534031581,170,88,82,49
534031582,25,11,14,7
534031583,0,0,0,0
534031584,0,0,0,0
534031591,0,0,0,0
534031592,0,0,0,0
534031593,0,0,0,0
534031594,0,0,0,0
534031601,1211,594,617,461
534031602,1455,728,727,525
534031603,913,458,455,328
534031604,2654,1319,1335,969
534031611,1415,714,701,502
534031612,2993,1488,1505,1339
534031613,2019,998,1021,696
534031614,2748,1394,1354,1226
534031621,2500,1335,1165,1229
534031622,2382,1252,1130,990
534031623,2645,1366,1279,1231
534031624,2647,1350,1297,1002
534031631,992,508,484,321
534031632,877,457,420,314
534031633,1379,654,725,507
534031634,92,47,45,46
534031641,184,97,87,56
534031642,0,0,0,0
534031643,303,182,121,115
534031644,0,0,0,0
534031651,74,35,39,22
534031652,325,153,172,96
534031653,0,0,0,0
534031654,0,0,0,0
534031661,1173,574,599,339
534031662,0,0,0,0
534031663,97,53,44,30
534031664,0,0,0,0
534031671,47,25,22,13
534031672,0,0,0,0
534031673,46,24,22,13
534031674,49,22,27,13
534031681,0,0,0,0
534031682,0,0,0,0
534031683,0,0,0,0
534031684,0,0,0,0
534031691,0,0,0,0
534031692,0,0,0,0
534031693,0,0,0,0
534031694,80,37,43,16
534031701,465,240,225,154
534031702,3029,1529,1500,1114
534031703,29,17,12,11
534031704,2550,1261,1289,895
534031711,2244,1092,1152,754
534031712,1859,930,929,687
534031713,1468,713,755,497
534031714,301,143,158,138
534031721,1884,977,907,741
534031722,447,218,229,164
534031723,1152,601,551,391
534031724,433,221,212,135
534031731,290,156,134,118
534031732,143,75,68,50
534031733,852,409,443,257
534031734,1430,701,729,465
534031741,159,81,78,57
534031742,0,0,0,0
534031743,613,317,296,203
534031744,113,57,56,32
534031751,0,0,0,0
534031752,158,86,72,39
534031753,57,28,29,17
534031754,58,28,30,17
534031761,0,0,0,0
534031762,0,0,0,0
534031763,0,0,0,0
534031764,100,39,61,31
534031771,0,0,0,0
534031772,51,27,24,16
534031773,0,0,0,0
534031774,0,0,0,0
534031781,233,115,118,61
534031782,0,0,0,0
534031783,0,0,0,0
534031784,0,0,0,0
534031791,113,56,57,31
534031792,0,0,0,0
534031793,0,0,0,0
534031794,0,0,0,0
534031801,1573,797,776,551
534031802,1114,559,555,441
534031803,2324,1123,1201,733
534031804,112,96,16,94
534031811,78,49,29,33
534031812,103,25,78,2
534031813,135,101,34,100
534031814,1124,592,532,409
534031821,1757,1116,641,448
534031822,1549,801,748,523
534031823,1745,912,833,662
534031824,3059,1541,1518,1011
534031831,630,311,319,202
534031832,930,442,488,297
534031833,1424,699,725,489
534031834,1138,573,565,386
534031841,1159,563,596,386
534031842,41,18,23,11
534031843,440,216,224,138
534031844,32,16,16,8
534031851,104,59,45,37
534031852,0,0,0,0
534031853,15,8,7,5
534031854,0,0,0,0
534031861,0,0,0,0
534031862,54,26,28,16
534031863,130,65,65,48
534031864,56,27,29,16
534031871,0,0,0,0
534031872,0,0,0,0
534031873,93,48,45,22
534031874,0,0,0,0
534031881,104,51,53,30
534031882,172,82,90,50
534031883,236,126,110,70
534031884,0,0,0,0
534031891,117,56,61,40
534031892,0,0,0,0
534031893,54,26,28,11
534031894,0,0,0,0
534031901,597,327,270,224
534031902,747,402,345,275
534031903,363,236,127,201
534031904,524,282,242,180
534031911,654,339,315,247
534031912,1832,960,872,706
534031913,901,421,480,308
534031914,3264,1753,1511,1213
534031921,1852,938,914,658
534031922,2015,1000,1015,776
534031923,2241,1158,1083,749
534031924,2066,1063,1003,719
534031931,2540,1222,1318,917
534031932,1993,987,1006,750
534031933,1792,908,884,626
534031934,2035,1047,988,803
534031941,560,301,259,221
534031942,1849,902,947,653
534031943,483,239,244,167
534031944,936,446,490,321
534031951,243,134,109,54
534031952,81,44,37,25
534031953,1365,636,729,462
534031954,523,259,264,160
534031961,0,0,0,0
534031962,81,77,4,3
534031963,102,51,51,28
534031964,55,26,29,13
534031971,0,0,0,0
534031972,0,0,0,0
534031973,0,0,0,0
534031974,89,45,44,21
534031981,0,0,0,0
534031982,71,35,36,21
534031983,0,0,0,0
534031984,0,0,0,0
534031991,0,0,0,0
534031992,67,32,35,17
534031993,73,35,38,21
534031994,292,141,151,81
534032001,185,95,90,62
534032002,42,22,20,12
534032003,0,0,0,0
534032004,0,0,0,0
534032011,33,17,16,13
534032012,0,0,0,0
534032013,0,0,0,0
534032014,94,51,43,25
534032021,106,52,54,31
534032022,116,57,59,41
534032023,0,0,0,0
534032024,269,132,137,82
534032031,104,53,51,35
534032032,249,121,128,70
534032033,0,0,0,0
534032034,0,0,0,0
534032041,0,0,0,0
534032042,274,218,56,63
534032043,196,109,87,63
534032044,0,0,0,0
534032051,59,30,29,16
534032052,44,25,19,22
534032053,0,0,0,0
534032054,207,92,115,79
534032061,0,0,0,0
534032062,0,0,0,0
534032063,0,0,0,0
534032064,0,0,0,0
534032071,0,0,0,0
534032072,0,0,0,0
534032073,0,0,0,0
534032074,0,0,0,0
534032081,45,19,26,12
534032082,90,46,44,26
534032083,74,42,32,19
534032084,0,0,0,0
534032091,94,45,49,28
534032092,0,0,0,0
534032093,33,18,15,9
534032094,26,14,12,8
534032101,50,12,38,1
534032102,0,0,0,0
534032103,0,0,0,0
534032104,13,7,6,4
534032111,44,22,22,12
534032112,0,0,0,0
534032113,101,60,41,27
534032114,279,140,139,84
534032121,81,47,34,26
534032122,0,0,0,0
534032123,0,0,0,0
534032124,0,0,0,0
534032131,0,0,0,0
534032132,0,0,0,0
534032133,393,193,200,117
534032134,0,0,0,0
534032141,105,53,52,34
534032142,0,0,0,0
534032143,107,51,56,31
534032144,0,0,0,0
534032151,85,42,43,22
534032152,0,0,0,0
534032153,100,44,56,2
534032154,93,53,40,24
534032161,0,0,0,0
534032162,0,0,0,0
534032163,0,0,0,0
534032164,0,0,0,0
534032171,0,0,0,0
534032172,0,0,0,0
534032173,97,47,50,26
534032174,0,0,0,0
534032181,0,0,0,0
534032182,92,42,50,24
534032183,159,75,84,50
534032184,0,0,0,0
534032191,29,15,14,8
534032192,0,0,0,0
534032193,0,0,0,0
534032194,0,0,0,0
534032201,14,7,7,4
534032202,0,0,0,0
534032203,15,8,7,4
534032204,16,7,9,4
534032211,204,98,106,61
534032212,226,119,107,67
534032213,0,0,0,0
534032214,131,70,61,42
534032221,95,52,43,31
534032222,0,0,0,0
534032223,0,0,0,0
534032224,99,49,50,29
534032231,0,0,0,0
534032232,0,0,0,0
534032233,0,0,0,0
534032234,144,86,58,39
534032241,0,0,0,0
534032242,153,71,82,41
534032243,0,0,0,0
534032244,0,0,0,0
534032251,0,0,0,0
534032252,0,0,0,0
534032253,0,0,0,0
534032254,72,34,38,22
534032261,80,47,33,26
534032262,88,38,50,21
534032263,40,17,23,10
534032264,0,0,0,0
534032271,62,33,29,15
534032272,0,0,0,0
534032273,0,0,0,0
534032274,62,32,30,14
534032281,70,39,31,20
534032282,0,0,0,0
534032283,0,0,0,0
534032284,0,0,0,0
534032291,0,0,0,0
534032292,0,0,0,0
534032293,29,13,16,9
534032294,0,0,0,0
534032301,17,8,9,4
534032302,0,0,0,0
534032303,82,54,28,9
534032304,73,39,34,20
534032311,0,0,0,0
534032312,0,0,0,0
534032313,95,48,47,26
534032314,0,0,0,0
534032321,98,50,48,25
534032322,0,0,0,0
534032323,0,0,0,0
534032324,174,89,85,59
534032331,149,72,77,49
534032332,0,0,0,0
534032333,357,188,169,103
534032334,252,125,127,73
534032341,272,137,135,57
534032342,140,71,69,36
534032343,0,0,0,0
534032344,0,0,0,0
534032351,0,0,0,0
534032352,58,27,31,16
534032353,0,0,0,0
534032354,63,28,35,16
534032361,0,0,0,0
534032362,0,0,0,0
534032363,0,0,0,0
534032364,62,23,39,22
534032371,0,0,0,0
534032372,135,74,61,41
534032481,0,0,0,0
534032482,0,0,0,0
534032483,0,0,0,0
534032484,198,91,107,63
534032491,272,131,141,70
534032492,138,66,72,37
534032493,68,32,36,22
534032494,100,52,48,29
534032501,0,0,0,0
534032502,46,6,40,1
534032503,0,0,0,0
534032504,0,0,0,0
534032511,124,62,62,39
534032512,105,49,56,31
534032513,86,49,37,26
534032514,0,0,0,0
534032521,132,69,63,38
534032522,173,91,82,53
534032523,0,0,0,0
534032524,193,100,93,57
534032531,90,44,46,28
534032532,306,156,150,95
534032533,289,141,148,77
534032534,0,0,0,0
534032541,854,419,435,225
534032542,203,92,111,67
534032543,236,118,118,65
534032544,188,98,90,53
534032551,365,186,179,124
534032552,0,0,0,0
534032553,324,179,145,124
534032554,287,140,147,101
534032561,82,40,42,23
534032562,0,0,0,0
534032563,421,210,211,120
534032564,0,0,0,0
534032571,118,56,62,30
534032572,51,24,27,14
534032573,0,0,0,0
534032574,0,0,0,0
534032581,134,63,71,41
534032582,272,132,140,89
534032583,0,0,0,0
534032584,326,172,154,108
534032591,214,107,107,71
534032592,443,213,230,127
534032593,618,304,314,198
534032594,1133,534,599,356
534032601,95,46,49,25
534032602,252,137,115,73
534032603,86,43,43,25
534032604,82,42,40,28
534032611,0,0,0,0
534032612,0,0,0,0
534032613,68,30,38,21
534032614,173,89,84,54
534032621,0,0,0,0
534032622,295,156,139,96
534032623,341,178,163,109
534032624,0,0,0,0
534032631,0,0,0,0
534032632,69,35,34,22
534032633,182,92,90,48
534032634,498,250,248,147
534032641,195,102,93,58
534032642,375,198,177,118
534032643,297,155,142,107
534032644,249,130,119,72
534032651,536,277,259,162
534032652,73,37,36,23
534032653,370,191,179,114
534032654,318,152,166,106
534032661,0,0,0,0
534032662,0,0,0,0
534032663,0,0,0,0
534032664,91,47,44,30
534032671,0,0,0,0
534032672,222,100,122,59
534032673,158,86,72,56
534032674,184,91,93,58
534032681,182,89,93,61
534032682,1032,523,509,306
534032683,192,100,92,59
534032684,190,94,96,52
534032691,84,40,44,25
534032692,84,43,41,26
534032693,0,0,0,0
534032694,0,0,0,0
534032701,0,0,0,0
534032702,0,0,0,0
534032703,91,44,47,31
534032704,0,0,0,0
534032711,0,0,0,0
534032712,0,0,0,0
534032713,0,0,0,0
534032714,0,0,0,0
534032721,536,279,257,162
534032722,928,475,453,287
534032723,134,69,65,45
534032724,477,250,227,152
534032731,124,65,59,39
534032732,151,77,74,42
534032733,468,239,229,147
534032734,345,172,173,114
534032741,73,37,36,18
534032742,64,28,36,23
534032743,205,109,96,61
534032744,455,230,225,146
534032751,349,171,178,106
534032752,270,136,134,79
534032753,194,89,105,64
534032754,198,103,95,66
534032761,147,81,66,50
534032762,154,83,71,62
534032763,97,46,51,27
534032764,0,0,0,0
534032771,0,0,0,0
534032772,335,176,159,96
534032773,129,68,61,33
534032774,0,0,0,0
534032781,0,0,0,0
534032782,151,76,75,40
534032783,245,87,158,41
534032784,0,0,0,0
534032791,268,137,131,77
534032792,187,87,100,57
534032793,0,0,0,0
534032794,104,53,51,36
534032801,98,50,48,34
534032802,0,0,0,0
534032803,0,0,0,0
534032804,0,0,0,0
534032811,174,85,89,40
534032812,91,44,47,31
534032813,0,0,0,0
534032814,0,0,0,0
534032821,70,34,36,26
534032822,246,124,122,75
534032823,0,0,0,0
534032824,7,3,4,3
534032831,675,340,335,208
534032832,537,282,255,179
534032833,247,117,130,78
534032834,161,73,88,50
534032841,388,193,195,121
534032842,276,136,140,89
534032843,150,69,81,44
534032844,1065,534,531,384
534032851,471,227,244,148
534032852,332,162,170,98
534032853,802,375,427,274
534032854,645,304,341,223
534032861,571,289,282,199
534032862,370,193,177,118
534032863,758,387,371,256
534032864,0,0,0,0
534032871,261,131,130,83
534032872,0,0,0,0
534032873,0,0,0,0
534032874,0,0,0,0
534032881,0,0,0,0
534032882,0,0,0,0
534032883,324,168,156,109
534032884,314,155,159,95
534032891,0,0,0,0
534032892,322,160,162,107
534032893,727,378,349,249
534032894,163,77,86,42
534032901,0,0,0,0
534032902,0,0,0,0
534032903,0,0,0,0
534032904,0,0,0,0
534032911,160,80,80,49
534032912,243,112,131,64
534032913,277,148,129,75
534032914,0,0,0,0
534032921,416,206,210,123
534032922,466,223,243,163
534032923,0,0,0,0
534032924,303,161,142,88
534032931,149,74,75,49
534032932,95,50,45,26
534032933,211,104,107,56
534032934,178,92,86,51
534032941,367,187,180,125
534032942,534,262,272,195
534032943,1080,546,534,367
534032944,376,192,184,134
534032951,1056,489,567,368
534032952,1165,552,613,421
534032953,422,194,228,149
534032954,1239,580,659,412
534032961,700,336,364,225
534032962,387,196,191,126
534032963,811,385,426,230
534032964,516,267,249,171
534032971,136,73,63,40
534032972,299,163,136,105
534032973,731,367,364,234
534032974,0,0,0,0
534032981,116,65,51,27
534032982,168,94,74,62
534032983,0,0,0,0
534032984,77,37,40,19
534032991,0,0,0,0
534032992,0,0,0,0
534032993,0,0,0,0
534032994,299,146,153,79
534033001,274,138,136,92
534033002,154,69,85,51
534033003,0,0,0,0
534033004,324,170,154,146
534033011,95,48,47,39
534033012,203,110,93,80
534033013,0,0,0,0
534033014,164,78,86,50
534033021,156,77,79,52
534033022,160,88,72,58
534033023,66,33,33,18
534033024,0,0,0,0
534033031,0,0,0,0
534033032,389,202,187,105
534033033,0,0,0,0
534033034,0,0,0,0
534033041,114,53,61,40
534033042,630,308,322,227
534033043,211,102,109,64
534033044,73,37,36,16
534033051,0,0,0,0
534033052,279,131,148,90
534033053,0,0,0,0
534033054,160,82,78,54
534033061,154,74,80,42
534033062,0,0,0,0
534033063,144,74,70,39
534033064,91,41,50,26
534033071,185,89,96,46
534033072,0,0,0,0
534033073,201,94,107,62
534033074,322,153,169,90
534033081,179,102,77,68
534033082,0,0,0,0
534033083,365,178,187,97
534033084,0,0,0,0
534033091,0,0,0,0
534033092,364,175,189,97
534033093,0,0,0,0
534033094,160,79,81,46
534033101,415,201,214,127
534033102,290,169,121,46
534033103,49,11,38,1
534033104,0,0,0,0
534033111,460,231,229,140
534033112,116,57,59,40
534033113,117,54,63,31
534033114,518,255,263,183
534033121,0,0,0,0
534033122,131,64,67,38
534033123,224,108,116,76
534033124,0,0,0,0
534033131,48,24,24,15
534033132,0,0,0,0
534033133,427,212,215,122
534033134,0,0,0,0
534033141,98,47,51,27
534033142,187,80,107,59
534033143,0,0,0,0
534033144,229,107,122,59
534033151,196,100,96,48
534033152,0,0,0,0
534033153,286,150,136,89
534033154,0,0,0,0
534033161,99,47,52,27
534033162,0,0,0,0
534033163,162,91,71,51
534033164,243,123,120,72
534033171,0,0,0,0
534033172,0,0,0,0
534033173,0,0,0,0
534033174,97,51,46,28
534033181,0,0,0,0
534033182,391,160,231,78
534033183,0,0,0,0
534033184,123,66,57,39
534033191,0,0,0,0
534033192,0,0,0,0
534033193,256,116,140,66
534033194,0,0,0,0
534033201,0,0,0,0
534033202,79,38,41,18
534033203,0,0,0,0
534033204,130,66,64,38
534033211,0,0,0,0
534033212,276,130,146,103
534033213,0,0,0,0
534033214,139,67,72,48
534033221,954,463,491,326
534033222,564,278,286,201
534033223,227,117,110,81
534033224,680,328,352,229
534033231,624,319,305,218
534033232,54,28,26,15
534033233,931,451,480,388
534033234,0,0,0,0
534033241,0,0,0,0
534033242,0,0,0,0
534033243,0,0,0,0
534033244,0,0,0,0
534033251,0,0,0,0
534033252,211,96,115,62
534033253,197,96,101,56
534033254,441,208,233,147
534033261,0,0,0,0
534033262,174,84,90,52
534033263,0,0,0,0
534033264,168,84,84,51
534033271,0,0,0,0
534033272,0,0,0,0
534033273,168,90,78,52
534033274,136,58,78,40
534033281,234,120,114,67
534033282,0,0,0,0
534033283,0,0,0,0
534033284,0,0,0,0
534033291,84,41,43,27
534033292,218,109,109,60
534033293,0,0,0,0
534033294,344,162,182,101
534033301,8,4,4,2
534033302,196,105,91,65
534033303,60,29,31,15
534033304,82,44,38,20
534033311,279,144,135,70
534033312,0,0,0,0
534033313,0,0,0,0
534033314,0,0,0,0
534034301,132,65,67,40
534034302,100,50,50,29
534034303,0,0,0,0
534034304,127,59,68,40
534034311,0,0,0,0
534034312,119,61,58,42
534034313,0,0,0,0
534034314,0,0,0,0
534034321,92,44,48,31
534034322,0,0,0,0
534034323,266,122,144,66
534034324,0,0,0,0
534034331,0,0,0,0
534034333,0,0,0,0
534034334,0,0,0,0
534034401,110,45,65,34
534034402,343,166,177,99
534034403,0,0,0,0
534034404,0,0,0,0
534034411,98,44,54,24
534034412,76,34,42,22
534034413,132,67,65,36
534034414,121,56,65,38
534034421,0,0,0,0
534034422,200,103,97,61
534034423,0,0,0,0
534034424,160,79,81,51
534034431,325,145,180,88
534034432,0,0,0,0
534034433,92,49,43,27
534034434,430,205,225,106
534034443,0,0,0,0
534033321,271,131,140,78
534033322,222,101,121,79
534033323,0,0,0,0
534033324,74,33,41,23
534033331,581,294,287,197
534033332,286,131,155,85
534033333,146,74,72,48
534033334,24,10,14,6
534033341,247,118,129,82
534033342,148,74,74,39
534033343,235,109,126,61
534033344,0,0,0,0
534033351,0,0,0,0
534033352,219,109,110,61
534033353,0,0,0,0
534033354,0,0,0,0
534033361,223,102,121,54
534033362,71,33,38,24
534033363,144,75,69,49
534033364,0,0,0,0
534033371,128,65,63,45
534033372,244,115,129,69
534033373,139,59,80,35
534033374,93,49,44,20
534033381,55,27,28,15
534033382,0,0,0,0
534033383,186,90,96,54
534033384,104,51,53,29
534033391,50,24,26,14
534033392,148,78,70,43
534033393,0,0,0,0
534033394,0,0,0,0
534033401,0,0,0,0
534033402,0,0,0,0
534033403,107,54,53,31
534033404,2,2,0,2
534033411,0,0,0,0
534033412,0,0,0,0
534033413,0,0,0,0
534033414,0,0,0,0
534033421,0,0,0,0
534033422,104,56,48,28
534033423,120,60,60,37
534033424,0,0,0,0
534033431,104,39,65,34
534033432,0,0,0,0
534033433,0,0,0,0
534033434,0,0,0,0
534033441,0,0,0,0
534033442,365,179,186,101
534033443,0,0,0,0
534033444,0,0,0,0
534033451,0,0,0,0
534033452,0,0,0,0
534033453,235,115,120,72
534033454,199,99,100,50
534033461,0,0,0,0
534033462,499,257,242,163
534033463,0,0,0,0
534033464,0,0,0,0
534033471,0,0,0,0
534033472,0,0,0,0
534033473,180,93,87,61
534033474,62,29,33,13
534033481,0,0,0,0
534033482,0,0,0,0
534033483,223,118,105,63
534033484,87,41,46,25
534033491,0,0,0,0
534033492,290,133,157,78
534033493,0,0,0,0
534033494,0,0,0,0
534033501,0,0,0,0
534033502,0,0,0,0
534033503,87,44,43,26
534033504,4,1,3,1
534033511,0,0,0,0
534033512,105,45,60,34
534033513,0,0,0,0
534033514,0,0,0,0
534033521,56,29,27,17
534033522,76,41,35,20
534033523,75,33,42,22
534033524,0,0,0,0
534033531,0,0,0,0
534033532,0,0,0,0
534033533,0,0,0,0
534033534,0,0,0,0
534033541,0,0,0,0
534033542,0,0,0,0
534033543,0,0,0,0
534033544,169,81,88,45
534033551,135,65,70,47
534033552,79,37,42,23
534033553,86,46,40,25
534033554,193,66,127,35
534033561,156,80,76,57
534033562,67,38,29,20
534033563,280,141,139,108
534033564,464,237,227,155
534033571,0,0,0,0
534033572,253,124,129,75
534033573,0,0,0,0
534033574,0,0,0,0
534033581,100,51,49,26
534033582,141,62,79,35
534033583,182,91,91,50
534033584,0,0,0,0
534033591,0,0,0,0
534033592,100,52,48,24
534033593,0,0,0,0
534033594,94,47,47,22
534033601,0,0,0,0
534033602,0,0,0,0
534033603,3,2,1,1
534033604,0,0,0,0
534033611,0,0,0,0
534033612,0,0,0,0
534033613,182,95,87,55
534033614,0,0,0,0
534033621,74,35,39,16
534033622,75,38,37,19
534033623,0,0,0,0
534033624,0,0,0,0
534033631,0,0,0,0
534033632,0,0,0,0
534033633,105,53,52,25
534033634,0,0,0,0
534033641,45,23,22,13
534033642,0,0,0,0
534033643,44,23,21,12
534033644,46,23,23,12
534033651,0,0,0,0
534033652,0,0,0,0
534033653,0,0,0,0
534033654,0,0,0,0
534033661,621,304,317,205
534033662,132,66,66,45
534033663,217,106,111,73
534033664,558,278,280,202
534033671,107,56,51,40
534033672,282,144,138,74
534033673,82,42,40,23
534033674,0,0,0,0
534033681,0,0,0,0
534033682,180,84,96,47
534033683,0,0,0,0
534033684,85,38,47,22
534033691,0,0,0,0
534033692,0,0,0,0
534033693,528,259,269,166
534033694,141,67,74,52
534033701,442,214,228,131
534033702,0,0,0,0
534033703,0,0,0,0
534033704,0,0,0,0
534033711,0,0,0,0
534033712,303,144,159,99
534033713,0,0,0,0
534033714,0,0,0,0
534033721,98,41,57,26
534033722,0,0,0,0
534033723,0,0,0,0
534033724,0,0,0,0
534033731,0,0,0,0
534033732,0,0,0,0
534033733,0,0,0,0
534033734,0,0,0,0
534033741,59,27,32,17
534033742,0,0,0,0
534033743,0,0,0,0
534033744,221,105,116,56
534033751,203,108,95,54
534033752,0,0,0,0
534033753,0,0,0,0
534033754,103,50,53,30
534033761,85,34,51,26
534033762,284,140,144,93
534033763,0,0,0,0
534033764,90,45,45,22
534033771,107,53,54,46
534033772,146,66,80,43
534033773,130,54,76,40
534033774,0,0,0,0
534033781,0,0,0,0
534033782,301,149,152,88
534033783,193,89,104,57
534033784,177,90,87,60
534033791,0,0,0,0
534033792,161,84,77,53
534033793,78,43,35,24
534033794,157,70,87,45
534033801,527,259,268,144
534033802,195,91,104,59
534033803,213,100,113,63
534033804,132,67,65,38
534033811,0,0,0,0
534033812,190,92,98,58
534033813,99,45,54,33
534033814,0,0,0,0
534033821,0,0,0,0
534033822,22,12,10,6
534033823,99,51,48,25
534033824,24,13,11,6
534033831,0,0,0,0
534033832,0,0,0,0
534033833,0,0,0,0
534033834,0,0,0,0
534033841,197,98,99,58
534033842,0,0,0,0
534033843,85,42,43,26
534033844,0,0,0,0
534033851,123,65,58,40
534033852,0,0,0,0
534033853,0,0,0,0
534033854,0,0,0,0
534033861,83,45,38,23
534033862,0,0,0,0
534033863,165,85,80,45
534033864,118,54,64,27
534033871,190,95,95,54
534033872,111,58,53,49
534033873,0,0,0,0
534033874,264,131,133,79
534033881,0,0,0,0
534033882,474,235,239,145
534033883,841,400,441,284
534033884,363,176,187,122
534033891,0,0,0,0
534033892,323,158,165,95
534033893,234,116,118,78
534033894,646,312,334,251
534033901,0,0,0,0
534033902,0,0,0,0
534033903,0,0,0,0
534033904,0,0,0,0
534033911,0,0,0,0
534033912,0,0,0,0
534033913,0,0,0,0
534033914,0,0,0,0
534033921,0,0,0,0
534033922,0,0,0,0
534033923,0,0,0,0
534033924,72,36,36,18
534033931,0,0,0,0
534033932,0,0,0,0
534033933,0,0,0,0
534033934,53,25,28,13
534033941,170,85,85,37
534033942,0,0,0,0
534033943,79,38,41,20
534033944,0,0,0,0
534033951,0,0,0,0
534033952,1,1,0,1
534033953,0,0,0,0
534033954,0,0,0,0
534033961,0,0,0,0
534033962,140,70,70,35
534033963,0,0,0,0
534033964,293,149,144,71
534033971,0,0,0,0
534033972,16,8,8,5
534033973,0,0,0,0
534033974,0,0,0,0
534033981,579,264,315,154
534033982,306,136,170,99
534033983,0,0,0,0
534033984,366,180,186,128
534033991,605,290,315,217
534033992,774,371,403,309
534033993,351,160,191,124
534033994,464,220,244,154
534034001,0,0,0,0
534034002,0,0,0,0
534034003,0,0,0,0
534034004,0,0,0,0
534034101,246,125,121,71
534034102,147,68,79,40
534034103,0,0,0,0
534034104,322,162,160,87
534034111,0,0,0,0
534034113,160,83,77,44
534034114,0,0,0,0
534034201,0,0,0,0
534034202,0,0,0,0
534034203,202,100,102,59
534034204,0,0,0,0
534034211,601,295,306,169
534034212,0,0,0,0
534034213,225,111,114,67
534034214,365,186,179,92
534034221,0,0,0,0
534034223,0,0,0,0
534034224,0,0,0,0
534034501,71,32,39,26
534034502,0,0,0,0
534034503,298,151,147,96
534034504,233,113,120,57
534034511,226,113,113,70
534034512,0,0,0,0
534034513,69,32,37,21
534034514,0,0,0,0
534034521,213,110,103,62
534034522,0,0,0,0
534034523,106,44,62,28
534034524,166,71,95,49
534034531,286,133,153,67
534034532,0,0,0,0
534034533,0,0,0,0
534034534,0,0,0,0
534034541,225,113,112,68
534034542,0,0,0,0
534034543,0,0,0,0
534034544,0,0,0,0
534034553,0,0,0,0
534034601,141,71,70,50
534034602,65,30,35,23
534034603,12,5,7,3
534034604,140,66,74,48
534034611,22,9,13,7
534034612,264,137,127,86
534034613,0,0,0,0
534034614,324,171,153,109
534034621,118,54,64,38
534034622,0,0,0,0
534034623,0,0,0,0
534034624,170,84,86,42
534034631,213,110,103,54
534034632,208,98,110,47
534034633,44,21,23,10
534034634,91,44,47,27
534034641,0,0,0,0
534034642,369,181,188,93
534034643,87,41,46,16
534034644,0,0,0,0
534034651,533,265,268,137
534034652,0,0,0,0
534034653,432,226,206,124
534034654,307,153,154,87
534034663,0,0,0,0
534034701,364,175,189,123
534034702,53,32,21,19
534034703,156,79,77,59
534034704,6,3,3,2
534034711,5,3,2,3
534034712,0,0,0,0
534034713,635,296,339,222
534034714,116,52,64,31
534034721,0,0,0,0
534034722,16,7,9,3
534034723,127,60,67,29
534034724,216,105,111,55
534034731,0,0,0,0
534034732,294,137,157,67
534034733,0,0,0,0
534034734,0,0,0,0
534034741,72,39,33,18
534034742,0,0,0,0
534034743,162,82,80,44
534034744,138,67,71,30
534034751,0,0,0,0
534034752,377,202,175,71
534034753,177,86,91,52
534034754,0,0,0,0
534034761,208,115,93,56
534034762,0,0,0,0
534034763,416,209,207,124
534034764,283,141,142,79
534034773,0,0,0,0
534034801,304,152,152,109
534034802,262,139,123,73
534034803,282,124,158,78
534034804,493,246,247,168
534034811,0,0,0,0
534034812,0,0,0,0
534034813,77,34,43,16
534034814,0,0,0,0
534034821,0,0,0,0
534034822,0,0,0,0
534034823,0,0,0,0
534034824,38,17,21,7
534034831,242,126,116,51
534034832,190,97,93,48
534034833,0,0,0,0
534034834,160,88,72,43
534034841,93,46,47,27
534034842,213,111,102,53
534034843,280,138,142,71
534034844,97,48,49,29
534034851,247,118,129,72
534034852,0,0,0,0
534034853,120,59,61,33
534034854,181,87,94,49
534034861,95,50,45,30
534034862,245,118,127,57
534034863,0,0,0,0
534034864,156,82,74,40
534034871,168,85,83,39
534034872,0,0,0,0
534034873,409,211,198,128
534034874,0,0,0,0
534034883,0,0,0,0
534034901,153,68,85,60
534034902,454,230,224,140
534034903,432,216,216,148
534034904,0,0,0,0
534034911,0,0,0,0
534034912,150,74,76,45
534034913,0,0,0,0
534034914,0,0,0,0
534034921,0,0,0,0
534034922,0,0,0,0
534034923,217,108,109,58
534034924,184,93,91,43
534034931,0,0,0,0
534034932,0,0,0,0
534034933,0,0,0,0
534034934,0,0,0,0
534034941,0,0,0,0
534034942,104,46,58,25
534034943,88,44,44,19
534034944,0,0,0,0
534034951,141,62,79,34
534034952,141,71,70,26
534034953,180,89,91,48
534034954,192,96,96,53
534034961,0,0,0,0
534034962,0,0,0,0
534034963,117,53,64,31
534034964,0,0,0,0
534034971,0,0,0,0
534034972,295,135,160,77
534034973,0,0,0,0
534034974,66,36,30,17
534034981,0,0,0,0
534034982,0,0,0,0
534034983,175,89,86,50
534034984,0,0,0,0
534034993,0,0,0,0
534040001,2,1,1,1
534040002,84,66,18,60
534040003,36,18,18,12
534040004,1570,806,764,551
534040011,711,328,383,235
534040012,3181,1519,1662,1032
534040013,4574,2189,2385,1544
534040014,4038,2009,2029,1549
534040021,2030,986,1044,673
534040022,2030,1030,1000,832
534040023,1867,926,941,724
534040024,496,256,240,204
534040031,3321,1944,1377,1780
534040032,2848,1539,1309,1352
534040033,2280,1197,1083,1114
534040034,3517,1874,1643,1609
534040041,870,450,420,343
534040042,1352,671,681,436
534040043,596,406,190,347
534040044,0,0,0,0
534040051,500,256,244,158
534040052,395,193,202,120
534040053,89,44,45,33
534040054,137,66,71,37
534040061,718,375,343,243
534040062,203,98,105,57
534040063,170,94,76,65
534040064,365,183,182,113
534040071,657,312,345,252
534040072,1923,934,989,720
534040073,115,53,62,29
534040074,55,32,23,16
534040081,238,122,116,86
534040082,441,222,219,133
534040083,342,199,143,160
534040084,317,167,150,121
534040091,511,276,235,209
534040092,255,131,124,100
534040093,468,255,213,183
534040094,26,14,12,12
534040101,4,1,3,1
534040102,1284,641,643,431
534040103,1927,926,1001,726
534040104,7015,3433,3582,2397
534040111,3917,1925,1992,1531
534040112,4354,2142,2212,1752
534040113,2380,1251,1129,1057
534040114,2922,1454,1468,1234
534040121,2001,1031,970,825
534040122,1599,824,775,580
534040123,2456,1228,1228,1003
534040124,1530,759,771,568
534040131,2582,1388,1194,1148
534040132,3772,1938,1834,1588
534040133,3288,1712,1576,1305
534040134,3168,1633,1535,1302
534040141,2177,1093,1084,759
534040142,220,113,107,80
534040143,2688,1416,1272,993
534040144,1381,691,690,517
534040151,448,223,225,159
534040152,1607,793,814,511
534040153,513,257,256,192
534040154,2032,1021,1011,726
534040161,100,50,50,32
534040162,246,126,120,84
534040163,966,495,471,358
534040164,507,244,263,178
534040171,197,103,94,59
534040172,72,46,26,38
534040173,0,0,0,0
534040174,657,305,352,204
534040181,642,356,286,260
534040182,1062,571,491,406
534040183,844,451,393,319
534040184,719,385,334,267
534040191,708,387,321,273
534040192,0,0,0,0
534040193,1157,787,370,321
534040194,1722,859,863,591
534040201,4605,2239,2366,1803
534040202,2643,1320,1323,1146
534040203,2525,1227,1298,973
534040204,2764,1367,1397,1032
534040211,1923,977,946,867
534040212,3976,2086,1890,1643
534040213,1733,888,845,800
534040214,1229,611,618,497
534040221,3940,2039,1901,1715
534040222,540,284,256,231
534040223,2686,1516,1170,1366
534040224,1315,721,594,594
534040231,4187,2160,2027,1703
534040232,2364,1196,1168,1063
534040233,2327,1211,1116,966
534040234,2605,1366,1239,1202
534040241,2795,1480,1315,1240
534040242,2633,1387,1246,1002
534040243,3239,1722,1517,1584
534040244,2668,1338,1330,968
534040251,1543,792,751,620
534040252,958,497,461,389
534040253,2533,1331,1202,1029
534040254,2367,1215,1152,1046
534040363,2585,1280,1305,945
534040364,2368,1164,1204,973
534040371,2556,1304,1252,896
534040372,3673,1776,1897,1403
534040373,3119,1526,1593,1282
534040374,1290,646,644,542
534040381,183,90,93,59
534040382,32,17,15,10
534040383,204,97,107,76
534040384,402,199,203,125
534040391,1728,866,862,574
534040392,283,139,144,94
534040393,1983,959,1024,599
534040394,76,40,36,20
534040401,2807,1421,1386,1408
534040402,3113,1646,1467,1312
534040403,677,332,345,244
534040404,1907,1030,877,804
534040411,2315,1243,1072,966
534040412,2884,1481,1403,1311
534040413,3554,1811,1743,1223
534040414,3788,1854,1934,1225
534040421,2713,1394,1319,1185
534040422,3266,1663,1603,1268
534040423,3405,1725,1680,1292
534040424,2497,1242,1255,937
534040431,2914,1434,1480,987
534040432,3168,1584,1584,1093
534040433,3186,1582,1604,1243
534040434,2727,1346,1381,939
534040441,2455,1269,1186,907
534040442,1413,778,635,554
534040443,1684,841,843,581
534040444,883,471,412,359
534040451,616,319,297,224
534040452,63,31,32,22
534040453,6,3,3,2
534040454,74,72,2,72
534040461,2059,1037,1022,782
534040462,2374,1179,1195,937
534040463,1366,704,662,504
534040464,513,277,236,206
534040471,2332,1148,1184,1057
534040472,2970,1485,1485,1266
534040473,3275,1618,1657,1383
534040474,2381,1193,1188,961
534040481,585,301,284,228
534040482,88,42,46,28
534040483,3659,1832,1827,1291
534040484,223,117,106,84
534040491,543,284,259,207
534040492,325,163,162,97
534040493,196,96,100,64
534040494,26,11,15,7
534040501,129,58,71,50
534040502,759,360,399,223
534040503,115,56,59,29
534040504,11,6,5,5
534040511,420,205,215,137
534040512,1387,670,717,470
534040513,2474,1222,1252,880
534040514,640,324,316,282
534040521,2204,1093,1111,768
534040522,3628,1847,1781,1462
534040523,2868,1446,1422,968
534040524,3102,1608,1494,1111
534040531,4260,2132,2128,1623
534040532,2145,1066,1079,784
534040533,3692,1867,1825,1387
534040534,3950,1946,2004,1602
534040541,2177,1531,646,547
534040542,973,484,489,364
534040543,3069,1642,1427,1264
534040544,1171,657,514,494
534040551,1,1,0,1
534040552,0,0,0,0
534040553,137,75,62,42
534040554,573,278,295,199
534040561,24,13,11,8
534040562,286,133,153,92
534040563,1593,759,834,526
534040564,2084,1043,1041,710
534040571,2158,1120,1038,918
534040572,2937,1498,1439,1070
534040573,1511,767,744,499
534040574,2245,1140,1105,773
534040581,2971,1480,1491,1147
534040582,2027,1013,1014,818
534040583,2611,1270,1341,981
534040584,2300,1153,1147,918
534040591,1700,830,870,584
534040592,2418,1220,1198,913
534040593,1351,684,667,502
534040594,1896,945,951,802
534040601,96,42,54,24
534040602,351,157,194,73
534040603,0,0,0,0
534040604,293,149,144,73
534040611,2550,1273,1277,1120
534040612,3295,1637,1658,1180
534040613,521,268,253,195
534040614,2551,1288,1263,856
534040621,2553,1266,1287,844
534040622,2828,1393,1435,932
534040623,3543,1762,1781,1254
534040624,3318,1673,1645,1262
534040631,3132,1567,1565,1226
534040632,5279,2701,2578,2107
534040633,2868,1454,1414,1249
534040634,2954,1399,1555,1253
534040641,2466,1341,1125,1044
534040642,2627,1404,1223,1109
534040643,3766,1901,1865,1544
534040644,806,404,402,287
534040651,2067,1063,1004,701
534040652,2760,1341,1419,1109
534040653,1612,817,795,566
534040654,1831,935,896,636
534040661,5751,2867,2884,2167
534040662,1819,935,884,621
534040663,2215,1067,1148,803
534040664,1416,708,708,501
534040671,1518,781,737,486
534040672,1206,594,612,404
534040673,1336,668,668,444
534040674,1268,644,624,479
534040681,2100,1052,1048,765
534040682,1884,943,941,686
534040683,1780,948,832,661
534040684,1247,647,600,450
534040691,1173,572,601,467
534040692,2058,1031,1027,769
534040693,107,58,49,36
534040694,1630,797,833,564
534040701,96,46,50,30
534040702,123,72,51,51
534040703,634,327,307,205
534040704,821,432,389,303
534040711,3870,1897,1973,1292
534040712,2461,1205,1256,846
534040713,4122,2028,2094,1431
534040714,3496,1723,1773,1237
534040721,3697,1818,1879,1382
534040722,3005,1510,1495,1245
534040723,2952,1453,1499,1246
534040724,3697,1844,1853,1570
534040731,2966,1557,1409,1274
534040732,3497,1837,1660,1465
534040733,2455,1230,1225,1001
534040734,3177,1566,1611,1156
534040741,2494,1373,1121,1116
534040742,996,596,400,497
534040743,2306,1199,1107,886
534040744,196,112,84,85
534040751,831,430,401,282
534040752,786,401,385,297
534040753,19,9,10,5
534040754,1190,595,595,487
534040761,2367,1165,1202,787
534040762,2797,1424,1373,975
534040763,2344,1137,1207,814
534040764,833,411,422,254
534040771,2975,1457,1518,950
534040772,2426,1224,1202,823
534040773,1363,706,657,474
534040774,143,85,58,69
534040781,2836,1317,1519,1215
534040782,701,356,345,292
534040783,2587,1331,1256,1005
534040784,934,472,462,324
534040791,358,176,182,112
534040792,4045,2065,1980,1819
534040793,261,131,130,79
534040794,4095,2057,2038,1655
534040801,600,333,267,241
534040802,2136,1074,1062,792
534040803,127,61,66,41
534040804,492,248,244,199
534040811,2581,1254,1327,971
534040812,1697,810,887,617
534040813,2187,1101,1086,728
534040814,1677,848,829,584
534040821,828,406,422,324
534040822,2544,1210,1334,963
534040823,2296,1128,1168,865
534040824,1549,811,738,609
534040831,3378,1667,1711,1247
534040832,3578,1716,1862,1237
534040833,1073,550,523,353
534040834,2892,1443,1449,962
534040841,2701,1331,1370,900
534040842,530,263,267,168
534040843,1043,479,564,309
534040844,89,41,48,20
534040851,46,20,26,15
534040852,54,31,23,24
534040853,62,27,35,18
534040854,0,0,0,0
534040861,94,43,51,32
534040862,0,0,0,0
534040863,65,36,29,23
534040864,72,35,37,22
534040871,0,0,0,0
534040872,0,0,0,0
534040873,0,0,0,0
534040874,0,0,0,0
534040881,1117,552,565,378
534040882,719,353,366,222
534040883,881,437,444,260
534040884,466,220,246,138
534040891,142,67,75,37
534040892,1131,551,580,406
534040893,190,97,93,45
534040894,40,21,19,17
534040901,1413,719,694,481
534040902,1714,848,866,533
534040903,2632,1334,1298,924
534040904,1503,748,755,500
534040911,618,318,300,188
534040912,567,287,280,178
534040913,202,100,102,62
534040914,360,181,179,125
534040921,649,341,308,214
534040922,2695,1334,1361,919
534040923,1081,551,530,427
534040924,703,339,364,239
534040931,2594,1257,1337,857
534040932,1108,555,553,366
534040933,2287,1131,1156,761
534040934,1201,587,614,390
534040941,169,63,106,33
534040942,81,11,70,1
534040943,176,67,109,22
534040944,386,189,197,97
534040951,0,0,0,0
534040952,33,16,17,10
534040953,0,0,0,0
534040954,97,52,45,23
534040961,0,0,0,0
534040962,153,73,80,47
534040963,209,109,100,62
534040964,77,42,35,24
534040971,308,152,156,76
534040972,0,0,0,0
534040973,84,40,44,19
534040974,88,39,49,24
534040981,0,0,0,0
534040982,114,58,56,27
534040983,191,97,94,64
534040984,165,66,99,27
534040991,4,2,2,1
534040992,161,52,109,39
534040993,267,146,121,72
534040994,221,114,107,61
534041001,213,87,126,64
534041002,853,426,427,290
534041003,80,45,35,36
534041004,112,53,59,36
534041011,324,99,225,67
534041012,895,463,432,312
534041013,179,87,92,59
534041014,221,123,98,95
534041021,1749,891,858,588
534041022,2405,1179,1226,926
534041023,1841,911,930,626
534041024,2656,1310,1346,975
534041031,957,466,491,359
534041032,1234,618,616,450
534041033,1722,855,867,644
534041034,1987,973,1014,691
534041041,826,389,437,270
534041042,197,97,100,57
534041043,2116,1004,1112,706
534041044,305,138,167,98
534041051,509,215,294,137
534041052,1160,564,596,368
534041053,153,74,79,45
534041054,438,208,230,140
534041061,409,196,213,140
534041062,0,0,0,0
534041063,1849,895,954,590
534041064,103,48,55,27
534041071,0,0,0,0
534041072,0,0,0,0
534041073,95,45,50,24
534041074,85,40,45,23
534041081,345,170,175,85
534041082,0,0,0,0
534041083,0,0,0,0
534041084,0,0,0,0
534041091,69,33,36,20
534041092,0,0,0,0
534041093,0,0,0,0
534041094,4,4,0,4
534041101,405,205,200,152
534041102,118,60,58,42
534041103,303,180,123,137
534041104,337,135,202,86
534041111,127,67,60,42
534041112,0,0,0,0
534041113,0,0,0,0
534041114,126,61,65,38
534041121,1090,532,558,353
534041122,2187,1104,1083,719
534041123,111,51,60,37
534041124,472,272,200,203
534041131,2534,1247,1287,869
534041132,1494,728,766,509
534041133,1037,509,528,309
534041134,417,220,197,135
534041141,384,189,195,129
534041142,0,0,0,0
534041143,446,211,235,137
534041144,159,72,87,47
534041151,0,0,0,0
534041152,149,73,76,43
534041153,68,26,42,16
534041154,0,0,0,0
534041161,42,17,25,13
534041162,0,0,0,0
534041163,4,3,1,2
534041164,210,100,110,59
534041171,85,39,46,23
534041172,0,0,0,0
534041173,14,7,7,4
534041174,85,47,38,31
534041181,86,47,39,31
534041182,351,182,169,105
534041183,0,0,0,0
534041184,0,0,0,0
534041191,0,0,0,0
534041192,0,0,0,0
534041193,0,0,0,0
534041194,59,31,28,11
534041201,1076,555,521,389
534041202,1,0,1,1
534041203,393,188,205,136
534041204,485,231,254,136
534041211,192,96,96,48
534041212,175,84,91,48
534041213,307,147,160,93
534041214,0,0,0,0
534041221,0,0,0,0
534041222,175,90,85,70
534041223,0,0,0,0
534041224,119,72,47,51
534041231,29,13,16,6
534041232,0,0,0,0
534041233,0,0,0,0
534041234,29,16,13,10
534041241,374,191,183,123
534041242,326,172,154,124
534041243,1755,849,906,542
534041244,1577,758,819,524
534041251,188,102,86,56
534041252,220,121,99,93
534041253,282,155,127,106
534041254,452,219,233,178
534041261,687,319,368,201
534041262,1449,720,729,408
534041263,516,248,268,156
534041264,99,52,47,25
534041271,1407,698,709,349
534041272,0,0,0,0
534041273,258,130,128,69
534041274,25,14,11,11
534041281,87,48,39,31
534041282,215,108,107,59
534041283,390,206,184,149
534041284,1679,879,800,624
534041291,0,0,0,0
534041292,145,75,70,43
534041293,158,79,79,50
534041294,0,0,0,0
534041301,308,153,155,93
534041302,0,0,0,0
534041303,591,530,61,509
534041304,0,0,0,0
534041311,129,68,61,38
534041312,174,96,78,58
534041313,15,8,7,5
534041314,320,172,148,98
534041321,418,203,215,124
534041322,40,26,14,16
534041323,260,130,130,77
534041324,0,0,0,0
534041331,177,67,110,34
534041332,196,97,99,55
534041333,0,0,0,0
534041334,0,0,0,0
534041341,1109,539,570,360
534041342,2166,1086,1080,730
534041343,84,42,42,27
534041344,1320,638,682,448
534041351,1063,501,562,369
534041352,0,0,0,0
534041353,235,116,119,71
534041354,187,93,94,45
534041361,0,0,0,0
534041362,0,0,0,0
534041363,0,0,0,0
534041364,0,0,0,0
534041371,223,107,116,62
534041372,21,10,11,10
534041373,601,303,298,162
534041374,9,7,2,8
534041381,1203,571,632,409
534041382,1200,587,613,399
534041383,554,315,239,248
534041384,1297,671,626,437
534041391,506,224,282,152
534041392,0,0,0,0
534041393,31,13,18,8
534041394,245,114,131,64
534041401,617,324,293,246
534041402,1086,520,566,391
534041403,1948,960,988,711
534041404,2365,1147,1218,841
534041411,511,267,244,170
534041412,778,386,392,253
534041413,1878,963,915,606
534041414,144,69,75,38
534041421,702,344,358,229
534041422,0,0,0,0
534041423,2725,1341,1384,924
534041424,630,297,333,197
534041431,0,0,0,0
534041432,109,57,52,30
534041433,0,0,0,0
534041434,113,58,55,29
534041441,90,57,33,36
534041442,84,52,32,35
534041443,0,0,0,0
534041444,0,0,0,0
534041451,0,0,0,0
534041452,0,0,0,0
534041453,87,42,45,27
534041454,0,0,0,0
534041461,166,81,85,46
534041462,0,0,0,0
534041463,0,0,0,0
534041464,0,0,0,0
534041471,1442,708,734,419
534041472,174,90,84,61
534041473,767,382,385,212
534041474,2034,1073,961,811
534041481,1010,528,482,382
534041482,1585,807,778,519
534041483,1290,671,619,492
534041484,289,154,135,106
534041491,235,118,117,66
534041492,0,0,0,0
534041493,228,118,110,82
534041494,289,148,141,81
534041501,2915,1407,1508,1090
534041502,3221,1590,1631,1152
534041503,2898,1440,1458,1272
534041504,2966,1521,1445,1089
534041511,1422,717,705,473
534041512,1217,608,609,416
534041513,2824,1380,1444,1030
534041514,3293,1588,1705,1191
534041521,2669,1320,1349,921
534041522,1640,775,865,529
534041523,2300,1126,1174,785
534041524,617,304,313,210
534041531,224,115,109,66
534041532,0,0,0,0
534041533,520,195,325,182
534041534,0,0,0,0
534041541,0,0,0,0
534041542,483,252,231,146
534041543,281,126,155,65
534041544,1583,766,817,439
534041551,264,125,139,72
534041552,127,63,64,31
534041553,188,88,100,50
534041554,0,0,0,0
534041561,130,64,66,31
534041562,0,0,0,0
534041563,0,0,0,0
534041564,0,0,0,0
534041571,226,100,126,63
534041572,1011,550,461,504
534041573,0,0,0,0
534041574,857,447,410,345
534041581,834,420,414,307
534041582,451,226,225,186
534041583,904,443,461,357
534041584,949,359,590,411
534041591,175,80,95,49
534041592,2089,1025,1064,600
534041593,558,249,309,249
534041594,903,455,448,258
534041601,2115,1071,1044,827
534041602,2227,1126,1101,823
534041603,2269,1042,1227,878
534041604,1361,693,668,477
534041611,2527,1255,1272,905
534041612,3070,1502,1568,1154
534041613,1928,961,967,659
534041614,2220,1117,1103,812
534041621,2317,1134,1183,825
534041622,1982,948,1034,706
534041623,2448,1190,1258,854
534041624,1458,714,744,534
534041631,11,5,6,1
534041632,20,11,9,6
534041633,0,0,0,0
534041634,854,401,453,275
534041641,1665,837,828,517
534041642,1386,698,688,406
534041643,2033,975,1058,669
534041644,1540,759,781,526
534041651,948,459,489,278
534041652,220,110,110,68
534041653,1995,963,1032,598
534041654,340,173,167,105
534041661,0,0,0,0
534041662,0,0,0,0
534041663,0,0,0,0
534041664,0,0,0,0
534041671,0,0,0,0
534041672,610,295,315,231
534041673,116,62,54,44
534041674,711,346,365,264
534041681,1130,554,576,407
534041682,1305,647,658,499
534041683,1538,737,801,601
534041684,1242,620,622,479
534041691,1531,778,753,599
534041692,1423,676,747,531
534041693,2684,1331,1353,899
534041694,895,437,458,301
534041701,711,337,374,256
534041702,1283,661,622,436
534041703,256,126,130,97
534041704,285,156,129,105
534041711,2010,994,1016,666
534041712,1872,891,981,634
534041713,688,337,351,222
534041714,872,424,448,264
534041721,1485,702,783,487
534041722,1307,649,658,429
534041723,1132,546,586,355
534041724,1599,784,815,491
534041731,462,228,234,143
534041732,1004,488,516,366
534041733,229,119,110,74
534041734,1232,613,619,424
534041741,2015,980,1035,752
534041742,2360,1159,1201,828
534041743,1804,891,913,653
534041744,1652,825,827,648
534041751,971,473,498,316
534041752,67,28,39,21
534041753,1270,605,665,425
534041754,582,292,290,188
534041761,265,123,142,71
534041762,221,114,107,63
534041763,994,481,513,322
534041764,114,54,60,34
534041771,435,220,215,153
534041772,1579,787,792,558
534041773,104,48,56,28
534041774,0,0,0,0
534041781,1550,728,822,724
534041782,380,184,196,136
534041783,1243,603,640,399
534041784,0,0,0,0
534041791,768,384,384,259
534041792,89,47,42,26
534041793,0,0,0,0
534041794,0,0,0,0
534041801,189,59,130,30
534041802,0,0,0,0
534041803,184,95,89,37
534041804,246,121,125,70
534041811,93,55,38,39
534041812,1002,484,518,305
534041813,518,242,276,155
534041814,1027,476,551,306
534041821,589,290,299,187
534041822,1584,761,823,523
534041823,87,39,48,33
534041824,283,127,156,82
534041831,215,106,109,63
534041832,911,452,459,288
534041833,0,0,0,0
534041834,1575,803,772,501
534041841,1535,735,800,509
534041842,1298,629,669,440
534041843,587,285,302,179
534041844,143,80,63,49
534041851,1205,576,629,407
534041852,899,449,450,298
534041853,0,0,0,0
534041854,0,0,0,0
534041861,2406,1201,1205,867
534041862,243,115,128,81
534041863,276,140,136,96
534041864,0,0,0,0
534041871,0,0,0,0
534041872,225,110,115,60
534041873,0,0,0,0
534041874,50,12,38,1
534041881,780,365,415,244
534041882,121,61,60,31
534041883,145,77,68,38
534041884,273,135,138,67
534041891,0,0,0,0
534041892,0,0,0,0
534041893,0,0,0,0
534041894,0,0,0,0
534041901,0,0,0,0
534041902,0,0,0,0
534041903,0,0,0,0
534041904,0,0,0,0
534041911,166,79,87,27
534041912,1670,775,895,504
534041913,417,208,209,1
534041914,62,35,27,26
534041921,238,113,125,68
534041922,0,0,0,0
534041923,202,92,110,58
534041924,0,0,0,0
534041931,0,0,0,0
534041932,695,337,358,218
534041933,0,0,0,0
534041934,0,0,0,0
534041941,553,264,289,172
534041942,0,0,0,0
534041943,0,0,0,0
534041944,0,0,0,0
534041951,0,0,0,0
534041952,0,0,0,0
534041953,0,0,0,0
534041954,0,0,0,0
534041961,0,0,0,0
534041962,198,96,102,51
534041963,0,0,0,0
534041964,0,0,0,0
534041971,0,0,0,0
534041972,0,0,0,0
534041973,33,16,17,9
534041974,152,73,79,41
534041981,40,18,22,11
534041982,0,0,0,0
534041983,0,0,0,0
534041984,0,0,0,0
534041991,0,0,0,0
534041992,0,0,0,0
534041993,0,0,0,0
534041994,34,17,17,10
534042001,0,0,0,0
534042002,0,0,0,0
534042003,52,25,27,13
534042004,0,0,0,0
534042011,65,32,33,16
534042012,223,110,113,56
534042013,67,32,35,16
534042014,0,0,0,0
534042021,165,85,80,45
534042022,276,137,139,75
534042023,126,63,63,31
534042024,134,66,68,41
534042031,390,190,200,126
534042032,289,156,133,93
534042033,284,152,132,94
534042034,523,258,265,168
534042041,926,466,460,302
534042042,520,267,253,169
534042043,1274,648,626,440
534042044,812,402,410,277
534042051,959,441,518,286
534042052,1545,729,816,500
534042053,524,259,265,145
534042054,610,318,292,199
534042061,463,232,231,145
534042062,481,247,234,156
534042063,638,336,302,195
534042064,361,191,170,118
534042071,32,17,15,9
534042072,80,46,34,25
534042073,275,138,137,94
534042074,106,55,51,36
534042081,0,0,0,0
534042082,380,191,189,102
534042083,141,67,74,43
534042084,397,185,212,111
534042091,170,87,83,45
534042092,231,121,110,63
534042093,0,0,0,0
534042094,0,0,0,0
534042101,0,0,0,0
534042102,66,32,34,16
534042103,0,0,0,0
534042104,0,0,0,0
534042111,46,22,24,14
534042112,0,0,0,0
534042113,0,0,0,0
534042114,0,0,0,0
534042121,146,69,77,47
534042122,234,123,111,72
534042123,0,0,0,0
534042124,1084,518,566,326
534042131,58,29,29,17
534042132,873,449,424,289
534042133,597,295,302,178
534042134,1510,733,777,455
534042141,755,388,367,284
534042142,94,46,48,27
534042143,270,131,139,79
534042144,243,121,122,77
534042151,478,244,234,146
534042152,1002,503,499,317
534042153,359,170,189,117
534042154,386,199,187,119
534042161,341,170,171,112
534042162,504,251,253,154
534042163,246,118,128,72
534042164,208,117,91,48
534042171,649,334,315,201
534042172,131,64,67,43
534042173,92,46,46,25
534042174,162,81,81,37
534042181,244,119,125,83
534042182,101,52,49,31
534042183,0,0,0,0
534042184,128,69,59,34
534042191,565,277,288,159
534042192,184,97,87,46
534042193,0,0,0,0
534042194,133,68,65,48
534042201,55,26,29,13
534042202,52,24,28,12
534042203,48,24,24,10
534042204,0,0,0,0
534042211,49,23,26,14
534042212,44,20,24,13
534042213,62,30,32,17
534042214,0,0,0,0
534042221,83,39,44,26
534042222,411,206,205,135
534042223,65,32,33,17
534042224,0,0,0,0
534042231,698,368,330,285
534042232,402,205,197,126
534042233,130,63,67,40
534042234,300,149,151,87
534042241,521,276,245,159
534042242,682,345,337,207
534042243,628,308,320,179
534042244,135,65,70,42
534042251,448,217,231,147
534042252,349,171,178,101
534042253,351,172,179,119
534042254,272,137,135,85
534042261,82,43,39,21
534042262,0,0,0,0
534042263,0,0,0,0
534042264,79,40,39,20
534042271,0,0,0,0
534042272,117,57,60,33
534042273,83,41,42,24
534042274,0,0,0,0
534042281,0,0,0,0
534042282,0,0,0,0
534042283,243,108,135,63
534042284,0,0,0,0
534042291,0,0,0,0
534042292,65,34,31,16
534042293,60,30,30,14
534042294,64,32,32,15
534042301,73,37,36,21
534042302,199,95,104,53
534042303,165,85,80,49
534042304,0,0,0,0
534042311,65,31,34,16
534042312,0,0,0,0
534042313,6,4,2,1
534042314,0,0,0,0
534042321,0,0,0,0
534042322,44,23,21,14
534042323,0,0,0,0
534042324,37,20,17,13
534042331,1145,584,561,369
534042332,388,201,187,124
534042333,448,228,220,137
534042334,160,85,75,42
534042341,186,92,94,51
534042342,374,178,196,106
534042343,344,177,167,110
534042344,21,10,11,8
534042351,149,81,68,45
534042352,226,112,114,60
534042353,0,0,0,0
534042354,160,84,76,35
534042361,87,46,41,23
534042362,0,0,0,0
534042363,145,72,73,43
534042364,0,0,0,0
534042371,285,147,138,75
534042372,0,0,0,0
534042373,228,112,116,52
534042374,0,0,0,0
534042381,61,31,30,14
534042382,87,49,38,23
534042383,62,31,31,14
534042384,0,0,0,0
534042391,59,29,30,13
534042392,0,0,0,0
534042393,0,0,0,0
534042394,63,31,32,14
534042401,0,0,0,0
534042402,0,0,0,0
534042403,96,43,53,28
534042404,116,55,61,27
534042411,326,175,151,125
534042412,369,180,189,101
534042413,117,59,58,39
534042414,0,0,0,0
534042421,82,42,40,26
534042422,85,44,41,21
534042423,0,0,0,0
534042424,0,0,0,0
534042431,0,0,0,0
534042432,82,40,42,23
534042433,155,79,76,54
534042434,0,0,0,0
534042441,29,13,16,8
534042442,188,94,94,66
534042443,108,50,58,25
534042444,474,230,244,155
534042451,144,74,70,33
534042452,0,0,0,0
534042453,76,36,40,22
534042454,286,143,143,1
534042461,0,0,0,0
534042462,0,0,0,0
534042463,0,0,0,0
534042464,225,113,112,78
534042471,0,0,0,0
534042472,54,29,25,14
534042473,123,60,63,38
534042474,0,0,0,0
534042481,89,38,51,22
534042482,82,34,48,21
534042483,56,29,27,14
534042484,164,84,80,45
534042491,81,44,37,22
534042492,351,188,163,119
534042493,0,0,0,0
534042494,0,0,0,0
534042501,721,352,369,194
534042502,0,0,0,0
534042503,340,149,191,80
534042504,164,74,90,61
534042511,0,0,0,0
534042512,144,71,73,42
534042513,225,104,121,78
534042514,34,20,14,11
534042521,0,0,0,0
534042522,80,40,40,24
534042523,83,41,42,24
534042524,0,0,0,0
534042531,30,17,13,11
534042532,435,225,210,119
534042533,0,0,0,0
534042534,0,0,0,0
534042541,0,0,0,0
534042542,367,185,182,114
534042543,0,0,0,0
534042544,0,0,0,0
534042551,302,156,146,86
534042552,0,0,0,0
534042553,216,123,93,57
534042554,8,4,4,4
534042561,0,0,0,0
534042562,0,0,0,0
534042563,0,0,0,0
534042564,0,0,0,0
534042571,0,0,0,0
534042572,51,26,25,13
534042573,0,0,0,0
534042574,130,64,66,32
534042581,262,128,134,82
534042582,15,7,8,5
534042583,463,242,221,172
534042584,129,65,64,33
534042591,125,57,68,34
534042592,0,0,0,0
534042593,673,348,325,233
534042594,198,102,96,61
534042601,439,212,227,147
534042602,1041,536,505,333
534042603,545,267,278,179
534042604,427,218,209,142
534042611,133,61,72,46
534042612,89,55,34,36
534042613,300,148,152,104
534042614,1582,805,777,559
534042621,147,73,74,38
534042622,91,42,49,24
534042623,138,73,65,43
534042624,78,45,33,19
534042631,129,59,70,40
534042632,24,11,13,5
534042633,0,0,0,0
534042634,0,0,0,0
534042641,0,0,0,0
534042642,98,50,48,32
534042643,320,166,154,94
534042644,51,26,25,16
534042651,296,143,153,84
534042652,0,0,0,0
534042653,169,75,94,53
534042654,0,0,0,0
534042661,348,175,173,89
534042662,178,94,84,51
534042663,148,82,66,47
534042664,396,195,201,126
534042671,587,276,311,182
534042672,17,8,9,5
534042673,705,346,359,233
534042674,556,263,293,166
534042681,590,356,234,283
534042682,537,279,258,162
534042683,0,0,0,0
534042684,0,0,0,0
534042691,69,33,36,16
534042692,69,35,34,20
534042693,0,0,0,0
534042694,115,65,50,36
534042701,83,37,46,30
534042702,108,62,46,28
534042703,413,204,209,119
534042704,0,0,0,0
534042711,697,361,336,254
534042712,2155,1053,1102,755
534042713,355,174,181,130
534042714,1982,905,1077,769
534042721,1796,887,909,604
534042722,0,0,0,0
534042723,1423,742,681,621
534042724,443,216,227,163
534042731,0,0,0,0
534042732,340,161,179,108
534042733,128,68,60,35
534042734,357,190,167,116
534042741,223,110,113,72
534042742,284,145,139,86
534042743,0,0,0,0
534042744,433,227,206,157
534042751,153,74,79,52
534042752,257,137,120,88
534042753,564,280,284,182
534042754,118,58,60,37
534042761,260,137,123,89
534042762,576,261,315,176
534042763,371,184,187,119
534042764,469,239,230,158
534042771,150,85,65,64
534042772,835,431,404,292
534042773,155,83,72,48
534042774,262,139,123,97
534042781,555,307,248,252
534042782,648,334,314,271
534042783,406,232,174,195
534042784,197,99,98,72
534042791,170,85,85,47
534042792,13,8,5,5
534042793,0,0,0,0
534042794,149,76,73,39
534042801,211,106,105,60
534042802,0,0,0,0
534042803,0,0,0,0
534042804,0,0,0,0
534042811,15,8,7,11
534042812,935,464,471,436
534042813,0,0,0,0
534042814,799,406,393,376
534042821,585,300,285,224
534042822,105,55,50,30
534042823,259,127,132,86
534042824,0,0,0,0
534042831,187,97,90,59
534042832,227,113,114,72
534042833,0,0,0,0
534042834,49,25,24,9
534042841,0,0,0,0
534042842,906,597,309,475
534042843,0,0,0,0
534042844,137,67,70,48
534042851,511,250,261,173
534042852,541,279,262,200
534042853,905,502,403,370
534042854,492,263,229,208
534042861,1117,575,542,398
534042862,782,403,379,304
534042863,687,350,337,263
534042864,1013,532,481,424
534042871,0,0,0,0
534042872,980,475,505,281
534042873,854,444,410,301
534042874,905,460,445,309
534042881,525,276,249,169
534042882,124,64,60,42
534042883,149,82,67,51
534042884,125,69,56,42
534042891,158,79,79,49
534042892,113,60,53,32
534042893,456,245,211,222
534042894,875,476,399,351
534042901,0,0,0,0
534042902,18,4,14,18
534042903,656,356,300,237
534042904,471,303,168,20
534042911,55,19,36,30
534042912,301,138,163,103
534042913,0,0,0,0
534042914,108,58,50,33
534042921,417,188,229,130
534042922,39,19,20,12
534042923,37,33,4,3
534042924,208,98,110,59
534042931,113,55,58,35
534042932,35,16,19,9
534042933,0,0,0,0
534042934,82,40,42,22
534042941,9,5,4,2
534042942,86,38,48,21
534042943,630,322,308,292
534042944,0,0,0,0
534042951,189,96,93,92
534042952,368,202,166,137
534042953,244,128,116,75
534042954,107,55,52,35
534042961,305,176,129,134
534042962,552,281,271,213
534042963,201,91,110,72
534042964,122,65,57,42
534042971,276,137,139,104
534042972,72,30,42,38
534042973,298,156,142,97
534042974,312,160,152,97
534042981,459,229,230,139
534042982,216,122,94,87
534042983,372,191,181,119
534042984,47,23,24,11
534042991,1261,704,557,572
534042992,664,373,291,301
534042993,205,115,90,78
534042994,879,450,429,344
534043001,182,90,92,52
534043002,111,58,53,40
534043003,0,0,0,0
534043004,87,44,43,19
534043011,0,0,0,0
534043012,160,72,88,50
534043013,0,0,0,0
534043014,0,0,0,0
534043021,0,0,0,0
534043022,26,13,13,7
534043023,0,0,0,0
534043024,27,14,13,7
534043031,28,13,15,7
534043032,111,52,59,26
534043033,22,10,12,6
534043034,0,0,0,0
534043041,0,0,0,0
534043042,41,20,21,12
534043043,0,0,0,0
534043044,171,79,92,50
534043051,0,0,0,0
534043052,191,93,98,50
534043053,0,0,0,0
534043054,0,0,0,0
534043061,0,0,0,0
534043062,0,0,0,0
534043063,0,0,0,0
534043064,0,0,0,0
534043071,0,0,0,0
534043072,142,74,68,38
534043073,163,77,86,43
534043074,176,87,89,40
534043081,123,62,61,29
534043082,57,28,29,17
534043083,93,43,50,23
534043084,0,0,0,0
534043091,145,69,76,51
534043092,84,40,44,31
534043093,207,103,104,55
534043094,116,57,59,36
534043101,86,45,41,22
534043102,0,0,0,0
534043103,0,0,0,0
534043104,0,0,0,0
534043111,42,22,20,12
534043112,146,74,72,45
534043113,172,87,85,47
534043114,43,21,22,11
534043121,83,41,42,28
534043122,0,0,0,0
534043123,0,0,0,0
534043124,0,0,0,0
534043131,0,0,0,0
534043132,94,43,51,24
534043133,125,66,59,36
534043134,0,0,0,0
534043141,0,0,0,0
534043142,0,0,0,0
534043143,0,0,0,0
534043144,0,0,0,0
534043151,0,0,0,0
534043152,2,2,0,2
534043153,0,0,0,0
534043154,0,0,0,0
534043161,0,0,0,0
534043162,94,49,45,26
534043163,0,0,0,0
534043164,130,58,72,29
534043171,0,0,0,0
534043172,0,0,0,0
534043173,0,0,0,0
534043174,0,0,0,0
534043181,0,0,0,0
534043182,137,65,72,35
534043183,0,0,0,0
534043184,193,92,101,45
534043191,102,55,47,24
534043192,0,0,0,0
534043193,0,0,0,0
534043194,0,0,0,0
534043201,0,0,0,0
534043202,163,75,88,40
534043203,231,118,113,62
534043204,187,93,94,62
534043211,86,44,42,25
534043212,0,0,0,0
534043213,145,72,73,42
534043214,44,22,22,11
534043221,53,30,23,16
534043222,0,0,0,0
534043223,200,105,95,65
534043224,94,48,46,21
534043231,0,0,0,0
534043232,121,61,60,35
534043233,96,47,49,27
534043234,61,32,29,18
534043241,130,65,65,37
534043242,110,48,62,33
534043243,135,69,66,42
534043244,0,0,0,0
534043251,93,48,45,20
534043252,0,0,0,0
534043253,0,0,0,0
534043254,0,0,0,0
534043261,0,0,0,0
534043262,236,113,123,64
534043263,0,0,0,0
534043264,0,0,0,0
534043271,0,0,0,0
534043272,0,0,0,0
534043273,0,0,0,0
534043274,0,0,0,0
534043281,160,77,83,34
534043282,0,0,0,0
534043283,125,57,68,33
534043284,0,0,0,0
534043291,0,0,0,0
534043292,0,0,0,0
534043293,0,0,0,0
534043294,398,201,197,93
534043301,0,0,0,0
534043302,593,286,307,206
534043303,0,0,0,0
534043304,185,88,97,49
534043311,241,135,106,93
534043312,0,0,0,0
534043313,0,0,0,0
534043314,143,73,70,44
534043321,0,0,0,0
534043322,0,0,0,0
534043323,0,0,0,0
534043324,234,121,113,73
534043331,316,155,161,91
534043332,0,0,0,0
534043333,97,44,53,25
534043334,63,29,34,16
534043341,0,0,0,0
534043342,0,0,0,0
534043343,54,29,25,15
534043344,104,42,62,22
534043351,0,0,0,0
534043352,180,87,93,41
534043353,138,70,68,31
534043354,0,0,0,0
534043361,0,0,0,0
534043362,125,61,64,31
534043363,0,0,0,0
534043364,92,45,47,25
534043371,0,0,0,0
534043372,0,0,0,0
534043373,0,0,0,0
534043374,179,81,98,41
534043381,0,0,0,0
534043382,70,33,37,17
534043383,140,65,75,30
534043384,215,106,109,49
534043391,0,0,0,0
534043392,0,0,0,0
534043393,0,0,0,0
534043394,0,0,0,0
534043401,0,0,0,0
534043402,84,46,38,29
534043403,311,154,157,89
534043404,0,0,0,0
534043411,0,0,0,0
534043412,0,0,0,0
534043413,113,53,60,28
534043414,0,0,0,0
534043421,267,126,141,68
534043422,0,0,0,0
534043423,157,82,75,42
534043424,0,0,0,0
534043431,0,0,0,0
534043432,0,0,0,0
534043433,0,0,0,0
534043434,0,0,0,0
534043441,95,50,45,23
534043442,120,49,71,16
534043443,0,0,0,0
534043444,0,0,0,0
534043451,93,51,42,27
534043452,150,72,78,37
534043453,0,0,0,0
534043454,0,0,0,0
534043461,92,45,47,22
534043462,0,0,0,0
534043463,193,101,92,51
534043464,0,0,0,0
534043471,0,0,0,0
534043472,0,0,0,0
534043473,0,0,0,0
534043474,0,0,0,0
534043481,0,0,0,0
534043482,0,0,0,0
534043483,0,0,0,0
534043484,250,124,126,55
534043491,0,0,0,0
534043492,89,43,46,25
534043493,123,61,62,30
534043494,434,210,224,109
534043501,139,76,63,45
534043502,0,0,0,0
534043503,0,0,0,0
534043504,0,0,0,0
534043511,116,54,62,23
534043512,0,0,0,0
534043513,0,0,0,0
534043514,0,0,0,0
534043521,0,0,0,0
534043522,0,0,0,0
534043523,97,44,53,24
534043524,0,0,0,0
534043531,0,0,0,0
534043532,228,108,120,52
534043533,0,0,0,0
534043534,76,37,39,16
534043541,118,59,59,28
534043542,0,0,0,0
534043543,0,0,0,0
534043544,118,56,62,25
534043551,0,0,0,0
534043552,128,62,66,30
534043553,0,0,0,0
534043554,36,19,17,10
534043561,0,0,0,0
534043562,0,0,0,0
534043563,0,0,0,0
534043564,280,148,132,66
534043571,0,0,0,0
534043572,188,86,102,41
534043573,278,128,150,70
534043574,0,0,0,0
534043581,6,3,3,2
534043582,0,0,0,0
534043583,0,0,0,0
534043584,0,0,0,0
534043591,0,0,0,0
534043592,0,0,0,0
534043593,0,0,0,0
534043594,101,44,57,33
534043601,120,60,60,34
534043602,136,68,68,35
534043603,0,0,0,0
534043604,0,0,0,0
534043611,0,0,0,0
534043612,46,26,20,17
534043613,0,0,0,0
534043614,209,106,103,60
534043621,22,11,11,22
534043622,0,0,0,0
534043623,47,25,22,17
534043624,0,0,0,0
534043631,0,0,0,0
534043632,49,24,25,13
534043633,0,0,0,0
534043634,98,46,52,25
534043641,81,42,39,18
534043642,0,0,0,0
534043643,0,0,0,0
534043644,0,0,0,0
534043651,45,38,7,33
534043652,8,5,3,4
534043653,0,0,0,0
534043654,0,0,0,0
534043661,38,19,19,10
534043662,31,15,16,9
534043663,152,67,85,35
534043664,56,24,32,16
534043671,108,59,49,25
534043672,108,53,55,28
534043673,111,53,58,27
534043674,102,45,57,25
534043681,0,0,0,0
534043682,0,0,0,0
534043683,0,0,0,0
534043684,0,0,0,0
534043691,0,0,0,0
534043692,0,0,0,0
534043693,0,0,0,0
534043694,226,102,124,60
534043701,0,0,0,0
534043702,0,0,0,0
534043703,158,79,79,27
534043704,57,30,27,16
534043711,58,31,27,20
534043712,0,0,0,0
534043713,0,0,0,0
534043714,0,0,0,0
534043721,0,0,0,0
534043722,0,0,0,0
534043723,0,0,0,0
534043724,79,42,37,21
534043731,0,0,0,0
534043732,100,47,53,26
534043733,0,0,0,0
534043734,82,36,46,23
534043741,177,94,83,46
534043742,0,0,0,0
534043743,0,0,0,0
534043744,0,0,0,0
534043751,0,0,0,0
534043752,0,0,0,0
534043753,0,0,0,0
534043754,141,66,75,31
534043761,112,55,57,23
534043762,59,24,35,16
534043763,0,0,0,0
534043764,56,29,27,16
534043771,0,0,0,0
534043772,0,0,0,0
534043773,295,140,155,81
534043774,89,47,42,39
534043781,33,18,15,10
534043782,72,37,35,20
534043783,0,0,0,0
534043784,0,0,0,0
534043791,101,52,49,23
534043792,87,41,46,23
534043793,95,42,53,22
534043794,0,0,0,0
534043801,78,37,41,24
534043802,27,13,14,8
534043803,694,349,345,243
534043804,55,25,30,16
534043811,0,0,0,0
534043812,0,0,0,0
534043813,0,0,0,0
534043814,0,0,0,0
534043821,23,11,12,6
534043822,0,0,0,0
534043823,0,0,0,0
534043824,0,0,0,0
534043831,0,0,0,0
534043832,113,52,61,30
534043833,2,1,1,1
534043834,136,67,69,43
534043841,0,0,0,0
534043842,0,0,0,0
534043843,0,0,0,0
534043844,0,0,0,0
534043851,198,103,95,51
534043852,0,0,0,0
534043853,0,0,0,0
534043854,62,29,33,14
534043861,147,73,74,43
534043862,0,0,0,0
534043863,257,122,135,72
534043864,61,30,31,22
534043871,481,226,255,150
534043872,126,59,67,41
534043873,704,334,370,212
534043874,507,248,259,148
534043881,132,56,76,33
534043882,0,0,0,0
534043883,75,35,40,31
534043884,198,105,93,66
534043891,110,53,57,29
534043892,0,0,0,0
534043893,399,186,213,105
534043894,281,134,147,76
534043901,1504,1086,418,986
534043902,0,0,0,0
534043903,703,433,270,373
534043904,29,28,1,28
534043911,0,0,0,0
534043912,0,0,0,0
534043913,0,0,0,0
534043914,0,0,0,0
534043921,0,0,0,0
534043922,48,26,22,13
534043923,172,90,82,48
534043924,0,0,0,0
534043931,0,0,0,0
534043932,0,0,0,0
534043933,56,26,30,13
534043934,58,30,28,18
534043941,168,85,83,40
534043942,0,0,0,0
534043943,0,0,0,0
534043944,0,0,0,0
534043951,0,0,0,0
534043952,100,45,55,24
534043953,0,0,0,0
534043954,111,48,63,27
534043961,0,0,0,0
534043962,146,76,70,49
534043963,164,79,85,44
534043964,104,51,53,33
534043971,276,130,146,95
534043972,165,84,81,53
534043973,0,0,0,0
534043974,0,0,0,0
534043981,35,16,19,8
534043982,0,0,0,0
534043983,103,47,56,23
534043984,0,0,0,0
534043991,66,30,36,15
534043992,61,31,30,15
534043993,330,177,153,95
534043994,208,98,110,52
534044001,216,106,110,85
534044002,149,70,79,48
534044003,35,18,17,11
534044004,350,184,166,127
534044011,76,37,39,26
534044012,103,49,54,26
534044013,37,20,17,16
534044014,0,0,0,0
534044021,0,0,0,0
534044022,83,40,43,23
534044023,0,0,0,0
534044024,0,0,0,0
534044031,0,0,0,0
534044032,155,67,88,39
534044033,191,90,101,51
534044034,0,0,0,0
534044041,0,0,0,0
534044042,136,74,62,43
534044043,0,0,0,0
534044044,0,0,0,0
534044051,0,0,0,0
534044052,183,90,93,45
534044053,0,0,0,0
534044054,138,68,70,38
534044061,680,337,343,180
534044062,168,80,88,49
534044063,353,171,182,96
534044064,0,0,0,0
534044071,224,106,118,53
534044072,71,33,38,16
534044073,0,0,0,0
534044074,92,45,47,22
534044081,108,50,58,25
534044082,0,0,0,0
534044083,0,0,0,0
534044084,12,6,6,5
534044091,0,0,0,0
534044092,0,0,0,0
534044093,275,144,131,80
534044094,0,0,0,0
534044101,215,104,111,77
534044102,0,0,0,0
534044103,148,73,75,37
534044104,165,80,85,49
534044111,0,0,0,0
534044112,0,0,0,0
534044113,131,72,59,58
534044114,189,92,97,55
534044121,204,97,107,53
534044122,0,0,0,0
534044123,82,54,28,1
534044124,167,78,89,47
534044131,112,61,51,36
534044132,338,165,173,92
534044133,0,0,0,0
534044134,0,0,0,0
534044141,118,55,63,26
534044142,305,154,151,107
534044143,216,102,114,72
534044144,163,68,95,50
534044151,0,0,0,0
534044152,136,64,72,47
534044153,140,70,70,41
534044154,0,0,0,0
534044161,42,21,21,19
534044162,0,0,0,0
534044163,0,0,0,0
534044164,125,70,55,33
534044171,133,64,69,33
534044172,138,63,75,39
534044173,50,23,27,13
534044174,57,27,30,18
534044181,426,207,219,107
534044182,0,0,0,0
534044183,0,0,0,0
534044184,57,28,29,15
534044191,0,0,0,0
534044192,0,0,0,0
534044193,0,0,0,0
534044194,0,0,0,0
534044201,0,0,0,0
534044202,0,0,0,0
534044203,0,0,0,0
534044204,0,0,0,0
534044211,412,193,219,129
534044212,561,244,317,180
534044213,271,138,133,98
534044214,700,331,369,224
534044221,273,129,144,73
534044222,0,0,0,0
534044223,364,166,198,138
534044224,0,0,0,0
534044231,0,0,0,0
534044232,99,51,48,28
534044233,0,0,0,0
534044234,91,49,42,25
534044241,194,90,104,64
534044242,169,86,83,56
534044243,260,133,127,83
534044244,50,12,38,1
534044251,117,60,57,41
534044252,12,6,6,4
534044253,74,37,37,20
534044254,0,0,0,0
534044261,0,0,0,0
534044262,253,137,116,77
534044263,0,0,0,0
534044264,132,58,74,32
534044271,194,102,92,52
534044272,219,109,110,59
534044273,0,0,0,0
534044274,0,0,0,0
534044281,121,56,65,27
534044282,0,0,0,0
534044283,151,72,79,42
534044284,0,0,0,0
534044291,82,47,35,18
534044292,260,129,131,70
534044293,204,94,110,58
534044294,189,96,93,58
534044301,109,57,52,26
534044302,0,0,0,0
534044303,93,44,49,26
534044304,0,0,0,0
534044311,196,92,104,53
534044312,524,238,286,190
534044313,82,41,41,27
534044314,85,38,47,24
534044321,108,55,53,30
534044322,527,266,261,156
534044323,92,47,45,29
534044324,71,30,41,24
534044331,84,40,44,26
534044332,0,0,0,0
534044333,741,354,387,259
534044334,534,252,282,177
534044341,157,79,78,65
534044342,162,78,84,44
534044343,241,116,125,85
534044344,329,164,165,108
534044351,0,0,0,0
534044352,336,157,179,123
534044353,0,0,0,0
534044354,224,105,119,67
534044361,65,33,32,18
534044362,140,70,70,33
534044363,0,0,0,0
534044364,318,137,181,88
534044371,231,109,122,72
534044372,122,57,65,26
534044373,304,149,155,83
534044374,103,46,57,24
534044381,0,0,0,0
534044382,20,12,8,4
534044383,0,0,0,0
534044384,237,112,125,49
534044391,0,0,0,0
534044392,0,0,0,0
534044393,153,68,85,40
534044394,0,0,0,0
534044401,0,0,0,0
534044402,120,54,66,34
534044403,116,55,61,28
534044404,0,0,0,0
534044411,0,0,0,0
534044412,97,49,48,26
534044413,87,42,45,26
534044414,0,0,0,0
534044421,0,0,0,0
534044422,0,0,0,0
534044423,0,0,0,0
534044424,135,57,78,47
534044431,356,173,183,119
534044432,998,480,518,363
534044433,63,30,33,27
534044434,213,104,109,66
534044441,743,348,395,243
534044442,52,27,25,16
534044443,358,177,181,131
534044444,533,239,294,171
534044451,165,79,86,48
534044452,0,0,0,0
534044453,118,60,58,49
534044454,292,146,146,103
534044461,0,0,0,0
534044462,425,210,215,107
534044463,254,139,115,94
534044464,0,0,0,0
534044471,82,37,45,25
534044472,89,48,41,30
534044473,0,0,0,0
534044474,0,0,0,0
534044481,266,129,137,66
534044482,90,46,44,20
534044483,36,18,18,11
534044484,390,198,192,117
534044491,76,35,41,19
534044492,200,96,104,60
534044493,42,22,20,12
534044494,528,259,269,128
534044501,63,30,33,14
534044502,0,0,0,0
534044503,0,0,0,0
534044504,88,47,41,28
534044511,163,80,83,59
534044512,30,15,15,8
534044513,0,0,0,0
534044514,0,0,0,0
534044521,0,0,0,0
534044522,350,177,173,93
534044523,0,0,0,0
534044524,119,56,63,34
534044531,29,14,15,12
534044532,181,89,92,57
534044533,197,90,107,59
534044534,0,0,0,0
534044541,154,77,77,38
534044542,155,76,79,58
534044543,0,0,0,0
534044544,0,0,0,0
534044551,96,46,50,41
534044552,281,151,130,120
534044553,338,161,177,103
534044554,252,127,125,90
534044561,119,60,59,38
534044562,48,24,24,15
534044563,248,125,123,101
534044564,161,79,82,52
534044571,0,0,0,0
534044572,0,0,0,0
534044573,12,6,6,5
534044574,250,124,126,78
534044581,64,36,28,18
534044582,165,79,86,49
534044583,301,142,159,79
534044584,409,208,201,115
534044591,154,71,83,41
534044592,239,108,131,65
534044593,69,40,29,24
534044594,153,70,83,58
534044601,121,60,61,33
534044602,0,0,0,0
534044603,87,42,45,24
534044604,283,140,143,92
534044611,61,32,29,20
534044612,0,0,0,0
534044613,84,41,43,21
534044614,0,0,0,0
534044621,0,0,0,0
534044622,0,0,0,0
534044623,0,0,0,0
534044624,250,119,131,57
534044631,0,0,0,0
534044632,0,0,0,0
534044633,0,0,0,0
534044634,0,0,0,0
534044641,0,0,0,0
534044642,68,31,37,16
534044643,0,0,0,0
534044644,0,0,0,0
534044651,0,0,0,0
534044652,268,138,130,71
534044653,129,58,71,39
534044654,101,55,46,26
534044661,277,131,146,88
534044662,198,106,92,60
534044663,172,81,91,48
534044664,225,106,119,49
534044671,327,158,169,93
534044672,718,335,383,238
534044673,0,0,0,0
534044674,376,187,189,153
534044681,541,264,277,178
534044682,852,416,436,299
534044683,332,185,147,127
534044684,446,222,224,182
534044691,431,209,222,179
534044692,116,58,58,41
534044693,266,129,137,97
534044694,158,77,81,45
534044701,0,0,0,0
534044702,210,103,107,52
534044703,0,0,0,0
534044704,0,0,0,0
534044711,0,0,0,0
534044712,38,19,19,9
534044713,0,0,0,0
534044714,0,0,0,0
534044721,228,109,119,60
534044722,0,0,0,0
534044723,104,52,52,24
534044724,125,62,63,34
534044731,0,0,0,0
534044732,0,0,0,0
534044733,0,0,0,0
534044734,0,0,0,0
534044741,0,0,0,0
534044742,65,34,31,19
534044743,171,75,96,43
534044744,140,69,71,32
534044751,0,0,0,0
534044752,0,0,0,0
534044753,33,16,17,9
534044754,0,0,0,0
534044761,222,110,112,55
534044762,85,47,38,20
534044763,0,0,0,0
534044764,50,10,40,1
534044771,167,88,79,34
534044772,555,275,280,194
534044773,0,0,0,0
534044774,204,107,97,67
534044781,278,127,151,112
534044782,0,0,0,0
534044783,0,0,0,0
534044784,0,0,0,0
534044791,44,20,24,14
534044792,127,63,64,40
534044793,0,0,0,0
534044794,0,0,0,0
534044801,0,0,0,0
534044802,0,0,0,0
534044803,0,0,0,0
534044804,179,83,96,39
534044811,0,0,0,0
534044812,146,70,76,28
534044813,85,43,42,20
534044814,0,0,0,0
534044821,0,0,0,0
534044822,0,0,0,0
534044823,222,112,110,57
534044824,95,45,50,25
534044831,0,0,0,0
534044832,0,0,0,0
534044833,96,48,48,24
534044834,0,0,0,0
534044841,124,60,64,29
534044842,305,145,160,87
534044843,0,0,0,0
534044844,111,53,58,31
534044851,0,0,0,0
534044852,0,0,0,0
534044853,0,0,0,0
534044854,0,0,0,0
534044861,0,0,0,0
534044862,80,40,40,14
534044863,69,34,35,14
534044864,0,0,0,0
534044871,100,54,46,23
534044872,40,18,22,9
534044873,71,33,38,14
534044874,0,0,0,0
534044881,0,0,0,0
534044882,70,35,35,16
534044883,99,48,51,24
534044884,0,0,0,0
534044891,56,29,27,15
534044892,0,0,0,0
534044893,0,0,0,0
534044894,151,65,86,31
534044901,0,0,0,0
534044902,70,33,37,22
534044903,106,55,51,29
534044904,0,0,0,0
534044911,69,35,34,19
534044912,0,0,0,0
534044913,0,0,0,0
534044914,207,102,105,67
534044921,124,58,66,28
534044922,0,0,0,0
534044923,0,0,0,0
534044924,0,0,0,0
534044931,167,80,87,45
534044932,0,0,0,0
534044933,120,58,62,35
534044934,0,0,0,0
534044941,0,0,0,0
534044942,96,47,49,28
534044943,139,76,63,39
534044944,544,258,286,146
534044951,0,0,0,0
534044952,0,0,0,0
534044953,55,28,27,11
534044954,0,0,0,0
534044961,0,0,0,0
534044962,0,0,0,0
534044963,173,77,96,42
534044964,0,0,0,0
534044971,167,78,89,35
534044972,194,96,98,44
534044973,0,0,0,0
534044974,161,78,83,34
534044981,0,0,0,0
534044982,0,0,0,0
534045101,149,71,78,51
534045102,11,5,6,4
534045103,257,128,129,69
534045104,283,129,154,84
534045113,74,40,34,18
534045114,0,0,0,0
534045201,235,117,118,61
534045202,0,0,0,0
534045203,126,69,57,35
534045204,0,0,0,0
534045211,108,57,51,37
534045212,248,120,128,69
534045213,0,0,0,0
534045214,432,203,229,117
534045221,37,19,18,11
534045223,472,218,254,137
534045224,173,84,89,48
534045233,0,0,0,0
534045283,0,0,0,0
534045284,0,0,0,0
534045301,0,0,0,0
534045302,31,15,16,11
534045303,0,0,0,0
534045304,0,0,0,0
534045311,0,0,0,0
534045312,0,0,0,0
534045313,0,0,0,0
534045314,322,157,165,84
534045321,48,25,23,15
534045322,370,174,196,110
534045323,8,3,5,2
534045324,74,31,43,19
534045331,611,288,323,197
534045332,227,110,117,72
534045333,237,114,123,57
534045334,392,179,213,137
534045341,0,0,0,0
534045343,101,38,63,30
534045344,0,0,0,0
534045353,0,0,0,0
534045374,599,287,312,179
534045381,524,238,286,180
534045382,182,88,94,52
534045383,884,422,462,288
534045384,91,47,44,23
534045391,0,0,0,0
534045392,0,0,0,0
534045393,154,84,70,32
534045394,10,5,5,4
534045401,208,117,91,62
534045402,115,70,45,2
534045403,101,45,56,22
534045404,276,134,142,79
534045411,203,95,108,54
534045412,330,156,174,84
534045413,39,18,21,10
534045414,0,0,0,0
534045421,0,0,0,0
534045422,334,155,179,76
534045423,0,0,0,0
534045424,0,0,0,0
534045431,170,81,89,44
534045432,124,60,64,30
534045433,0,0,0,0
534045434,0,0,0,0
534045441,79,40,39,28
534045442,124,60,64,36
534045443,274,129,145,64
534045444,251,147,104,23
534045451,196,97,99,87
534045452,242,112,130,76
534045453,600,309,291,200
534045454,316,153,163,89
534045461,447,222,225,148
534045462,168,80,88,57
534045463,140,70,70,42
534045464,949,454,495,322
534045471,402,205,197,143
534045472,1010,488,522,299
534045473,453,211,242,126
534045474,0,0,0,0
534045481,474,243,231,143
534045482,0,0,0,0
534045483,0,0,0,0
534045484,0,0,0,0
534045491,119,62,57,20
534045492,0,0,0,0
534045493,64,32,32,16
534045494,222,103,119,43
534045501,246,129,117,70
534045502,0,0,0,0
534045503,113,54,59,36
534045504,72,36,36,22
534045511,124,62,62,37
534045512,464,244,220,145
534045513,101,49,52,27
534045514,34,18,16,13
534045521,374,176,198,121
534045522,264,123,141,82
534045523,595,284,311,205
534045524,943,405,538,295
534045531,114,48,66,26
534045532,354,168,186,95
534045533,439,223,216,163
534045534,153,68,85,50
534045541,206,104,102,65
534045542,0,0,0,0
534045543,0,0,0,0
534045544,520,259,261,177
534045551,165,85,80,56
534045552,348,157,191,101
534045553,78,47,31,21
534045554,227,115,112,53
534045561,542,251,291,146
534045562,140,66,74,38
534045563,0,0,0,0
534045564,0,0,0,0
534045571,114,51,63,26
534045572,0,0,0,0
534045573,83,41,42,19
534045574,0,0,0,0
534045581,0,0,0,0
534045582,0,0,0,0
534045583,359,173,186,85
534045584,0,0,0,0
534045591,61,25,36,16
534045592,355,176,179,87
534045593,0,0,0,0
534045594,0,0,0,0
534045601,681,329,352,252
534045602,591,293,298,193
534045603,271,138,133,100
534045604,483,258,225,168
534045611,326,167,159,97
534045612,752,357,395,245
534045613,624,301,323,209
534045614,315,156,159,105
534045621,1169,556,613,358
534045622,979,348,631,472
534045623,786,367,419,266
534045624,898,431,467,328
534045631,635,315,320,134
534045632,13,6,7,3
534045633,334,162,172,91
534045634,323,148,175,85
534045641,0,0,0,0
534045642,0,0,0,0
534045643,298,146,152,92
534045644,373,188,185,135
534045651,0,0,0,0
534045652,37,19,18,14
534045653,273,138,135,99
534045654,341,170,171,97
534045661,123,37,86,15
534045662,0,0,0,0
534045663,42,21,21,15
534045664,0,0,0,0
534045671,0,0,0,0
534045672,0,0,0,0
534045673,34,18,16,13
534045674,0,0,0,0
534045681,85,40,45,17
534045682,0,0,0,0
534045683,0,0,0,0
534045684,269,130,139,63
534045691,0,0,0,0
534045692,0,0,0,0
534045693,0,0,0,0
534045694,0,0,0,0
534045701,306,160,146,81
534045702,102,48,54,24
534045703,199,96,103,56
534045704,0,0,0,0
534045711,206,103,103,67
534045712,613,296,317,212
534045713,0,0,0,0
534045714,233,116,117,75
534045721,704,339,365,223
534045722,290,138,152,109
534045723,108,52,56,34
534045724,150,77,73,50
534045731,109,48,61,36
534045732,287,98,189,52
534045733,118,62,56,36
534045734,394,211,183,133
534045741,597,288,309,224
534045742,710,326,384,237
534045743,829,423,406,250
534045744,321,155,166,113
534045751,656,317,339,223
534045752,305,153,152,84
534045753,408,200,208,136
534045754,176,93,83,37
534045761,0,0,0,0
534045762,4,4,0,1
534045763,0,0,0,0
534045764,0,0,0,0
534045771,0,0,0,0
534045772,0,0,0,0
534045773,0,0,0,0
534045774,0,0,0,0
534045781,0,0,0,0
534045782,0,0,0,0
534045783,0,0,0,0
534045784,0,0,0,0
534045791,0,0,0,0
534045792,0,0,0,0
534045793,40,18,22,11
534045794,0,0,0,0
534045801,134,68,66,33
534045802,0,0,0,0
534045803,0,0,0,0
534045804,115,61,54,32
534045811,238,127,111,93
534045812,598,307,291,220
534045813,895,450,445,289
534045814,237,118,119,73
534045821,582,302,280,184
534045822,326,148,178,94
534045823,99,48,51,26
534045824,160,83,77,57
534045831,276,136,140,92
534045832,90,41,49,22
534045833,373,176,197,116
534045834,39,17,22,8
534045841,447,221,226,147
534045842,173,92,81,47
534045843,0,0,0,0
534045844,0,0,0,0
534045851,0,0,0,0
534045852,227,111,116,58
534045853,0,0,0,0
534045854,195,100,95,50
534045861,0,0,0,0
534045862,0,0,0,0
534045863,172,81,91,64
534045864,0,0,0,0
534045871,76,34,42,18
534045872,0,0,0,0
534045873,475,233,242,124
534045874,138,68,70,31
534045881,0,0,0,0
534045882,0,0,0,0
534045883,18,9,9,7
534045884,0,0,0,0
534045891,91,44,47,26
534045892,0,0,0,0
534045893,0,0,0,0
534045894,36,16,20,10
534045901,95,48,47,21
534045902,224,113,111,78
534045903,0,0,0,0
534045904,595,306,289,173
534045911,300,150,150,100
534045912,150,75,75,37
534045913,196,87,109,39
534045914,0,0,0,0
534045921,160,79,81,40
534045922,0,0,0,0
534045923,0,0,0,0
534045924,0,0,0,0
534045931,112,58,54,23
534045932,33,13,20,5
534045933,0,0,0,0
534045934,0,0,0,0
534045941,0,0,0,0
534045942,0,0,0,0
534045943,0,0,0,0
534045944,0,0,0,0
534045951,0,0,0,0
534045952,74,36,38,17
534045953,76,36,40,17
534045954,0,0,0,0
534045961,0,0,0,0
534045962,0,0,0,0
534045963,68,34,34,18
534045964,0,0,0,0
534045971,0,0,0,0
534045972,0,0,0,0
534045973,33,18,15,11
534045974,0,0,0,0
534045981,0,0,0,0
534045982,74,39,35,16
534045983,10,6,4,2
534045984,338,166,172,77
534045991,93,41,52,1
534045992,40,20,20,14
534045993,110,53,57,28
534045994,48,22,26,14
534046301,0,0,0,0
534046302,0,0,0,0
534046303,9,3,6,3
534046304,10,4,6,3
534046313,0,0,0,0
534046374,198,92,106,72
534046381,20,11,9,8
534046382,168,82,86,57
534046383,1472,726,746,471
534046384,1329,601,728,359
534046391,217,103,114,66
534046393,85,39,46,24
534046401,0,0,0,0
534046402,0,0,0,0
534046403,88,39,49,21
534046404,0,0,0,0
534046411,147,70,77,29
534046412,0,0,0,0
534046413,112,55,57,22
534046414,0,0,0,0
534046421,10,1,9,10
534046423,0,0,0,0
534046424,0,0,0,0
534046433,0,0,0,0
534046434,0,0,0,0
534046471,0,0,0,0
534046472,120,63,57,85
534046473,0,0,0,0
534046474,147,67,80,39
534046481,688,326,362,236
534046482,806,382,424,320
534046483,112,52,60,39
534046484,184,89,95,69
534046491,0,0,0,0
534046493,78,31,47,41
534046501,0,0,0,0
534046502,166,82,84,40
534046503,11,4,7,3
534046504,135,73,62,32
534046511,225,96,129,50
534046512,0,0,0,0
534046513,47,23,24,18
534046514,299,153,146,101
534046521,387,190,197,114
534046522,239,119,120,85
534046523,263,131,132,89
534046524,84,38,46,21
534046531,229,107,122,41
534046532,0,0,0,0
534046533,0,0,0,0
534046534,0,0,0,0
534046541,0,0,0,0
534046542,0,0,0,0
534046543,0,0,0,0
534046544,182,90,92,63
534046553,485,220,265,172
534046554,45,19,26,15
534046562,0,0,0,0
534046563,16,9,7,7
534046564,115,52,63,38
534046571,191,93,98,58
534046572,396,186,210,98
534046573,167,74,93,51
534046574,0,0,0,0
534046581,201,108,93,51
534046582,222,99,123,78
534046583,366,172,194,105
534046584,223,106,117,71
534046591,3,2,1,2
534046593,0,0,0,0
534046601,0,0,0,0
534046602,107,51,56,24
534046603,0,0,0,0
534046604,73,37,36,19
534046611,0,0,0,0
534046612,137,67,70,46
534046613,32,13,19,12
534046614,126,66,60,35
534046621,0,0,0,0
534046622,0,0,0,0
534046623,0,0,0,0
534046624,8,4,4,3
534046631,0,0,0,0
534046632,141,65,76,40
534046633,0,0,0,0
534046634,74,35,39,23
534046641,174,83,91,58
534046642,581,278,303,151
534046643,1623,789,834,550
534046644,1130,507,623,467
534046651,440,209,231,150
534046652,3,3,0,1
534046653,895,430,465,323
534046654,626,307,319,231
534046661,12,7,5,5
534046662,539,254,285,189
534046663,851,392,459,311
534046664,1042,503,539,350
534046671,0,0,0,0
534046672,146,66,80,64
534046673,399,213,186,135
534046674,136,67,69,27
534046681,517,247,270,150
534046682,673,312,361,217
534046683,540,270,270,170
534046684,676,323,353,235
534046691,255,115,140,91
534046692,34,14,20,14
534046693,929,422,507,339
534046694,7,2,5,1
534046701,0,0,0,0
534046702,8,6,2,5
534046703,50,8,42,1
534046704,0,0,0,0
534046711,0,0,0,0
534046712,0,0,0,0
534046713,7,2,5,2
534046714,0,0,0,0
534046721,132,70,62,34
534046722,0,0,0,0
534046723,0,0,0,0
534046724,0,0,0,0
534046731,0,0,0,0
534046732,0,0,0,0
534046733,0,0,0,0
534046734,0,0,0,0
534046741,215,95,120,85
534046742,948,465,483,327
534046743,248,124,124,89
534046744,238,123,115,81
534046751,561,260,301,192
534046752,1320,621,699,492
534046753,867,431,436,302
534046754,1154,530,624,395
534046761,1592,774,818,624
534046762,793,373,420,286
534046763,994,486,508,346
534046764,1123,530,593,410
534046771,1334,624,710,480
534046772,1173,578,595,445
534046773,1740,812,928,627
534046774,1570,740,830,587
534046781,979,480,499,351
534046782,908,436,472,300
534046783,1418,679,739,527
534046784,1097,541,556,374
534046791,615,295,320,193
534046793,684,334,350,222
534046794,38,19,19,15
534046801,0,0,0,0
534046802,3,3,0,3
534046803,0,0,0,0
534046804,0,0,0,0
534046811,0,0,0,0
534046812,0,0,0,0
534046813,0,0,0,0
534046814,425,205,220,97
534046821,0,0,0,0
534046822,127,70,57,37
534046823,44,24,20,12
534046824,0,0,0,0
534046831,0,0,0,0
534046832,206,98,108,69
534046833,619,287,332,192
534046834,1219,560,659,383
534046841,749,374,375,246
534046842,1305,627,678,417
534046843,926,411,515,240
534046844,387,193,194,115
534046851,1148,541,607,383
534046852,676,315,361,253
534046853,10,5,5,4
534046854,0,0,0,0
534046861,534,256,278,193
534046862,322,147,175,117
534046863,41,21,20,12
534046864,181,93,88,60
534046871,718,315,403,240
534046872,2556,1226,1330,937
534046873,72,38,34,27
534046874,153,74,79,50
534046881,1788,819,969,656
534046882,1102,513,589,408
534046883,479,242,237,180
534046884,737,354,383,278
534046891,172,85,87,56
534046892,0,0,0,0
534046893,0,0,0,0
534046901,0,0,0,0
534046902,0,0,0,0
534046903,0,0,0,0
534046904,0,0,0,0
534046911,2,1,1,1
534046912,62,34,28,15
534046913,296,145,151,72
534046914,0,0,0,0
534046921,0,0,0,0
534046922,550,266,284,158
534046923,0,0,0,0
534046924,556,274,282,171
534046931,576,271,305,186
534046932,1222,571,651,405
534046933,870,419,451,247
534046934,306,148,158,96
534046941,392,187,205,119
534046942,0,0,0,0
534046943,0,0,0,0
534046944,114,55,59,43
534046951,27,14,13,8
534046981,79,36,43,33
534046982,178,111,67,115
534046991,0,0,0,0
534051711,0,0,0,0
534051712,0,0,0,0
534051713,0,0,0,0
534051714,2,0,2,2
534051721,0,0,0,0
534051722,0,0,0,0
534051723,0,0,0,0
534051724,0,0,0,0
534051731,0,0,0,0
534051732,183,94,89,51
534051733,69,34,35,17
534051734,0,0,0,0
534051741,1553,759,794,443
534051742,40,20,20,11
534051743,43,22,21,11
534051744,0,0,0,0
534051751,0,0,0,0
534051752,267,137,130,67
534051753,0,0,0,0
534051754,0,0,0,0
534051761,0,0,0,0
534051762,82,42,40,18
534051763,261,127,134,64
534051764,83,42,41,18
534051771,0,0,0,0
534051772,0,0,0,0
534051773,86,43,43,18
534051774,0,0,0,0
534051781,0,0,0,0
534051782,145,76,69,33
534051783,0,0,0,0
534051784,0,0,0,0
534051791,0,0,0,0
534051792,0,0,0,0
534051793,0,0,0,0
534051794,0,0,0,0
534051801,0,0,0,0
534051802,0,0,0,0
534051803,0,0,0,0
534051804,325,162,163,84
534051811,0,0,0,0
534051812,0,0,0,0
534060483,0,0,0,0
534060484,6,2,4,2
534060491,610,288,322,207
534060492,135,67,68,37
534060493,0,0,0,0
534060494,0,0,0,0
534060501,1320,656,664,459
534060502,2418,1243,1175,1002
534060503,726,357,369,242
534060504,3914,1888,2026,1365
534060511,3042,1539,1503,1225
534060512,1543,782,761,584
534060513,1520,711,809,517
534060514,46,21,25,18
534060521,471,229,242,167
534060522,590,289,301,195
534060523,208,115,93,68
534060524,90,43,47,29
534060531,1244,652,592,567
534060532,2511,1319,1192,1001
534060533,299,148,151,96
534060534,1995,1013,982,792
534060541,239,113,126,92
534060542,0,0,0,0
534060543,878,437,441,295
534060544,0,0,0,0
534060551,0,0,0,0
534060552,120,58,62,34
534060553,0,0,0,0
534060554,26,10,16,9
534060561,335,158,177,105
534060562,734,367,367,236
534060563,192,103,89,60
534060564,26,16,10,10
534060571,438,187,251,95
534060572,0,0,0,0
534060573,140,42,98,2
534060574,0,0,0,0
534060581,10,4,6,2
534060582,0,0,0,0
534060583,44,22,22,20
534062481,0,0,0,0
534062482,0,0,0,0
534062483,136,68,68,36
534062484,0,0,0,0
534062491,0,0,0,0
534062492,0,0,0,0
534062493,0,0,0,0
534062494,0,0,0,0
534062571,0,0,0,0
534062572,565,277,288,200
534062574,83,41,42,25
534062581,537,258,279,139
534062582,0,0,0,0
534063423,0,0,0,0
534063424,0,0,0,0
534063431,0,0,0,0
534063432,0,0,0,0
534063433,0,0,0,0
534063434,3,3,0,3
534063441,165,78,87,35
534063442,44,22,22,11
534063443,0,0,0,0
534063444,0,0,0,0
534063451,0,0,0,0
534063452,55,27,28,12
534063453,0,0,0,0
534063454,56,27,29,12
534063461,0,0,0,0
534063462,0,0,0,0
534063463,0,0,0,0
534063464,0,0,0,0
534063471,0,0,0,0
534063472,287,139,148,93
534063473,206,102,104,76
534063474,368,187,181,121
534063481,0,0,0,0
534063482,124,59,65,30
534063483,236,118,118,64
534063484,0,0,0,0
534063491,0,0,0,0
534063492,283,135,148,71
534063493,97,53,44,32
534063494,0,0,0,0
534063501,0,0,0,0
534063502,0,0,0,0
534063503,144,69,75,37
534063504,78,37,41,26
534063511,109,53,56,29
534063512,0,0,0,0
534063513,0,0,0,0
534063514,159,84,75,46
534063521,68,36,32,16
534063522,49,27,22,12
534063523,0,0,0,0
534063524,0,0,0,0
534064263,0,0,0,0
534064264,219,90,129,46
534064271,712,356,356,240
534064272,394,198,196,145
534064273,685,326,359,200
534064274,520,245,275,176
534064281,1025,483,542,361
534064282,839,377,462,276
534064283,929,452,477,306
534064284,505,256,249,171
534064291,234,106,128,108
534064292,0,0,0,0
534064293,527,261,266,204
534064294,0,0,0,0
534064301,0,0,0,0
534064302,40,20,20,12
534064303,0,0,0,0
534064304,0,0,0,0
534064311,208,110,98,50
534064312,0,0,0,0
534064313,58,33,25,13
534064314,0,0,0,0
534064321,0,0,0,0
534064322,0,0,0,0
534064323,0,0,0,0
534064324,0,0,0,0
534064331,0,0,0,0
534064332,0,0,0,0
534064333,0,0,0,0
534064334,107,49,58,30
534064341,89,46,43,32
534064342,0,0,0,0
534064343,0,0,0,0
534064344,0,0,0,0
534064351,0,0,0,0
534064352,0,0,0,0
534064353,231,118,113,63
534064354,0,0,0,0
534064361,0,0,0,0
534064362,0,0,0,0
534064363,0,0,0,0
534064364,0,0,0,0
534050001,1775,907,868,580
534050002,1687,862,825,584
534050003,1686,859,827,572
534050004,2636,1309,1327,888
534050011,2334,1155,1179,815
534050012,2635,1323,1312,923
534050013,2859,1401,1458,1023
534050014,2859,1437,1422,1082
534050021,3003,1474,1529,1116
534050022,630,322,308,216
534050023,3588,1769,1819,1224
534050024,1244,593,651,428
534050031,1334,642,692,446
534050032,1457,715,742,463
534050033,874,433,441,301
534050034,468,235,233,144
534050041,127,65,62,33
534050042,1,1,0,1
534050043,751,402,349,250
534050044,194,100,94,42
534050051,163,84,79,33
534050052,179,90,89,43
534050053,546,298,248,35
534050054,0,0,0,0
534050061,97,46,51,26
534050062,268,137,131,82
534050063,0,0,0,0
534050064,70,32,38,25
534050071,0,0,0,0
534050072,68,33,35,16
534050073,114,54,60,23
534050074,0,0,0,0
534050081,0,0,0,0
534050082,225,72,153,1
534050083,68,34,34,16
534050084,1682,859,823,690
534050091,972,492,480,346
534050092,290,151,139,89
534050093,3500,1705,1795,1387
534050094,188,88,100,55
534050101,2380,1182,1198,848
534050102,3136,1544,1592,1096
534050103,2315,1167,1148,878
534050104,2236,1083,1153,784
534050111,2315,1183,1132,855
534050112,3556,1751,1805,1188
534050113,2537,1263,1274,891
534050114,3250,1629,1621,1053
534050121,3865,1948,1917,1329
534050122,1528,734,794,500
534050123,3887,1917,1970,1258
534050124,1655,791,864,535
534050131,801,378,423,262
534050132,180,90,90,46
534050133,147,68,79,37
534050134,0,0,0,0
534050141,259,139,120,72
534050142,57,32,25,18
534050143,0,0,0,0
534050144,0,0,0,0
534050151,307,206,101,161
534050152,0,0,0,0
534050153,697,354,343,212
534050154,126,72,54,42
534050161,0,0,0,0
534050162,108,53,55,36
534050163,365,200,165,106
534050164,0,0,0,0
534050171,346,169,177,105
534050172,126,66,60,43
534050173,257,134,123,77
534050174,450,211,239,47
534050181,111,62,49,34
534050182,1521,765,756,656
534050183,105,47,58,28
534050184,0,0,0,0
534050191,856,441,415,345
534050192,304,153,151,21
534050193,107,55,52,31
534050194,0,0,0,0
534050201,2899,1431,1468,1045
534050202,2124,1074,1050,742
534050203,2189,1116,1073,783
534050204,2775,1390,1385,896
534050211,2351,1159,1192,785
534050212,1979,1001,978,650
534050213,1353,683,670,429
534050214,1170,589,581,386
534050221,3377,1667,1710,1074
534050222,1050,497,553,314
534050223,1045,555,490,330
534050224,157,84,73,40
534050231,85,44,41,29
534050232,26,12,14,7
534050233,89,45,44,29
534050234,122,59,63,29
534050241,60,27,33,14
534050242,0,0,0,0
534050243,18,9,9,5
534050244,31,14,17,7
534050251,59,26,33,16
534050252,230,114,116,67
534050253,0,0,0,0
534050254,0,0,0,0
534050261,89,47,42,20
534050262,42,24,18,9
534050263,128,23,105,6
534050264,53,37,16,6
534050271,0,0,0,0
534050272,513,235,278,96
534050273,95,46,49,27
534050274,49,21,28,12
534050281,16,9,7,4
534050282,0,0,0,0
534050283,1397,713,684,417
534050284,42,20,22,11
534050291,214,105,109,56
534050292,170,87,83,42
534050293,126,61,65,34
534050294,0,0,0,0
534050301,1408,685,723,509
534050302,2102,1066,1036,668
534050303,103,48,55,35
534050304,50,26,24,16
534050311,677,329,348,168
534050312,688,355,333,194
534050313,196,105,91,63
534050314,1041,512,529,343
534050321,208,109,99,57
534050322,0,0,0,0
534050323,1805,898,907,542
534050324,982,510,472,313
534050331,132,68,64,43
534050332,777,380,397,220
534050333,93,91,2,21
534050334,832,421,411,236
534050341,1617,777,840,435
534050342,156,74,82,41
534050343,4272,2081,2191,1442
534050344,1593,788,805,477
534050351,0,0,0,0
534050352,9,4,5,2
534050353,465,231,234,142
534050354,67,37,30,27
534050361,0,0,0,0
534050362,136,61,75,17
534050363,0,0,0,0
534050364,164,91,73,18
534050371,109,55,54,28
534050372,122,58,64,29
534050373,120,64,56,4
534050374,0,0,0,0
534050381,0,0,0,0
534050382,101,53,48,24
534050383,0,0,0,0
534050384,196,97,99,47
534050391,87,43,44,24
534050392,0,0,0,0
534050393,0,0,0,0
534050394,81,45,36,24
534050401,432,218,214,137
534050402,0,0,0,0
534050403,1243,601,642,387
534050404,402,207,195,135
534050411,390,201,189,120
534050412,1293,636,657,393
534050413,246,128,118,76
534050414,287,133,154,86
534050421,2073,1007,1066,608
534050422,3170,1579,1591,1047
534050423,1300,612,688,392
534050424,1399,674,725,450
534050431,262,130,132,67
534050432,178,80,98,88
534050433,506,247,259,154
534050434,136,62,74,32
534050441,721,344,377,225
534050442,1542,751,791,462
534050443,102,51,51,35
534050444,0,0,0,0
534050451,266,127,139,73
534050452,360,169,191,114
534050453,53,29,24,21
534050454,2622,1349,1273,1013
534050461,0,0,0,0
534050462,60,32,28,16
534050463,321,158,163,92
534050464,0,0,0,0
534050471,102,51,51,24
534050472,0,0,0,0
534050473,84,44,40,20
534050474,0,0,0,0
534050481,0,0,0,0
534050482,87,39,48,22
534050483,0,0,0,0
534050484,86,43,43,21
534050491,125,68,57,28
534050492,0,0,0,0
534050493,93,52,41,22
534050494,189,93,96,42
534050501,1233,619,614,432
534050502,0,0,0,0
534050503,1526,757,769,534
534050504,343,179,164,120
534050511,0,0,0,0
534050512,218,111,107,63
534050513,0,0,0,0
534050514,0,0,0,0
534050521,0,0,0,0
534050522,206,105,101,58
534050523,0,0,0,0
534050524,243,122,121,76
534050531,547,263,284,165
534050532,125,57,68,28
534050533,797,389,408,226
534050534,630,317,313,177
534050541,132,66,66,43
534050542,279,145,134,81
534050543,129,62,67,30
534050544,533,271,262,178
534050551,177,89,88,64
534050552,2031,1034,997,694
534050553,845,428,417,258
534050554,837,451,386,303
534050561,71,40,31,24
534050562,132,67,65,41
534050563,127,68,59,38
534050564,0,0,0,0
534050571,127,61,66,29
534050572,0,0,0,0
534050573,0,0,0,0
534050574,0,0,0,0
534050581,0,0,0,0
534050582,0,0,0,0
534050583,164,84,80,52
534050584,161,77,84,46
534050591,0,0,0,0
534050592,1747,884,863,608
534050593,0,0,0,0
534050594,694,349,345,278
534050601,964,490,474,329
534050602,72,35,37,23
534050603,894,449,445,309
534050604,211,131,80,94
534050611,0,0,0,0
534050612,635,565,70,4
534050613,146,64,82,41
534050614,534,335,199,133
534050621,467,280,187,225
534050622,145,84,61,65
534050623,436,216,220,130
534050624,375,189,186,107
534050631,313,205,108,153
534050632,427,210,217,124
534050633,239,128,111,71
534050634,79,42,37,19
534050641,122,61,61,30
534050642,245,120,125,78
534050643,0,0,0,0
534050644,0,0,0,0
534050651,631,330,301,189
534050652,203,103,100,54
534050653,0,0,0,0
534050654,106,58,48,32
534050661,75,18,57,2
534050662,0,0,0,0
534050663,188,91,97,59
534050664,141,75,66,40
534050671,0,0,0,0
534050672,74,41,33,35
534050673,0,0,0,0
534050674,193,89,104,50
534050681,1366,685,681,412
534050682,3766,1856,1910,1133
534050683,1423,689,734,406
534050684,3524,1735,1789,1010
534050691,181,78,103,75
534050692,0,0,0,0
534050693,3114,1578,1536,980
534050694,0,0,0,0
534050701,827,409,418,278
534050702,227,114,113,75
534050703,244,117,127,86
534050704,336,161,175,114
534050711,582,294,288,183
534050712,371,195,176,130
534050713,169,81,88,60
534050714,94,48,46,33
534050721,211,111,100,74
534050722,56,30,26,19
534050723,219,110,109,60
534050724,205,110,95,64
534050731,161,82,79,45
534050732,216,109,107,63
534050733,0,0,0,0
534050734,84,39,45,21
534050741,0,0,0,0
534050742,49,25,24,12
534050743,0,0,0,0
534050744,0,0,0,0
534050751,0,0,0,0
534050752,0,0,0,0
534050753,102,52,50,35
534050754,0,0,0,0
534050761,0,0,0,0
534050762,136,63,73,46
534051813,137,70,67,42
534051814,157,72,85,38
534051821,0,0,0,0
534051822,0,0,0,0
534051823,0,0,0,0
534051824,251,126,125,71
534051831,0,0,0,0
534051832,44,21,23,11
534051833,123,61,62,37
534051834,196,106,90,74
534051841,0,0,0,0
534051842,218,109,109,65
534051843,0,0,0,0
534051844,879,434,445,241
534051851,94,39,55,26
534051852,0,0,0,0
534051853,701,355,346,192
534051854,414,209,205,122
534051861,171,81,90,43
534051862,228,110,118,53
534051863,151,87,64,46
534051864,0,0,0,0
534051871,138,72,66,34
534051872,0,0,0,0
534051873,0,0,0,0
534051874,0,0,0,0
534051881,72,37,35,17
534051882,0,0,0,0
534051883,0,0,0,0
534051884,0,0,0,0
534051891,45,20,25,11
534051892,0,0,0,0
534051893,0,0,0,0
534051894,0,0,0,0
534051901,0,0,0,0
534051902,0,0,0,0
534051903,0,0,0,0
534051904,159,49,110,26
534051911,0,0,0,0
534051912,145,57,88,42
534051913,642,308,334,199
534051914,71,34,37,29
534051921,0,0,0,0
534051922,0,0,0,0
534051923,0,0,0,0
534051924,322,154,168,80
534051931,0,0,0,0
534051932,0,0,0,0
534051933,0,0,0,0
534051934,0,0,0,0
534051941,33,21,12,18
534051942,0,0,0,0
534051943,99,50,49,26
534051944,159,80,79,44
534051951,1365,676,689,417
534051952,1397,683,714,414
534051953,945,466,479,343
534051954,1071,506,565,306
534051961,88,42,46,27
534051962,50,9,41,1
534051963,312,165,147,89
534051964,212,105,107,49
534051971,109,58,51,24
534051972,102,53,49,23
534051973,0,0,0,0
534051974,0,0,0,0
534051981,158,84,74,36
534051982,0,0,0,0
534051983,0,0,0,0
534051984,0,0,0,0
534051991,99,44,55,22
534051992,0,0,0,0
534051993,246,116,130,84
534051994,543,281,262,192
534052001,422,210,212,138
534052002,0,0,0,0
534052003,0,0,0,0
534052004,0,0,0,0
534052011,0,0,0,0
534052012,58,30,28,20
534052013,0,0,0,0
534052014,18,10,8,6
534052021,6,4,2,3
534052022,187,98,89,74
534050763,0,0,0,0
534050764,0,0,0,0
534050771,144,73,71,42
534050772,264,143,121,89
534050773,0,0,0,0
534050774,0,0,0,0
534050781,1512,725,787,459
534050782,905,433,472,269
534050783,0,0,0,0
534050784,0,0,0,0
534050791,804,381,423,236
534050792,0,0,0,0
534050793,130,62,68,37
534050794,235,111,124,78
534050801,329,163,166,97
534050802,207,103,104,79
534050803,0,0,0,0
534050804,0,0,0,0
534050811,167,85,82,47
534050812,0,0,0,0
534050813,239,111,128,70
534050814,228,125,103,71
534050821,0,0,0,0
534050822,0,0,0,0
534050823,0,0,0,0
534050824,0,0,0,0
534050831,112,54,58,28
534050832,143,45,98,19
534050833,80,44,36,20
534050834,99,46,53,27
534050841,277,134,143,69
534050842,0,0,0,0
534050843,64,48,16,43
534050844,0,0,0,0
534050851,0,0,0,0
534050852,0,0,0,0
534050853,0,0,0,0
534050854,46,26,20,13
534050861,74,31,43,16
534050862,322,165,157,69
534050863,244,125,119,56
534050864,114,57,57,26
534050871,0,0,0,0
534050872,0,0,0,0
534050873,0,0,0,0
534050874,175,87,88,41
534050881,252,129,123,65
534050882,109,59,50,29
534050883,245,124,121,60
534050884,287,143,144,74
534050891,82,41,41,22
534050892,0,0,0,0
534050893,0,0,0,0
534050894,219,113,106,50
534050901,649,330,319,181
534050902,0,0,0,0
534050903,1266,620,646,412
534050904,294,144,150,92
534050911,7,6,1,6
534050912,29,19,10,17
534050913,4,4,0,4
534050914,0,0,0,0
534050921,0,0,0,0
534050922,0,0,0,0
534050923,0,0,0,0
534050924,0,0,0,0
534050931,143,76,67,33
534050932,0,0,0,0
534050933,0,0,0,0
534050934,0,0,0,0
534050941,91,42,49,27
534050942,94,53,41,22
534050943,34,17,17,9
534050944,154,75,79,37
534050951,0,0,0,0
534050952,0,0,0,0
534050953,178,93,85,40
534050954,0,0,0,0
534050961,0,0,0,0
534050962,0,0,0,0
534050963,49,9,40,1
534050964,0,0,0,0
534050971,0,0,0,0
534050972,0,0,0,0
534050973,253,119,134,62
534050974,0,0,0,0
534050981,93,51,42,27
534050982,16,8,8,3
534050983,0,0,0,0
534050984,0,0,0,0
534050991,0,0,0,0
534050992,213,99,114,53
534050993,0,0,0,0
534050994,393,194,199,108
534051001,0,0,0,0
534051002,0,0,0,0
534051003,0,0,0,0
534051004,0,0,0,0
534051011,153,79,74,54
534051012,0,0,0,0
534051013,0,0,0,0
534051014,0,0,0,0
534051021,323,172,151,93
534051022,0,0,0,0
534051023,0,0,0,0
534051024,0,0,0,0
534051031,0,0,0,0
534051032,58,26,32,16
534051033,0,0,0,0
534051034,2,2,0,2
534051041,48,22,26,15
534051042,164,79,85,42
534051043,292,156,136,21
534051044,0,0,0,0
534051051,0,0,0,0
534051052,0,0,0,0
534051053,0,0,0,0
534051054,0,0,0,0
534051061,36,17,19,12
534051062,0,0,0,0
534051063,0,0,0,0
534051064,201,102,99,49
534051071,0,0,0,0
534051072,0,0,0,0
534051073,0,0,0,0
534051074,0,0,0,0
534051081,0,0,0,0
534051082,0,0,0,0
534051083,0,0,0,0
534051084,0,0,0,0
534051091,0,0,0,0
534051092,1196,607,589,368
534051093,0,0,0,0
534051094,138,131,7,137
534051101,0,0,0,0
534051102,77,48,29,28
534051103,81,38,43,25
534051104,50,18,32,2
534051111,424,200,224,117
534051112,0,0,0,0
534051113,0,0,0,0
534051114,0,0,0,0
534051121,0,0,0,0
534051122,134,65,69,36
534051123,254,125,129,66
534051124,0,0,0,0
534051131,103,44,59,30
534051132,75,38,37,19
534051133,197,98,99,49
534051134,496,245,251,132
534051141,0,0,0,0
534051142,323,163,160,84
534051143,0,0,0,0
534051144,0,0,0,0
534051151,0,0,0,0
534051152,0,0,0,0
534051153,0,0,0,0
534051154,61,31,30,16
534051161,0,0,0,0
534051162,0,0,0,0
534051163,0,0,0,0
534051164,0,0,0,0
534051171,0,0,0,0
534051172,0,0,0,0
534051173,0,0,0,0
534051174,161,75,86,42
534051181,0,0,0,0
534051182,0,0,0,0
534051183,108,51,57,30
534051184,0,0,0,0
534051191,93,45,48,23
534051192,271,124,147,65
534051193,0,0,0,0
534051194,119,57,62,31
534051201,212,112,100,48
534051202,0,0,0,0
534051203,0,0,0,0
534051204,0,0,0,0
534051211,0,0,0,0
534051212,0,0,0,0
534051213,171,92,79,40
534051214,0,0,0,0
534051221,151,81,70,40
534051222,0,0,0,0
534051223,0,0,0,0
534051224,0,0,0,0
534051231,0,0,0,0
534051232,0,0,0,0
534051233,0,0,0,0
534051234,77,38,39,18
534051241,0,0,0,0
534051242,0,0,0,0
534051243,0,0,0,0
534051244,0,0,0,0
534051251,0,0,0,0
534051252,66,31,35,14
534051253,243,115,128,69
534051254,0,0,0,0
534051261,0,0,0,0
534051262,0,0,0,0
534051263,0,0,0,0
534051264,68,33,35,17
534051271,84,39,45,21
534051272,0,0,0,0
534051273,0,0,0,0
534051274,175,89,86,48
534051281,42,14,28,3
534051282,179,86,93,42
534051283,101,46,55,29
534051284,0,0,0,0
534051291,0,0,0,0
534051292,77,40,37,18
534051293,79,41,38,21
534051294,0,0,0,0
534051301,0,0,0,0
534051302,0,0,0,0
534051303,0,0,0,0
534051304,63,26,37,14
534051311,161,86,75,40
534051312,0,0,0,0
534051313,232,108,124,54
534051314,0,0,0,0
534051321,0,0,0,0
534051322,0,0,0,0
534051323,0,0,0,0
534051324,0,0,0,0
534051331,0,0,0,0
534051332,0,0,0,0
534051333,0,0,0,0
534051334,96,47,49,18
534051341,0,0,0,0
534051342,0,0,0,0
534051343,0,0,0,0
534051344,104,53,51,23
534051351,0,0,0,0
534051352,0,0,0,0
534051353,0,0,0,0
534051354,39,29,10,1
534051361,0,0,0,0
534051362,0,0,0,0
534051363,264,132,132,93
534051364,329,162,167,99
534051371,70,34,36,16
534051372,79,40,39,21
534051373,71,33,38,16
534051374,0,0,0,0
534051381,81,41,40,21
534051382,0,0,0,0
534051383,74,37,37,21
534051384,0,0,0,0
534051391,93,44,49,24
534051392,158,80,78,40
534051393,85,40,45,23
534051394,0,0,0,0
534051401,319,176,143,93
534051402,0,0,0,0
534051403,141,74,67,39
534051404,104,50,54,23
534051411,31,17,14,9
534051412,0,0,0,0
534051413,311,155,156,87
534051414,195,99,96,62
534051421,0,0,0,0
534051422,0,0,0,0
534051423,0,0,0,0
534051424,0,0,0,0
534051431,183,89,94,54
534051432,8,3,5,1
534051433,0,0,0,0
534051434,0,0,0,0
534051441,64,32,32,17
534051442,0,0,0,0
534051443,67,34,33,17
534051444,0,0,0,0
534051451,90,42,48,24
534051452,306,14,292,160
534051453,0,0,0,0
534051454,0,0,0,0
534051461,207,114,93,98
534051462,0,0,0,0
534051463,0,0,0,0
534051464,0,0,0,0
534051471,0,0,0,0
534051472,0,0,0,0
534051473,131,66,65,33
534051474,40,18,22,11
534051481,0,0,0,0
534051482,103,50,53,24
534051483,234,112,122,76
534051484,107,50,57,24
534051491,93,46,47,22
534051492,0,0,0,0
534051493,91,44,47,21
534051494,0,0,0,0
534051501,1077,535,542,355
534051502,767,394,373,236
534051503,2583,1301,1282,867
534051504,2168,1035,1133,630
534051511,2489,1236,1253,727
534051512,158,75,83,45
534051513,903,483,420,316
534051514,138,69,69,36
534051521,0,0,0,0
534051522,89,47,42,25
534051523,165,83,82,41
534051524,863,441,422,299
534051531,0,0,0,0
534051532,6,3,3,2
534051533,910,439,471,277
534051534,0,0,0,0
534051541,0,0,0,0
534051542,0,0,0,0
534051543,59,29,30,16
534051544,84,45,39,18
534051551,0,0,0,0
534051552,0,0,0,0
534051553,0,0,0,0
534051554,195,100,95,50
534051561,0,0,0,0
534051562,0,0,0,0
534051563,0,0,0,0
534051564,217,105,112,49
534051571,47,22,25,11
534051572,0,0,0,0
534051573,240,113,127,56
534051574,0,0,0,0
534051581,226,96,130,55
534051582,0,0,0,0
534051583,0,0,0,0
534051584,0,0,0,0
534051591,0,0,0,0
534051592,0,0,0,0
534051593,0,0,0,0
534051594,0,0,0,0
534051601,1868,897,971,547
534051602,510,241,269,144
534051603,25,12,13,7
534051604,116,54,62,29
534051611,246,118,128,61
534051612,155,78,77,41
534051613,0,0,0,0
534051614,0,0,0,0
534051621,2427,1220,1207,711
534051622,2193,1074,1119,662
534051623,0,0,0,0
534051624,152,78,74,48
534051631,85,39,46,26
534051632,0,0,0,0
534051633,0,0,0,0
534051634,952,468,484,299
534051641,0,0,0,0
534051642,0,0,0,0
534051643,1216,618,598,387
534051644,0,0,0,0
534051651,86,46,40,18
534051652,0,0,0,0
534051653,170,81,89,46
534051654,0,0,0,0
534051661,136,72,64,32
534051662,0,0,0,0
534051663,198,101,97,58
534051664,0,0,0,0
534051671,45,20,25,10
534051672,0,0,0,0
534051673,64,29,35,14
534051674,0,0,0,0
534051681,0,0,0,0
534051682,0,0,0,0
534051683,0,0,0,0
534051684,0,0,0,0
534051691,0,0,0,0
534051692,0,0,0,0
534051693,0,0,0,0
534051694,0,0,0,0
534051701,117,57,60,29
534051702,118,53,65,29
534051703,0,0,0,0
534051704,23,14,9,13
534052023,1219,608,611,469
534052024,184,95,89,60
534052031,0,0,0,0
534052032,0,0,0,0
534052033,280,142,138,109
534052034,607,300,307,222
534052041,403,235,168,146
534052042,264,150,114,125
534052043,645,338,307,241
534052044,1013,537,476,413
534052051,163,82,81,77
534052052,0,0,0,0
534052053,55,28,27,1
534052054,58,28,30,16
534052061,147,78,69,66
534052062,392,203,189,123
534052063,11,6,5,4
534052064,4,1,3,1
534052071,114,55,59,41
534052072,19,10,9,5
534052073,113,64,49,30
534052074,736,386,350,225
534052081,172,87,85,46
534052082,0,0,0,0
534052083,0,0,0,0
534052084,0,0,0,0
534052091,1090,547,543,365
534052092,1148,608,540,511
534052093,457,248,209,173
534052094,405,271,134,230
534052101,0,0,0,0
534052102,0,0,0,0
534052103,0,0,0,0
534052104,0,0,0,0
534052111,0,0,0,0
534052112,217,107,110,58
534052113,63,31,32,15
534052114,0,0,0,0
534052121,1339,658,681,434
534052122,386,188,198,148
534052123,0,0,0,0
534052124,276,145,131,98
534052131,528,260,268,232
534052132,374,191,183,145
534052133,76,39,37,31
534052134,1134,541,593,406
534052141,854,416,438,337
534052142,977,532,445,465
534052143,1220,566,654,491
534052144,642,325,317,250
534052151,1457,782,675,586
534052152,397,202,195,143
534052153,2095,1016,1079,628
534052154,1781,832,949,570
534052161,0,0,0,0
534052162,83,41,42,21
534052163,75,37,38,20
534052164,80,39,41,21
534052171,0,0,0,0
534052172,77,35,42,20
534052173,0,0,0,0
534052174,0,0,0,0
534052181,39,18,21,10
534052182,80,38,42,20
534052183,40,18,22,10
534052184,0,0,0,0
534052191,125,70,55,63
534052192,132,94,38,94
534052193,154,82,72,43
534052194,0,0,0,0
534052201,0,0,0,0
534052202,0,0,0,0
534052203,39,19,20,9
534052204,0,0,0,0
534052211,0,0,0,0
534052212,120,55,65,34
534052213,193,94,99,47
534052214,242,124,118,62
534052221,0,0,0,0
534052222,288,146,142,67
534052223,106,52,54,28
534052224,391,184,207,123
534052231,536,255,281,161
534052232,1340,657,683,485
534052233,2335,1205,1130,1010
534052234,2467,1294,1173,1080
534052241,1449,746,703,595
534052242,475,228,247,171
534052243,1786,873,913,705
534052244,871,441,430,416
534052251,1226,614,612,433
534052252,1837,868,969,607
534052253,350,169,181,156
534052254,1308,675,633,490
534052261,301,162,139,105
534052262,0,0,0,0
534052263,259,128,131,93
534052264,0,0,0,0
534052271,24,13,11,9
534052272,197,101,96,57
534052273,29,15,14,9
534052274,29,15,14,8
534052281,352,180,172,123
534052282,0,0,0,0
534052283,0,0,0,0
534052284,0,0,0,0
534052291,0,0,0,0
534052292,0,0,0,0
534052293,44,26,18,16
534052294,0,0,0,0
534052301,0,0,0,0
534052302,0,0,0,0
534052303,0,0,0,0
534052304,0,0,0,0
534052311,29,12,17,10
534052312,0,0,0,0
534052313,0,0,0,0
534052314,0,0,0,0
534052321,6,4,2,2
534052322,947,482,465,332
534052323,109,56,53,38
534052324,1148,546,602,387
534052331,1419,711,708,563
534052332,2742,1194,1548,1420
534052333,1644,810,834,686
534052334,1744,879,865,1079
534052341,1954,1061,893,874
534052342,1495,737,758,825
534052343,1051,552,499,487
534052344,1146,548,598,533
534052351,812,387,425,350
534052352,851,458,393,388
534052353,1246,556,690,513
534052354,675,328,347,260
534052361,589,316,273,220
534052362,0,0,0,0
534052363,390,208,182,181
534052364,0,0,0,0
534052371,254,123,131,70
534052372,27,18,9,12
534052373,0,0,0,0
534052374,0,0,0,0
534052381,46,24,22,16
534052382,0,0,0,0
534052383,41,20,21,15
534052384,0,0,0,0
534052391,0,0,0,0
534052392,0,0,0,0
534052393,4,1,3,1
534052394,304,188,116,1
534052401,0,0,0,0
534052402,388,187,201,104
534052403,0,0,0,0
534052404,55,25,30,16
534052411,208,101,107,45
534052412,0,0,0,0
534052413,0,0,0,0
534052414,0,0,0,0
534052421,212,106,106,60
534052422,1884,956,928,649
534052423,197,97,100,57
534052424,1248,570,678,421
534052431,2860,1426,1434,891
534052432,1088,515,573,364
534052433,2209,1103,1106,762
534052434,418,208,210,119
534052441,916,448,468,309
534052442,1151,581,570,462
534052443,264,133,131,120
534052444,1441,757,684,611
534052451,674,324,350,248
534052452,675,315,360,234
534052453,1082,519,563,378
534052454,378,197,181,166
534052461,561,295,266,194
534052462,175,99,76,68
534052463,265,141,124,139
534052464,0,0,0,0
534052471,50,29,21,12
534052472,102,53,49,19
534052473,86,43,43,20
534052474,0,0,0,0
534052481,0,0,0,0
534052482,0,0,0,0
534052483,0,0,0,0
534052484,50,25,25,14
534052491,0,0,0,0
534052492,0,0,0,0
534052493,0,0,0,0
534052494,65,31,34,19
534052501,0,0,0,0
534052502,0,0,0,0
534052503,0,0,0,0
534052504,0,0,0,0
534052511,223,111,112,55
534052512,0,0,0,0
534052513,0,0,0,0
534052514,0,0,0,0
534052521,0,0,0,0
534052522,1135,546,589,355
534052523,0,0,0,0
534052524,124,57,67,37
534052531,1156,527,629,527
534052532,541,263,278,152
534052533,449,218,231,146
534052534,57,28,29,18
534052541,0,0,0,0
534052542,1546,808,738,650
534052543,6,4,2,2
534052544,841,442,399,381
534052551,505,262,243,171
534052552,0,0,0,0
534052553,0,0,0,0
534052554,82,42,40,17
534052561,85,44,41,18
534052562,92,47,45,27
534052563,0,0,0,0
534052564,0,0,0,0
534052571,0,0,0,0
534052572,0,0,0,0
534052573,128,83,45,59
534052574,0,0,0,0
534052581,0,0,0,0
534052582,0,0,0,0
534052583,0,0,0,0
534052584,0,0,0,0
534052591,53,25,28,14
534052592,0,0,0,0
534052593,0,0,0,0
534052594,226,110,116,54
534052601,0,0,0,0
534052602,0,0,0,0
534052603,0,0,0,0
534052604,0,0,0,0
534052611,96,47,49,28
534052612,0,0,0,0
534052613,0,0,0,0
534052614,97,48,49,27
534052621,75,38,37,24
534052622,64,32,32,23
534052623,130,62,68,40
534052624,0,0,0,0
534052631,173,82,91,50
534052632,0,0,0,0
534052633,377,195,182,104
534052634,158,83,75,43
534052641,0,0,0,0
534052642,672,335,337,36
534052643,0,0,0,0
534052644,183,82,101,52
534052651,121,58,63,35
534052652,76,38,38,16
534052653,118,56,62,35
534052654,0,0,0,0
534052661,78,34,44,23
534052662,86,41,45,21
534052663,0,0,0,0
534052664,164,77,87,40
534052671,0,0,0,0
534052672,90,47,43,25
534052673,0,0,0,0
534052674,0,0,0,0
534052681,0,0,0,0
534052682,78,41,37,20
534052683,0,0,0,0
534052684,80,41,39,19
534052691,163,76,87,41
534052692,0,0,0,0
534052693,0,0,0,0
534052694,0,0,0,0
534052701,0,0,0,0
534052702,0,0,0,0
534052703,0,0,0,0
534052704,0,0,0,0
534052711,0,0,0,0
534052712,0,0,0,0
534052713,0,0,0,0
534052714,92,45,47,26
534052721,217,97,120,64
534052722,181,86,95,46
534052723,0,0,0,0
534052724,0,0,0,0
534052731,0,0,0,0
534052732,0,0,0,0
534052733,0,0,0,0
534052734,0,0,0,0
534052741,0,0,0,0
534052742,0,0,0,0
534052743,0,0,0,0
534052744,206,97,109,54
534052751,213,110,103,55
534052752,0,0,0,0
534052753,109,51,58,30
534052754,0,0,0,0
534052761,0,0,0,0
534052762,0,0,0,0
534052763,0,0,0,0
534052764,0,0,0,0
534052771,0,0,0,0
534052772,0,0,0,0
534052773,0,0,0,0
534052774,0,0,0,0
534052781,3,2,1,1
534052782,0,0,0,0
534052783,0,0,0,0
534052784,81,42,39,19
534052791,19,10,9,6
534052792,0,0,0,0
534052793,0,0,0,0
534052794,22,12,10,6
534052801,0,0,0,0
534052802,0,0,0,0
534052803,0,0,0,0
534052804,41,23,18,12
534052811,45,25,20,12
534052812,0,0,0,0
534052813,0,0,0,0
534052814,0,0,0,0
534052821,90,45,45,24
534052822,154,72,82,43
534052823,905,444,461,259
534052824,63,30,33,18
534052831,0,0,0,0
534052832,0,0,0,0
534052833,0,0,0,0
534052834,253,115,138,62
534052841,266,129,137,69
534052842,0,0,0,0
534052843,129,58,71,37
534052844,0,0,0,0
534052851,0,0,0,0
534052852,118,59,59,33
534052853,0,0,0,0
534052854,0,0,0,0
534052861,147,74,73,35
534052862,0,0,0,0
534052863,83,39,44,23
534052864,0,0,0,0
534052871,109,50,59,27
534052872,0,0,0,0
534052873,0,0,0,0
534052874,109,53,56,24
534052881,0,0,0,0
534052882,0,0,0,0
534052883,0,0,0,0
534052884,23,12,11,6
534052891,21,10,11,5
534052892,0,0,0,0
534052893,0,0,0,0
534052894,52,26,26,15
534052901,0,0,0,0
534052902,761,359,402,228
534052903,1012,510,502,331
534052904,956,456,500,282
534052911,10,4,6,3
534052912,0,0,0,0
534052913,0,0,0,0
534052914,306,156,150,82
534052921,1376,669,707,402
534052922,656,326,330,195
534052923,1218,605,613,351
534052924,574,278,296,165
534052931,0,0,0,0
534052932,0,0,0,0
534052933,17,15,2,15
534052934,0,0,0,0
534052941,81,41,40,22
534052942,0,0,0,0
534052943,0,0,0,0
534052944,0,0,0,0
534052951,0,0,0,0
534052952,233,118,115,61
534052953,0,0,0,0
534052954,0,0,0,0
534052961,0,0,0,0
534052962,0,0,0,0
534052963,0,0,0,0
534052964,154,76,78,42
534052971,0,0,0,0
534052972,0,0,0,0
534052973,110,48,62,30
534052974,73,40,33,19
534052981,76,40,36,19
534052982,0,0,0,0
534052983,0,0,0,0
534052984,0,0,0,0
534052991,0,0,0,0
534052992,0,0,0,0
534052993,0,0,0,0
534052994,0,0,0,0
534053001,290,170,120,156
534053002,0,0,0,0
534053003,11,5,6,5
534053004,0,0,0,0
534053011,0,0,0,0
534053012,0,0,0,0
534053013,0,0,0,0
534053014,0,0,0,0
534053021,0,0,0,0
534053022,50,25,25,14
534053023,0,0,0,0
534053024,99,50,49,27
534053031,0,0,0,0
534053032,0,0,0,0
534053033,184,91,93,52
534053034,0,0,0,0
534053041,0,0,0,0
534053042,10,5,5,3
534053043,59,32,27,19
534053044,0,0,0,0
534053051,0,0,0,0
534053052,124,69,55,39
534053053,0,0,0,0
534053054,126,68,58,32
534053061,0,0,0,0
534053062,0,0,0,0
534053063,0,0,0,0
534053064,26,14,12,8
534053071,14,8,6,4
534053072,32,16,16,8
534053073,0,0,0,0
534053074,140,65,75,38
534053081,0,0,0,0
534053082,0,0,0,0
534053083,193,95,98,50
534053084,0,0,0,0
534053091,0,0,0,0
534053092,0,0,0,0
534053093,0,0,0,0
534053094,51,33,18,1
534053101,0,0,0,0
534053102,0,0,0,0
534053103,0,0,0,0
534053104,0,0,0,0
534053111,0,0,0,0
534053112,0,0,0,0
534053113,0,0,0,0
534053114,0,0,0,0
534053121,0,0,0,0
534053122,0,0,0,0
534053123,6,4,2,3
534053124,0,0,0,0
534053131,0,0,0,0
534053132,0,0,0,0
534053133,0,0,0,0
534053134,0,0,0,0
534053141,105,51,54,28
534053142,0,0,0,0
534053143,111,59,52,43
534053144,0,0,0,0
534053151,0,0,0,0
534053152,85,45,40,23
534053153,62,34,28,23
534053154,0,0,0,0
534053161,0,0,0,0
534053162,0,0,0,0
534053163,124,61,63,33
534053164,0,0,0,0
534053171,0,0,0,0
534053172,0,0,0,0
534053173,161,77,84,38
534053174,0,0,0,0
534053181,0,0,0,0
534053182,0,0,0,0
534053183,0,0,0,0
534053184,0,0,0,0
534053191,49,44,5,1
534053192,175,84,91,51
534053193,64,29,35,15
534053194,0,0,0,0
534053201,0,0,0,0
534053202,0,0,0,0
534053203,0,0,0,0
534053204,0,0,0,0
534053211,0,0,0,0
534053212,0,0,0,0
534053213,0,0,0,0
534053214,0,0,0,0
534053221,0,0,0,0
534053222,0,0,0,0
534053223,0,0,0,0
534053224,0,0,0,0
534053231,37,19,18,8
534053232,75,41,34,18
534053233,68,37,31,17
534053234,61,37,24,17
534053241,460,229,231,161
534053242,211,103,108,83
534053243,0,0,0,0
534053244,91,45,46,26
534053251,0,0,0,0
534053252,65,35,30,23
534053253,71,33,38,17
534053254,0,0,0,0
534053261,0,0,0,0
534053262,83,43,40,27
534053263,0,0,0,0
534053264,148,75,73,39
534053271,129,65,64,40
534053272,0,0,0,0
534053273,0,0,0,0
534053274,0,0,0,0
534053281,107,52,55,26
534053282,98,49,49,25
534053283,0,0,0,0
534053284,0,0,0,0
534053291,0,0,0,0
534053292,0,0,0,0
534053293,0,0,0,0
534053294,0,0,0,0
534053301,61,31,30,20
534053302,0,0,0,0
534053303,0,0,0,0
534053304,0,0,0,0
534053311,0,0,0,0
534053312,0,0,0,0
534053313,0,0,0,0
534053314,3,2,1,2
534053321,5,3,2,1
534053322,28,13,15,7
534053323,0,0,0,0
534053324,29,13,16,7
534053331,0,0,0,0
534053332,68,32,36,19
534053333,128,63,65,44
534053334,158,88,70,59
534053341,0,0,0,0
534053342,0,0,0,0
534053343,173,82,91,38
534053344,0,0,0,0
534053351,0,0,0,0
534053352,48,27,21,12
534053353,148,76,72,40
534053354,40,22,18,11
534053361,0,0,0,0
534053362,123,58,65,41
534053363,85,41,44,26
534053364,81,41,40,24
534053371,188,94,94,54
534053372,0,0,0,0
534053373,128,60,68,35
534053374,0,0,0,0
534053381,0,0,0,0
534053382,0,0,0,0
534053383,0,0,0,0
534053384,190,91,99,52
534053391,204,104,100,51
534053392,0,0,0,0
534053393,0,0,0,0
534053394,61,31,30,16
534053401,0,0,0,0
534053402,63,32,31,19
534053403,0,0,0,0
534053404,4,2,2,3
534053411,0,0,0,0
534053412,26,9,17,6
534053413,0,0,0,0
534053414,0,0,0,0
534053421,0,0,0,0
534053422,0,0,0,0
534053423,162,76,86,48
534053424,0,0,0,0
534053431,0,0,0,0
534053432,0,0,0,0
534053433,80,45,35,25
534053434,0,0,0,0
534053441,0,0,0,0
534053442,0,0,0,0
534053443,191,96,95,52
534053444,0,0,0,0
534053451,130,69,61,36
534053452,47,23,24,11
534053453,0,0,0,0
534053454,102,54,48,26
534053461,0,0,0,0
534053462,0,0,0,0
534053463,48,23,25,11
534053464,167,83,84,48
534053471,0,0,0,0
534053472,187,92,95,46
534053473,0,0,0,0
534053474,0,0,0,0
534053481,0,0,0,0
534053482,0,0,0,0
534053483,0,0,0,0
534053484,0,0,0,0
534053491,0,0,0,0
534053492,58,26,32,12
534053493,0,0,0,0
534053494,113,50,63,22
534053501,0,0,0,0
534053502,0,0,0,0
534053503,0,0,0,0
534053504,0,0,0,0
534053511,0,0,0,0
534053512,108,55,53,33
534053513,0,0,0,0
534053514,361,184,177,129
534053521,94,57,37,50
534053522,111,65,46,36
534053523,0,0,0,0
534053524,78,43,35,19
534053531,168,87,81,49
534053532,0,0,0,0
534053533,245,125,120,63
534053534,99,46,53,27
534053541,0,0,0,0
534053542,0,0,0,0
534053543,0,0,0,0
534053544,0,0,0,0
534053551,81,49,32,19
534053552,0,0,0,0
534053553,0,0,0,0
534053554,115,65,50,39
534053561,115,62,53,38
534053562,0,0,0,0
534053563,80,38,42,20
534053564,54,31,23,19
534053571,0,0,0,0
534053572,0,0,0,0
534053573,54,29,25,13
534053574,0,0,0,0
534053581,0,0,0,0
534053582,0,0,0,0
534053583,0,0,0,0
534053584,0,0,0,0
534053591,0,0,0,0
534053592,163,85,78,49
534053593,0,0,0,0
534053594,92,47,45,20
534053601,0,0,0,0
534053602,0,0,0,0
534053603,0,0,0,0
534053604,60,31,29,19
534053611,66,33,33,16
534053612,0,0,0,0
534053613,0,0,0,0
534053614,0,0,0,0
534053621,0,0,0,0
534053622,156,76,80,54
534053623,252,119,133,79
534053624,0,0,0,0
534053631,0,0,0,0
534053632,0,0,0,0
534053633,0,0,0,0
534053634,0,0,0,0
534053641,379,195,184,108
534053642,83,43,40,23
534053643,0,0,0,0
534053644,0,0,0,0
534053651,0,0,0,0
534053652,162,82,80,39
534053653,53,29,24,14
534053654,121,69,52,34
534053661,111,58,53,25
534053662,0,0,0,0
534053663,0,0,0,0
534053664,73,48,25,42
534053671,0,0,0,0
534053672,228,116,112,62
534053673,0,0,0,0
534053674,0,0,0,0
534053681,137,68,69,32
534053682,0,0,0,0
534053683,106,56,50,24
534053684,67,30,37,18
534053691,0,0,0,0
534053692,92,42,50,23
534053693,0,0,0,0
534053694,124,57,67,33
534053701,0,0,0,0
534053702,0,0,0,0
534053703,54,27,27,15
534053704,0,0,0,0
534053711,44,22,22,13
534053712,88,44,44,20
534053713,66,34,32,18
534053714,29,14,15,6
534053721,60,25,35,19
534053722,120,60,60,32
534053723,360,181,179,106
534053724,196,107,89,62
534053731,124,62,62,32
534053732,67,31,36,17
534053733,52,31,21,22
534053734,0,0,0,0
534053741,0,0,0,0
534053742,0,0,0,0
534053743,142,63,79,36
534053744,0,0,0,0
534053751,79,41,38,20
534053752,74,39,35,19
534053753,0,0,0,0
534053754,91,48,43,25
534053761,0,0,0,0
534053762,135,69,66,28
534053763,0,0,0,0
534053764,111,57,54,26
534053771,0,0,0,0
534053772,0,0,0,0
534053773,168,84,84,45
534053774,90,45,45,21
534053781,0,0,0,0
534053782,24,12,12,23
534053783,0,0,0,0
534053784,0,0,0,0
534053791,0,0,0,0
534053792,0,0,0,0
534053793,389,194,195,85
534053794,0,0,0,0
534053801,0,0,0,0
534053802,56,28,28,15
534053803,0,0,0,0
534053804,58,28,30,15
534053811,103,53,50,32
534053812,58,33,25,25
534053813,32,17,15,8
534053814,28,14,14,8
534053821,77,39,38,28
534053822,165,87,78,45
534053823,0,0,0,0
534053824,133,59,74,39
534053831,44,22,22,13
534053832,104,49,55,22
534053833,0,0,0,0
534053834,117,59,58,28
534053841,0,0,0,0
534053842,0,0,0,0
534053843,0,0,0,0
534053844,0,0,0,0
534053851,0,0,0,0
534053852,0,0,0,0
534053853,0,0,0,0
534053854,50,27,23,12
534053861,75,38,37,23
534053862,0,0,0,0
534053863,79,40,39,23
534053864,140,70,70,52
534053871,37,17,20,8
534053872,0,0,0,0
534053873,0,0,0,0
534053874,110,62,48,26
534053881,107,54,53,39
534053882,0,0,0,0
534053883,0,0,0,0
534053884,0,0,0,0
534053891,0,0,0,0
534053892,0,0,0,0
534053893,0,0,0,0
534053894,0,0,0,0
534053901,0,0,0,0
534053902,72,36,36,18
534053903,0,0,0,0
534053904,0,0,0,0
534053911,0,0,0,0
534053912,0,0,0,0
534053913,0,0,0,0
534053914,0,0,0,0
534053921,0,0,0,0
534053922,189,93,96,48
534053923,29,15,14,8
534053924,0,0,0,0
534053931,0,0,0,0
534053932,88,44,44,20
534053933,194,99,95,45
534053934,0,0,0,0
534053941,0,0,0,0
534053942,0,0,0,0
534053943,0,0,0,0
534053944,0,0,0,0
534053951,20,9,11,5
534053952,0,0,0,0
534053953,114,60,54,29
534053954,121,62,59,31
534053961,0,0,0,0
534053962,0,0,0,0
534053963,0,0,0,0
534053964,0,0,0,0
534053971,143,76,67,48
534053972,0,0,0,0
534053973,82,40,42,19
534053974,51,30,21,14
534053981,54,31,23,14
534053982,197,95,102,45
534053983,0,0,0,0
534053984,0,0,0,0
534053991,36,17,19,9
534053992,0,0,0,0
534053993,33,16,17,8
534053994,0,0,0,0
534054001,0,0,0,0
534054002,0,0,0,0
534054003,0,0,0,0
534054004,0,0,0,0
534054011,0,0,0,0
534054012,0,0,0,0
534054013,0,0,0,0
534054014,219,91,128,7
534054021,0,0,0,0
534054022,227,117,110,54
534054023,0,0,0,0
534054024,0,0,0,0
534054031,0,0,0,0
534054032,69,32,37,17
534054033,0,0,0,0
534054034,0,0,0,0
534054041,0,0,0,0
534054042,0,0,0,0
534054043,16,10,6,4
534054044,0,0,0,0
534054051,0,0,0,0
534054052,0,0,0,0
534054053,0,0,0,0
534054054,0,0,0,0
534054061,500,258,242,136
534054062,251,122,129,58
534054063,0,0,0,0
534054064,140,65,75,36
534054071,0,0,0,0
534054072,0,0,0,0
534054073,167,82,85,43
534054074,0,0,0,0
534054081,135,65,70,35
534054082,346,171,175,75
534054083,0,0,0,0
534054084,0,0,0,0
534054091,62,31,31,16
534054092,0,0,0,0
534054093,161,79,82,34
534054094,161,77,84,34
534054101,0,0,0,0
534054102,83,40,43,21
534054103,0,0,0,0
534054104,188,97,91,48
534054111,53,26,27,12
534054112,0,0,0,0
534054113,0,0,0,0
534054114,0,0,0,0
534054121,135,70,65,32
534054122,71,33,38,18
534054123,0,0,0,0
534054124,0,0,0,0
534054131,109,55,54,29
534054132,0,0,0,0
534054133,39,18,21,9
534054134,80,39,41,22
534054141,0,0,0,0
534054142,69,35,34,19
534054143,42,18,24,11
534054144,0,0,0,0
534054151,282,139,143,78
534054152,0,0,0,0
534054153,93,48,45,24
534054154,0,0,0,0
534054161,527,262,265,133
534054162,230,115,115,66
534054163,0,0,0,0
534054164,0,0,0,0
534054171,0,0,0,0
534054172,179,83,96,40
534054173,0,0,0,0
534054174,0,0,0,0
534054181,218,108,110,52
534054182,0,0,0,0
534054183,0,0,0,0
534054184,205,100,105,56
534054191,0,0,0,0
534054192,0,0,0,0
534054193,0,0,0,0
534054194,0,0,0,0
534054201,92,48,44,26
534054202,303,152,151,72
534054203,99,48,51,26
534054204,0,0,0,0
534054211,0,0,0,0
534054212,170,86,84,48
534054213,0,0,0,0
534054214,76,30,46,19
534054221,90,41,49,21
534054222,98,46,52,23
534054223,183,90,93,47
534054224,94,43,51,23
534054231,0,0,0,0
534054232,44,20,24,11
534054233,0,0,0,0
534054234,0,0,0,0
534054241,0,0,0,0
534054242,0,0,0,0
534054243,0,0,0,0
534054244,0,0,0,0
534054251,0,0,0,0
534054252,0,0,0,0
534054253,81,39,42,18
534054254,0,0,0,0
534054261,0,0,0,0
534054262,0,0,0,0
534054263,315,149,166,78
534054264,0,0,0,0
534054271,0,0,0,0
534054272,24,12,12,7
534054273,0,0,0,0
534054274,25,12,13,7
534054281,0,0,0,0
534054282,157,76,81,33
534054283,0,0,0,0
534054284,0,0,0,0
534054291,158,77,81,37
534054292,240,117,123,52
534054293,292,124,168,57
534054294,0,0,0,0
534054301,0,0,0,0
534054302,0,0,0,0
534054303,0,0,0,0
534054304,223,109,114,55
534054311,126,60,66,33
534054312,0,0,0,0
534054313,0,0,0,0
534054314,0,0,0,0
534054321,0,0,0,0
534054322,0,0,0,0
534054323,0,0,0,0
534054324,136,59,77,35
534054331,0,0,0,0
534054332,9,5,4,2
534054333,378,182,196,103
534054334,0,0,0,0
534054341,0,0,0,0
534054342,157,79,78,39
534054343,0,0,0,0
534054344,0,0,0,0
534054351,71,33,38,17
534054352,0,0,0,0
534054353,391,193,198,96
534054354,0,0,0,0
534054361,67,36,31,19
534054362,0,0,0,0
534054363,0,0,0,0
534054364,138,64,74,31
534054371,25,12,13,7
534054372,30,13,17,7
534054373,62,32,30,15
534054374,116,57,59,31
534054381,0,0,0,0
534054382,106,54,52,28
534054383,0,0,0,0
534054384,66,34,32,16
534054391,0,0,0,0
534054392,0,0,0,0
534054393,0,0,0,0
534054394,165,79,86,32
534054401,0,0,0,0
534054402,25,13,12,6
534054403,0,0,0,0
534054404,0,0,0,0
534054411,0,0,0,0
534054412,0,0,0,0
534054413,0,0,0,0
534054414,2,2,0,2
534054421,0,0,0,0
534054422,238,116,122,64
534054423,0,0,0,0
534054424,302,154,148,74
534054431,13,5,8,2
534054432,0,0,0,0
534054433,236,118,118,52
534054434,0,0,0,0
534054441,0,0,0,0
534054442,0,0,0,0
534054443,0,0,0,0
534054444,118,62,56,29
534054451,0,0,0,0
534054452,123,64,59,28
534054453,0,0,0,0
534054454,0,0,0,0
534054461,0,0,0,0
534054462,66,34,32,15
534054463,0,0,0,0
534054464,0,0,0,0
534054471,0,0,0,0
534054472,0,0,0,0
534054473,0,0,0,0
534054474,0,0,0,0
534054481,131,74,57,32
534054482,130,62,68,34
534054483,222,108,114,72
534054484,127,65,62,30
534054491,130,61,69,30
534054492,0,0,0,0
534054493,137,74,63,32
534054494,70,30,40,17
534054501,66,28,38,16
534054502,317,155,162,72
534054503,0,0,0,0
534054504,77,51,26,58
534054511,4,4,0,4
534054512,0,0,0,0
534054513,0,0,0,0
534054514,108,58,50,27
534054521,0,0,0,0
534054522,0,0,0,0
534054523,0,0,0,0
534054524,0,0,0,0
534054531,0,0,0,0
534054532,0,0,0,0
534054533,0,0,0,0
534054534,57,31,26,15
534054541,0,0,0,0
534054542,0,0,0,0
534054543,88,43,45,23
534054544,0,0,0,0
534054551,0,0,0,0
534054552,35,17,18,9
534054553,0,0,0,0
534054554,0,0,0,0
534054561,0,0,0,0
534054562,54,25,29,13
534054563,0,0,0,0
534054564,95,49,46,21
534054571,57,26,31,13
534054572,210,98,112,54
534054573,263,116,147,58
534054574,78,38,40,16
534054581,0,0,0,0
534054582,102,50,52,27
534054583,0,0,0,0
534054584,224,102,122,59
534054591,0,0,0,0
534054592,0,0,0,0
534054593,208,102,106,49
534054594,0,0,0,0
534054601,0,0,0,0
534054602,0,0,0,0
534054603,92,47,45,23
534054604,98,54,44,34
534054611,0,0,0,0
534054612,99,46,53,26
534054613,88,48,40,33
534054614,17,9,8,10
534054621,0,0,0,0
534054622,56,29,27,14
534054623,0,0,0,0
534054624,0,0,0,0
534054631,0,0,0,0
534054632,0,0,0,0
534054633,156,77,79,42
534054634,211,114,97,52
534054641,0,0,0,0
534054642,0,0,0,0
534054643,156,79,77,43
534054644,0,0,0,0
534054651,359,177,182,83
534054652,71,37,34,16
534054653,0,0,0,0
534054654,0,0,0,0
534054661,52,27,25,13
534054662,0,0,0,0
534054663,75,38,37,16
534054664,0,0,0,0
534054671,0,0,0,0
534054672,0,0,0,0
534054673,0,0,0,0
534054674,0,0,0,0
534054681,512,247,265,125
534054682,223,104,119,56
534054683,0,0,0,0
534054684,0,0,0,0
534054691,0,0,0,0
534054692,37,20,17,9
534054693,0,0,0,0
534054694,0,0,0,0
534054701,285,142,143,89
534054702,0,0,0,0
534054703,191,90,101,47
534054704,305,144,161,86
534054711,0,0,0,0
534054712,0,0,0,0
534054713,0,0,0,0
534054714,0,0,0,0
534054721,0,0,0,0
534054722,0,0,0,0
534054723,144,72,72,39
534054724,179,94,85,46
534054731,0,0,0,0
534054732,0,0,0,0
534054733,0,0,0,0
534054734,94,52,42,30
534054741,0,0,0,0
534054742,0,0,0,0
534054743,0,0,0,0
534054744,0,0,0,0
534054751,0,0,0,0
534054752,0,0,0,0
534054753,362,178,184,79
534054754,118,57,61,26
534054761,0,0,0,0
534054762,0,0,0,0
534054763,4,4,0,4
534054764,0,0,0,0
534054771,0,0,0,0
534054772,0,0,0,0
534054773,0,0,0,0
534054774,583,284,299,125
534054781,58,30,28,11
534054782,0,0,0,0
534054783,0,0,0,0
534054784,0,0,0,0
534054791,0,0,0,0
534054792,150,71,79,33
534054793,0,0,0,0
534054794,106,56,50,24
534054801,0,0,0,0
534054802,0,0,0,0
534054803,264,126,138,70
534054804,0,0,0,0
534054811,0,0,0,0
534054812,0,0,0,0
534054813,0,0,0,0
534054814,0,0,0,0
534054821,183,87,96,47
534054822,0,0,0,0
534054823,0,0,0,0
534054824,0,0,0,0
534054831,115,58,57,25
534054832,73,36,37,17
534054833,0,0,0,0
534054834,93,47,46,23
534054841,0,0,0,0
534054842,34,16,18,8
534054843,0,0,0,0
534054844,0,0,0,0
534054851,0,0,0,0
534054852,0,0,0,0
534054853,0,0,0,0
534054854,294,157,137,48
534054861,0,0,0,0
534054862,0,0,0,0
534054863,0,0,0,0
534054864,0,0,0,0
534054871,0,0,0,0
534054872,0,0,0,0
534054873,113,47,66,25
534054874,0,0,0,0
534054881,0,0,0,0
534054882,71,39,32,16
534054883,0,0,0,0
534054884,0,0,0,0
534054891,0,0,0,0
534054892,155,75,80,38
534054893,0,0,0,0
534054894,227,110,117,61
534054901,0,0,0,0
534054902,0,0,0,0
534054903,84,42,42,20
534054904,0,0,0,0
534054911,84,40,44,19
534054912,66,32,34,18
534054913,74,34,40,18
534054914,0,0,0,0
534054921,77,39,38,20
534054922,193,96,97,48
534054923,0,0,0,0
534054924,220,108,112,52
534054931,0,0,0,0
534054932,0,0,0,0
534054933,0,0,0,0
534054934,0,0,0,0
534054941,0,0,0,0
534054942,0,0,0,0
534054943,0,0,0,0
534054944,64,34,30,18
534054951,0,0,0,0
534054952,0,0,0,0
534054953,227,115,112,52
534054954,0,0,0,0
534054961,0,0,0,0
534054962,121,66,55,33
534054963,138,64,74,30
534054964,129,72,57,33
534054971,198,90,108,63
534054972,216,114,102,47
534054973,67,34,33,22
534054974,115,52,63,26
534054981,0,0,0,0
534054982,200,106,94,38
534054983,130,64,66,28
534054984,0,0,0,0
534054991,0,0,0,0
534054992,0,0,0,0
534054993,0,0,0,0
534054994,279,130,149,89
534055001,203,98,105,50
534055002,169,83,86,43
534055003,219,104,115,56
534055004,182,88,94,41
534055011,164,79,85,41
534055012,120,52,68,32
534055013,50,21,29,10
534055014,0,0,0,0
534055021,0,0,0,0
534055022,45,17,28,10
534055023,0,0,0,0
534055024,0,0,0,0
534055031,0,0,0,0
534055032,0,0,0,0
534055033,0,0,0,0
534055034,0,0,0,0
534055041,0,0,0,0
534055042,224,108,116,54
534055043,0,0,0,0
534055044,218,104,114,46
534055051,52,26,26,15
534055052,0,0,0,0
534055053,211,109,102,36
534055054,73,35,38,18
534055061,0,0,0,0
534055062,0,0,0,0
534055063,0,0,0,0
534055064,0,0,0,0
534055071,0,0,0,0
534055072,36,20,16,11
534055073,38,20,18,11
534055074,0,0,0,0
534055081,0,0,0,0
534055082,0,0,0,0
534055083,28,15,13,10
534055084,0,0,0,0
534055091,160,71,89,55
534055092,0,0,0,0
534055093,9,5,4,2
534055094,0,0,0,0
534055101,0,0,0,0
534055102,0,0,0,0
534055103,0,0,0,0
534055104,0,0,0,0
534055111,0,0,0,0
534055112,0,0,0,0
534055113,0,0,0,0
534055114,0,0,0,0
534055121,0,0,0,0
534055122,0,0,0,0
534055123,0,0,0,0
534055124,0,0,0,0
534055131,0,0,0,0
534055132,0,0,0,0
534055133,0,0,0,0
534055134,0,0,0,0
534055141,0,0,0,0
534055142,215,107,108,53
534055143,0,0,0,0
534055144,0,0,0,0
534055151,114,57,57,23
534055152,208,101,107,47
534055153,286,140,146,65
534055154,39,23,16,13
534055161,0,0,0,0
534055162,101,48,53,22
534055163,0,0,0,0
534055164,0,0,0,0
534055171,0,0,0,0
534055172,0,0,0,0
534055173,282,143,139,65
534055174,52,28,24,12
534055181,37,19,18,10
534055182,0,0,0,0
534055183,18,8,10,4
534055184,0,0,0,0
534055191,0,0,0,0
534055192,8,3,5,2
534055193,4,3,1,1
534055194,9,4,5,2
534055201,247,118,129,59
534055202,0,0,0,0
534055203,46,23,23,13
534055204,0,0,0,0
534055211,220,108,112,50
534055212,0,0,0,0
534055213,176,86,90,38
534055214,225,107,118,47
534055221,0,0,0,0
534055222,0,0,0,0
534055223,163,80,83,34
534055224,0,0,0,0
534055231,0,0,0,0
534055232,0,0,0,0
534055233,0,0,0,0
534055234,0,0,0,0
534055241,0,0,0,0
534055242,0,0,0,0
534055243,0,0,0,0
534055244,157,80,77,31
534055251,294,143,151,68
534055252,0,0,0,0
534055253,134,67,67,33
534055254,0,0,0,0
534055261,0,0,0,0
534055262,32,18,14,7
534055263,10,6,4,2
534055264,0,0,0,0
534055271,102,49,53,25
534055272,64,32,32,16
534055273,0,0,0,0
534055274,0,0,0,0
534055281,0,0,0,0
534055282,0,0,0,0
534055283,49,24,25,12
534055284,0,0,0,0
534055291,0,0,0,0
534055292,0,0,0,0
534055293,0,0,0,0
534055294,303,140,163,77
534055301,0,0,0,0
534055302,0,0,0,0
534055303,0,0,0,0
534055304,151,79,72,32
534055311,0,0,0,0
534055312,321,167,154,75
534055313,0,0,0,0
534055314,0,0,0,0
534055321,193,94,99,41
534055322,0,0,0,0
534055323,425,192,233,103
534055324,0,0,0,0
534055331,0,0,0,0
534055332,166,79,87,32
534055333,0,0,0,0
534055334,200,98,102,43
534055341,83,43,40,22
534055342,94,48,46,21
534055343,158,83,75,37
534055344,0,0,0,0
534055351,0,0,0,0
534055352,0,0,0,0
534055353,0,0,0,0
534055354,0,0,0,0
534055361,0,0,0,0
534055362,9,5,4,4
534055363,36,19,17,10
534055364,6,2,4,1
534055371,0,0,0,0
534055372,0,0,0,0
534055373,0,0,0,0
534055374,0,0,0,0
534055381,0,0,0,0
534055382,0,0,0,0
534055383,75,38,37,18
534055384,118,52,66,28
534055391,219,113,106,55
534055392,0,0,0,0
534055393,176,80,96,43
534055394,0,0,0,0
534055401,0,0,0,0
534055402,0,0,0,0
534055403,138,61,77,37
534055404,0,0,0,0
534055411,0,0,0,0
534055412,156,79,77,48
534055413,321,155,166,74
534055414,239,132,107,51
534055421,0,0,0,0
534055422,0,0,0,0
534055423,130,67,63,33
534055424,0,0,0,0
534055431,204,100,104,47
534055432,0,0,0,0
534055433,59,30,29,14
534055434,0,0,0,0
534055441,0,0,0,0
534055442,0,0,0,0
534055443,254,123,131,61
534055444,231,114,117,51
534055451,0,0,0,0
534055452,0,0,0,0
534055453,82,41,41,22
534055454,26,14,12,7
534055461,149,75,74,45
534055462,425,212,213,115
534055463,451,235,216,139
534055464,530,230,300,142
534055471,158,78,80,50
534055472,0,0,0,0
534055473,179,89,90,59
534055474,106,53,53,29
534055481,471,226,245,116
534055482,94,40,54,24
534055483,5,4,1,2
534055484,0,0,0,0
534055491,0,0,0,0
534055492,0,0,0,0
534055493,0,0,0,0
534055501,0,0,0,0
534055502,0,0,0,0
534055503,84,42,42,20
534055504,0,0,0,0
534055511,0,0,0,0
534055512,0,0,0,0
534055513,0,0,0,0
534055514,0,0,0,0
534055521,176,95,81,40
534055522,0,0,0,0
534055523,0,0,0,0
534055524,0,0,0,0
534055531,0,0,0,0
534055532,221,108,113,56
534055533,0,0,0,0
534055534,91,48,43,24
534055541,280,125,155,69
534055542,0,0,0,0
534055543,0,0,0,0
534055544,15,13,2,13
534055551,22,11,11,6
534055552,23,11,12,6
534055553,24,11,13,6
534055554,0,0,0,0
534055561,67,32,35,18
534055562,0,0,0,0
534055563,21,9,12,5
534055564,9,6,3,2
534055571,216,110,106,55
534055572,214,104,110,58
534055573,209,108,101,54
534055574,153,77,76,38
534055581,0,0,0,0
534055582,0,0,0,0
534055583,0,0,0,0
534055601,0,0,0,0
534055602,0,0,0,0
534055603,0,0,0,0
534055604,0,0,0,0
534055611,0,0,0,0
534055612,0,0,0,0
534055613,0,0,0,0
534055614,0,0,0,0
534055621,0,0,0,0
534055622,0,0,0,0
534055623,0,0,0,0
534055624,165,80,85,37
534055631,0,0,0,0
534055632,228,105,123,53
534055633,0,0,0,0
534055634,80,37,43,25
534055641,88,48,40,20
534055642,0,0,0,0
534055643,188,87,101,41
534055644,0,0,0,0
534055651,104,47,57,22
534055652,0,0,0,0
534055653,137,67,70,39
534055654,0,0,0,0
534055661,22,10,12,5
534055662,165,78,87,46
534055663,0,0,0,0
534055664,267,123,144,76
534055671,71,34,37,16
534055672,0,0,0,0
534055673,120,56,64,30
534055674,0,0,0,0
534055681,0,0,0,0
534055701,0,0,0,0
534055702,70,37,33,16
534055703,0,0,0,0
534055704,74,38,36,16
534055711,0,0,0,0
534055712,219,115,104,72
534055713,224,106,118,55
534055714,172,89,83,45
534055721,0,0,0,0
534055722,0,0,0,0
534055723,0,0,0,0
534055724,67,37,30,20
534055731,0,0,0,0
534055732,0,0,0,0
534055733,0,0,0,0
534055734,39,18,21,10
534055741,133,69,64,33
534055742,120,59,61,30
534055743,0,0,0,0
534055744,108,55,53,25
534055751,0,0,0,0
534055752,0,0,0,0
534055753,0,0,0,0
534055754,0,0,0,0
534055761,129,65,64,40
534055762,89,48,41,24
534055763,437,218,219,118
534055764,237,112,125,51
534055771,0,0,0,0
534055772,0,0,0,0
534055773,0,0,0,0
534055774,0,0,0,0
534055801,0,0,0,0
534055802,0,0,0,0
534055803,83,39,44,23
534055804,0,0,0,0
534055811,0,0,0,0
534055812,99,46,53,26
534055813,0,0,0,0
534055814,161,80,81,39
534055821,121,58,63,33
534055822,154,70,84,32
534055823,0,0,0,0
534055824,0,0,0,0
534055831,32,14,18,9
534055832,0,0,0,0
534055833,92,42,50,20
534055834,0,0,0,0
534055841,0,0,0,0
534055842,113,59,54,23
534055843,185,91,94,46
534055844,169,88,81,37
534055851,0,0,0,0
534055852,0,0,0,0
534055853,112,24,88,4
534055854,0,0,0,0
534055861,542,256,286,160
534055862,146,75,71,33
534055863,377,188,189,112
534055864,68,31,37,19
534055871,0,0,0,0
534055872,0,0,0,0
534055873,0,0,0,0
534055901,53,27,26,13
534055902,0,0,0,0
534055903,50,26,24,12
534055904,0,0,0,0
534055911,51,25,26,12
534055912,372,215,157,39
534055913,116,63,53,27
534055914,0,0,0,0
534055921,83,50,33,9
534055922,0,0,0,0
534055923,0,0,0,0
534055924,108,53,55,27
534055931,0,0,0,0
534055932,0,0,0,0
534055933,0,0,0,0
534055934,0,0,0,0
534055941,0,0,0,0
534055942,163,81,82,36
534055943,0,0,0,0
534055944,785,399,386,253
534055951,912,466,446,320
534055952,293,140,153,88
534055953,674,352,322,207
534055954,148,72,76,34
534055961,0,0,0,0
534055962,0,0,0,0
534055963,0,0,0,0
534055964,0,0,0,0
534055971,0,0,0,0
534055973,0,0,0,0
534056001,0,0,0,0
534056002,303,148,155,73
534056003,0,0,0,0
534056004,3,1,2,1
534056011,0,0,0,0
534056012,43,25,18,15
534056013,6,3,3,1
534056014,251,122,129,69
534056021,431,215,216,111
534056022,153,70,83,54
534056023,0,0,0,0
534056024,0,0,0,0
534056031,28,11,17,9
534056032,0,0,0,0
534056033,0,0,0,0
534056034,163,88,75,50
534056041,102,54,48,23
534056101,0,0,0,0
534056102,177,94,83,41
534056103,82,36,46,26
534056104,468,239,229,140
534056111,485,237,248,139
534056112,499,241,258,130
534056113,442,210,232,116
534056114,33,16,17,8
534056121,0,0,0,0
534056122,0,0,0,0
534056123,0,0,0,0
534056131,0,0,0,0
534056201,653,319,334,172
534056202,288,137,151,73
534056203,23,9,14,7
534056204,0,0,0,0
534056211,0,0,0,0
534056212,0,0,0,0
534056213,0,0,0,0
534056301,0,0,0,0
534056302,0,0,0,0
534056303,0,0,0,0
534060001,2904,1404,1500,935
534060002,278,141,137,84
534060003,1369,676,693,473
534060004,348,172,176,125
534060011,0,0,0,0
534060012,0,0,0,0
534060013,0,0,0,0
534060014,0,0,0,0
534060021,205,98,107,56
534060022,0,0,0,0
534060023,0,0,0,0
534060024,5,2,3,2
534060031,104,59,45,33
534060032,221,101,120,54
534060033,237,123,114,69
534060034,389,183,206,92
534060041,145,71,74,33
534060042,59,28,31,12
534060043,0,0,0,0
534060044,0,0,0,0
534060051,103,53,50,26
534060052,80,40,40,22
534060053,78,40,38,25
534060054,79,40,39,21
534060061,0,0,0,0
534060062,0,0,0,0
534060063,0,0,0,0
534060064,0,0,0,0
534060071,126,68,58,28
534060072,0,0,0,0
534060073,225,121,104,64
534060074,114,54,60,30
534060081,0,0,0,0
534060082,0,0,0,0
534060083,0,0,0,0
534060084,0,0,0,0
534060091,0,0,0,0
534060092,0,0,0,0
534060093,0,0,0,0
534060094,0,0,0,0
534060101,1801,896,905,626
534060102,1409,713,696,435
534060103,835,440,395,284
534060104,1411,730,681,451
534060111,639,310,329,191
534060112,204,100,104,53
534060113,224,118,106,61
534060114,204,96,108,66
534060121,269,136,133,69
534060122,0,0,0,0
534060123,0,0,0,0
534060124,130,67,63,35
534060131,87,40,47,21
534060132,0,0,0,0
534060133,324,156,168,84
534060134,0,0,0,0
534060141,0,0,0,0
534060142,0,0,0,0
534060143,0,0,0,0
534060144,0,0,0,0
534060151,286,146,140,69
534060152,444,226,218,108
534060153,0,0,0,0
534060154,0,0,0,0
534060161,125,64,61,36
534060162,0,0,0,0
534060163,0,0,0,0
534060164,0,0,0,0
534060171,0,0,0,0
534060172,0,0,0,0
534060173,0,0,0,0
534060174,0,0,0,0
534060181,0,0,0,0
534060182,0,0,0,0
534060183,0,0,0,0
534060184,0,0,0,0
534060191,0,0,0,0
534060192,0,0,0,0
534060193,0,0,0,0
534060194,0,0,0,0
534060201,273,134,139,79
534060202,114,55,59,37
534060203,0,0,0,0
534060204,201,121,80,89
534060211,0,0,0,0
534060212,209,99,110,45
534060213,362,113,249,3
534060214,173,108,65,20
534060221,107,53,54,24
534060222,129,62,67,29
534060223,0,0,0,0
534060224,0,0,0,0
534060231,0,0,0,0
534060232,0,0,0,0
534060233,0,0,0,0
534060234,0,0,0,0
534060241,0,0,0,0
534060242,0,0,0,0
534060243,56,29,27,16
534060244,51,28,23,15
534060251,0,0,0,0
534060252,0,0,0,0
534060253,0,0,0,0
534060254,0,0,0,0
534060261,0,0,0,0
534060262,0,0,0,0
534060263,0,0,0,0
534060264,17,9,8,5
534060271,0,0,0,0
534060272,0,0,0,0
534060273,0,0,0,0
534060274,0,0,0,0
534060281,0,0,0,0
534060282,0,0,0,0
534060283,0,0,0,0
534060284,0,0,0,0
534060291,0,0,0,0
534060292,94,45,49,26
534060293,515,254,261,144
534060294,919,447,472,252
534060301,0,0,0,0
534060302,0,0,0,0
534060303,0,0,0,0
534060304,287,145,142,116
534060311,9,4,5,3
534060312,21,11,10,10
534060313,906,467,439,354
534060314,1858,968,890,747
534060321,43,22,21,11
534060322,394,194,200,134
534060323,789,400,389,281
534060324,1532,767,765,531
534060331,6,3,3,2
534060332,267,137,130,83
534060333,1810,928,882,661
534060334,1228,630,598,454
534060341,0,0,0,0
534060342,16,9,7,4
534060343,0,0,0,0
534060344,27,14,13,8
534060351,775,383,392,278
534060352,1589,766,823,532
534060353,3089,1504,1585,1217
534060354,3372,1647,1725,1321
534060361,1408,666,742,496
534060362,358,185,173,115
534060363,1850,914,936,691
534060364,484,237,247,151
534060371,264,106,158,59
534060372,136,73,63,48
534060373,1168,578,590,378
534060374,904,432,472,287
534060381,699,367,332,268
534060382,292,152,140,101
534060383,593,296,297,192
534060384,1341,671,670,484
534060391,1047,503,544,298
534060392,526,249,277,151
534060393,985,451,534,318
534060394,61,25,36,16
534060401,1716,854,862,581
534060402,2550,1231,1319,1005
534060403,2004,1075,929,802
534060404,1752,871,881,786
534060411,2362,1142,1220,935
534060412,2047,1029,1018,721
534060413,2399,1243,1156,1026
534060414,2049,1031,1018,773
534060421,1800,901,899,627
534060422,2932,1439,1493,997
534060423,2339,1147,1192,805
534060424,2478,1268,1210,930
534060431,2715,1314,1401,1082
534060432,2297,1160,1137,927
534060433,1671,871,800,818
534060434,2017,1073,944,934
534060441,561,290,271,206
534060442,741,374,367,269
534060443,921,451,470,324
534060444,219,107,112,64
534060451,1436,708,728,480
534060452,2015,1005,1010,716
534060453,233,117,116,79
534060454,1268,646,622,437
534060461,1430,707,723,505
534060462,1095,532,563,350
534060463,1392,689,703,455
534060464,687,335,352,239
534060471,559,273,286,188
534060472,1165,573,592,378
534060473,202,100,102,58
534060474,144,68,76,28
534060481,93,45,48,34
534060482,1750,827,923,613
534060591,0,0,0,0
534060601,460,216,244,149
534060602,1484,742,742,524
534060603,1590,768,822,550
534060604,1311,635,676,424
534060611,990,477,513,337
534060612,29,16,13,10
534060613,79,37,42,22
534060614,0,0,0,0
534060621,0,0,0,0
534060622,0,0,0,0
534060623,0,0,0,0
534060624,0,0,0,0
534060631,0,0,0,0
534060632,163,81,82,44
534060633,0,0,0,0
534060634,0,0,0,0
534060641,348,181,167,117
534060642,0,0,0,0
534060643,0,0,0,0
534060644,0,0,0,0
534060651,0,0,0,0
534060662,0,0,0,0
534060671,0,0,0,0
534060672,0,0,0,0
534060701,318,156,162,88
534060702,237,121,116,58
534060703,240,115,125,64
534060704,5,3,2,2
534060711,47,24,23,13
534060712,0,0,0,0
534060713,0,0,0,0
534060714,0,0,0,0
534060721,0,0,0,0
534060722,0,0,0,0
534060723,0,0,0,0
534060724,0,0,0,0
534060731,0,0,0,0
534060732,0,0,0,0
534060733,0,0,0,0
534060801,0,0,0,0
534060802,0,0,0,0
534060803,0,0,0,0
534060804,0,0,0,0
534060811,0,0,0,0
534060812,0,0,0,0
534060813,0,0,0,0
534060814,0,0,0,0
534060821,0,0,0,0
534060822,0,0,0,0
534060823,0,0,0,0
534060901,0,0,0,0
534060902,0,0,0,0
534060911,0,0,0,0
534060912,0,0,0,0
534061001,70,40,30,18
534061002,115,54,61,34
534061003,68,38,30,17
534061004,16,10,6,5
534061011,846,425,421,293
534061012,1030,525,505,390
534061013,839,438,401,303
534061014,1086,552,534,398
534061021,390,204,186,144
534061022,0,0,0,0
534061023,1011,501,510,338
534061024,690,327,363,227
534061031,42,23,19,12
534061032,241,118,123,62
534061033,1450,715,735,431
534061034,184,89,95,53
534061041,96,52,44,26
534061042,0,0,0,0
534061043,81,38,43,21
534061044,0,0,0,0
534061051,485,245,240,141
534061052,345,171,174,104
534061053,270,138,132,87
534061054,513,241,272,141
534061061,102,52,50,33
534061062,234,119,115,76
534061063,0,0,0,0
534061064,14,7,7,4
534061071,0,0,0,0
534061072,207,103,104,50
534061073,178,86,92,43
534061074,231,110,121,63
534061081,0,0,0,0
534061082,358,181,177,125
534061083,0,0,0,0
534061084,493,248,245,157
534061091,934,480,454,375
534061092,871,427,444,301
534061093,730,342,388,252
534061094,2004,969,1035,606
534061101,32,17,15,8
534061102,386,190,196,121
534061103,89,48,41,30
534061104,1814,920,894,642
534061111,997,497,500,336
534061112,213,112,101,69
534061113,1265,624,641,435
534061114,94,48,46,27
534061121,0,0,0,0
534061122,58,29,29,18
534061131,566,276,290,181
534061132,223,105,118,64
534061133,28,13,15,9
534061134,0,0,0,0
534061141,47,25,22,13
534061142,102,52,50,26
534061143,0,0,0,0
534061144,0,0,0,0
534061151,0,0,0,0
534061152,0,0,0,0
534061153,126,61,65,32
534061154,215,104,111,52
534061161,89,46,43,20
534061162,0,0,0,0
534061163,0,0,0,0
534061164,0,0,0,0
534061171,0,0,0,0
534061172,131,64,67,38
534061173,0,0,0,0
534061174,143,72,71,37
534061181,111,54,57,31
534061182,876,416,460,269
534061183,0,0,0,0
534061184,138,61,77,40
534061191,2390,1152,1238,700
534061192,953,460,493,280
534061193,543,269,274,147
534061194,659,310,349,176
534061201,1120,529,591,365
534061202,1964,988,976,700
534061203,1259,611,648,400
534061204,470,228,242,150
534061211,564,275,289,194
534061213,731,357,374,226
534061241,126,65,61,30
534061242,0,0,0,0
534061251,0,0,0,0
534061252,0,0,0,0
534061253,0,0,0,0
534061254,133,64,69,32
534061261,0,0,0,0
534061262,0,0,0,0
534061263,86,37,49,19
534061264,0,0,0,0
534061271,172,81,91,38
534061272,137,61,76,38
534061273,86,36,50,18
534061274,0,0,0,0
534061281,0,0,0,0
534061282,0,0,0,0
534061283,0,0,0,0
534061284,0,0,0,0
534061291,74,38,36,27
534061292,0,0,0,0
534061293,0,0,0,0
534061294,164,86,78,43
534061301,30,16,14,10
534061302,456,232,224,145
534061303,0,0,0,0
534061304,165,76,89,42
534061352,0,0,0,0
534061361,0,0,0,0
534061362,0,0,0,0
534061371,0,0,0,0
534061372,0,0,0,0
534061392,0,0,0,0
534061401,0,0,0,0
534061403,43,22,21,15
534062001,26,14,12,7
534062002,0,0,0,0
534062003,311,155,156,95
534062004,0,0,0,0
534062011,235,123,112,64
534062012,0,0,0,0
534062013,0,0,0,0
534062014,91,42,49,22
534062021,0,0,0,0
534062022,0,0,0,0
534062023,0,0,0,0
534062024,0,0,0,0
534062031,0,0,0,0
534062032,0,0,0,0
534062033,166,86,80,47
534062034,0,0,0,0
534062041,83,41,42,22
534062042,187,85,102,45
534062043,238,95,143,46
534062044,0,0,0,0
534062051,0,0,0,0
534062052,0,0,0,0
534062053,0,0,0,0
534062054,182,89,93,41
534062061,0,0,0,0
534062062,179,90,89,56
534062063,0,0,0,0
534062064,0,0,0,0
534062071,213,104,109,59
534062072,61,31,30,20
534062073,55,26,29,16
534062074,66,33,33,20
534062081,0,0,0,0
534062082,75,35,40,19
534062083,0,0,0,0
534062084,0,0,0,0
534062091,149,69,80,37
534062092,0,0,0,0
534062093,0,0,0,0
534062094,0,0,0,0
534062101,119,60,59,26
534062102,0,0,0,0
534062103,0,0,0,0
534062104,341,171,170,89
534062111,0,0,0,0
534062112,85,39,46,21
534062113,0,0,0,0
534062114,0,0,0,0
534062121,0,0,0,0
534062122,0,0,0,0
534062123,43,21,22,13
534062124,0,0,0,0
534062131,238,121,117,69
534062132,0,0,0,0
534062133,190,82,108,54
534062134,186,98,88,46
534062141,0,0,0,0
534062142,0,0,0,0
534062143,0,0,0,0
534062144,0,0,0,0
534062151,0,0,0,0
534062152,61,29,32,13
534062153,0,0,0,0
534062154,0,0,0,0
534062161,224,109,115,52
534062162,81,44,37,23
534062163,0,0,0,0
534062164,110,46,64,26
534062171,0,0,0,0
534062172,0,0,0,0
534062173,105,49,56,26
534062174,98,47,51,26
534062181,0,0,0,0
534062182,94,52,42,27
534062183,89,47,42,30
534062184,145,77,68,44
534062191,111,58,53,26
534062192,0,0,0,0
534062193,0,0,0,0
534062194,264,138,126,93
534062201,0,0,0,0
534062202,0,0,0,0
534062203,0,0,0,0
534062204,0,0,0,0
534062211,0,0,0,0
534062212,144,84,60,34
534062213,352,172,180,92
534062214,154,70,84,40
534062221,0,0,0,0
534062222,0,0,0,0
534062223,0,0,0,0
534062224,0,0,0,0
534062231,0,0,0,0
534062232,242,117,125,57
534062233,0,0,0,0
534062234,245,116,129,64
534062241,0,0,0,0
534062242,0,0,0,0
534062243,0,0,0,0
534062244,0,0,0,0
534062251,0,0,0,0
534062252,0,0,0,0
534062253,0,0,0,0
534062254,0,0,0,0
534062261,0,0,0,0
534062262,0,0,0,0
534062263,0,0,0,0
534062264,0,0,0,0
534062271,190,141,49,111
534062272,0,0,0,0
534062273,0,0,0,0
534062274,0,0,0,0
534062281,208,106,102,65
534062282,207,99,108,62
534062283,0,0,0,0
534062284,186,92,94,58
534062291,156,76,80,47
534062292,0,0,0,0
534062293,0,0,0,0
534062294,203,112,91,81
534062301,0,0,0,0
534062302,0,0,0,0
534062303,0,0,0,0
534062304,0,0,0,0
534062311,0,0,0,0
534062312,0,0,0,0
534062313,0,0,0,0
534062314,180,100,80,44
534062321,0,0,0,0
534062322,0,0,0,0
534062323,171,85,86,53
534062324,0,0,0,0
534062331,227,116,111,58
534062332,99,48,51,21
534062333,0,0,0,0
534062334,0,0,0,0
534062341,110,56,54,28
534062342,0,0,0,0
534062343,0,0,0,0
534062344,0,0,0,0
534062351,104,52,52,27
534062352,253,127,126,60
534062353,0,0,0,0
534062354,0,0,0,0
534062361,0,0,0,0
534062362,400,209,191,111
534062363,0,0,0,0
534062364,22,21,1,21
534062371,104,46,58,27
534062372,0,0,0,0
534062373,228,117,111,60
534062374,0,0,0,0
534062381,129,66,63,38
534062382,192,95,97,44
534062383,0,0,0,0
534062384,0,0,0,0
534062391,0,0,0,0
534062392,80,37,43,24
534062393,148,67,81,37
534062394,0,0,0,0
534062402,82,41,41,19
534062411,0,0,0,0
534062412,3,2,1,1
534062414,120,59,61,31
534062421,0,0,0,0
534062422,0,0,0,0
534062423,0,0,0,0
534062424,0,0,0,0
534062431,0,0,0,0
534062432,0,0,0,0
534062433,139,69,70,37
534062452,72,34,38,22
534062461,0,0,0,0
534062462,108,51,57,27
534062464,0,0,0,0
534062471,176,89,87,52
534062472,0,0,0,0
534062473,0,0,0,0
534062474,0,0,0,0
534062583,0,0,0,0
534062584,232,115,117,57
534062591,95,41,54,25
534062592,113,54,59,25
534062593,268,125,143,69
534062594,0,0,0,0
534062672,368,180,188,94
534062681,0,0,0,0
534062682,0,0,0,0
534062683,0,0,0,0
534062684,0,0,0,0
534062691,0,0,0,0
534062692,0,0,0,0
534062693,0,0,0,0
534062694,0,0,0,0
534062781,0,0,0,0
534062782,155,73,82,37
534062784,111,60,51,30
534062791,0,0,0,0
534062792,68,35,33,14
534062793,0,0,0,0
534062794,41,20,21,9
534062891,120,55,65,28
534062892,0,0,0,0
534063001,110,55,55,31
534063002,75,38,37,18
534063003,110,54,56,31
534063004,40,19,21,9
534063011,34,18,16,8
534063012,0,0,0,0
534063013,0,0,0,0
534063014,68,35,33,16
534063021,0,0,0,0
534063022,0,0,0,0
534063023,25,12,13,7
534063024,0,0,0,0
534063031,127,66,61,33
534063032,326,157,169,86
534063033,129,67,62,33
534063034,72,36,36,15
534063041,344,174,170,88
534063042,0,0,0,0
534063043,168,82,86,42
534063044,157,76,81,48
534063051,85,42,43,21
534063052,102,47,55,25
534063053,239,115,124,54
534063054,0,0,0,0
534063061,0,0,0,0
534063062,0,0,0,0
534063063,0,0,0,0
534063064,79,36,43,19
534063071,131,59,72,32
534063072,0,0,0,0
534063073,73,35,38,18
534063074,75,36,39,18
534063081,0,0,0,0
534063082,122,60,62,31
534063083,0,0,0,0
534063084,137,69,68,31
534063091,0,0,0,0
534063092,0,0,0,0
534063093,67,35,32,15
534063094,0,0,0,0
534063101,244,119,125,88
534063102,231,109,122,67
534063103,0,0,0,0
534063104,0,0,0,0
534063111,88,46,42,30
534063112,0,0,0,0
534063113,91,45,46,27
534063114,6,6,0,6
534063121,0,0,0,0
534063122,53,26,27,15
534063123,0,0,0,0
534063124,174,82,92,52
534063131,0,0,0,0
534063132,0,0,0,0
534063133,88,43,45,23
534063134,129,68,61,36
534063141,0,0,0,0
534063142,62,32,30,12
534063143,104,51,53,23
534063144,0,0,0,0
534063151,189,120,69,88
534063152,157,81,76,53
534063153,0,0,0,0
534063154,97,48,49,23
534063161,543,294,249,220
534063162,526,281,245,28
534063163,0,0,0,0
534063164,0,0,0,0
534063171,0,0,0,0
534063172,0,0,0,0
534063173,98,45,53,29
534063174,274,142,132,70
534063181,0,0,0,0
534063182,0,0,0,0
534063183,0,0,0,0
534063184,161,81,80,51
534063191,0,0,0,0
534063192,0,0,0,0
534063193,169,90,79,43
534063194,0,0,0,0
534063201,0,0,0,0
534063202,0,0,0,0
534063203,185,94,91,57
534063204,0,0,0,0
534063211,0,0,0,0
534063212,110,55,55,34
534063213,0,0,0,0
534063214,3,2,1,1
534063221,0,0,0,0
534063222,0,0,0,0
534063223,202,109,93,76
534063224,455,243,212,167
534063231,66,31,35,19
534063232,121,64,57,25
534063233,0,0,0,0
534063234,72,36,36,16
534063241,0,0,0,0
534063242,0,0,0,0
534063243,76,38,38,16
534063244,0,0,0,0
534063251,0,0,0,0
534063252,0,0,0,0
534063253,93,47,46,20
534063254,92,42,50,23
534063261,0,0,0,0
534063262,0,0,0,0
534063263,130,65,65,33
534063264,128,69,59,39
534063271,86,45,41,25
534063272,0,0,0,0
534063273,114,63,51,37
534063274,83,41,42,28
534063281,0,0,0,0
534063282,0,0,0,0
534063283,0,0,0,0
534063284,0,0,0,0
534063291,0,0,0,0
534063292,0,0,0,0
534063293,199,96,103,50
534063294,0,0,0,0
534063301,0,0,0,0
534063302,54,28,26,12
534063303,0,0,0,0
534063304,55,29,26,12
534063311,57,29,28,12
534063312,100,53,47,35
534063313,0,0,0,0
534063314,0,0,0,0
534063321,0,0,0,0
534063322,98,57,41,33
534063323,115,70,45,31
534063324,0,0,0,0
534063331,0,0,0,0
534063332,0,0,0,0
534063333,0,0,0,0
534063334,0,0,0,0
534063341,0,0,0,0
534063342,113,51,62,25
534063343,64,34,30,14
534063344,0,0,0,0
534063351,144,73,71,35
534063352,126,62,64,29
534063353,0,0,0,0
534063354,0,0,0,0
534063361,0,0,0,0
534063362,0,0,0,0
534063363,0,0,0,0
534063364,0,0,0,0
534063371,106,55,51,31
534063372,0,0,0,0
534063373,0,0,0,0
534063374,73,37,36,17
534063381,0,0,0,0
534063382,58,30,28,16
534063383,189,93,96,55
534063384,90,46,44,24
534063391,0,0,0,0
534063392,77,35,42,22
534063393,0,0,0,0
534063394,254,124,130,65
534063401,0,0,0,0
534063402,40,35,5,2
534063403,114,55,59,25
534063404,0,0,0,0
534063411,0,0,0,0
534063412,0,0,0,0
534063413,303,149,154,74
534063414,0,0,0,0
534063421,0,0,0,0
534063422,0,0,0,0
534063531,220,106,114,52
534063532,90,38,52,22
534063533,0,0,0,0
534063534,0,0,0,0
534063541,0,0,0,0
534063542,122,63,59,28
534063543,89,47,42,26
534063544,473,231,242,124
534063551,111,58,53,25
534063552,48,22,26,11
534063553,0,0,0,0
534063554,0,0,0,0
534063561,100,47,53,24
534063562,137,68,69,35
534063563,187,86,101,58
534063564,53,27,26,20
534063571,0,0,0,0
534063572,324,199,125,170
534063573,103,47,56,24
534063574,99,52,47,28
534063581,70,35,35,21
534063582,0,0,0,0
534063583,0,0,0,0
534063584,178,88,90,58
534063591,0,0,0,0
534063592,81,42,39,26
534063593,195,104,91,70
534063594,242,119,123,75
534063601,175,87,88,47
534063602,32,15,17,10
534063603,0,0,0,0
534063604,0,0,0,0
534063611,99,45,54,29
534063612,0,0,0,0
534063613,179,87,92,45
534063614,117,60,57,30
534063621,0,0,0,0
534063622,345,178,167,121
534063623,0,0,0,0
534063624,149,68,81,53
534063631,116,58,58,27
534063632,0,0,0,0
534063633,1011,488,523,326
534063634,158,81,77,40
534063641,360,189,171,103
534063642,776,377,399,218
534063643,60,26,34,16
534063644,395,201,194,103
534063651,0,0,0,0
534063652,0,0,0,0
534063653,122,58,64,41
534063654,144,78,66,49
534063661,0,0,0,0
534063662,220,115,105,66
534063663,318,150,168,105
534063664,463,229,234,147
534063671,0,0,0,0
534063672,150,75,75,39
534063673,129,65,64,38
534063674,0,0,0,0
534063681,311,166,145,116
534063682,715,358,357,277
534063683,92,49,43,26
534063684,658,333,325,247
534063691,403,203,200,149
534063692,564,273,291,188
534063693,771,363,408,299
534063694,1735,791,944,598
534063701,0,0,0,0
534063702,0,0,0,0
534063703,86,46,40,19
534063704,0,0,0,0
534063711,0,0,0,0
534063712,0,0,0,0
534063713,0,0,0,0
534063714,82,40,42,21
534063721,193,100,93,56
534063722,44,27,17,26
534063723,195,102,93,61
534063724,174,90,84,59
534063731,436,229,207,155
534063732,43,24,19,19
534063733,114,54,60,37
534063734,0,0,0,0
534063741,139,62,77,39
534063742,13,6,7,3
534063743,0,0,0,0
534063744,0,0,0,0
534063751,0,0,0,0
534063752,48,24,24,14
534063753,49,24,25,14
534063754,0,0,0,0
534063761,599,292,307,158
534063762,457,217,240,138
534063763,0,0,0,0
534063764,0,0,0,0
534063771,0,0,0,0
534063772,0,0,0,0
534063773,299,148,151,72
534063774,355,187,168,93
534063781,0,0,0,0
534063782,442,215,227,169
534063783,428,211,217,131
534063784,941,471,470,351
534063791,945,448,497,396
534063792,956,447,509,379
534063793,834,421,413,339
534063794,661,314,347,262
534063801,0,0,0,0
534063802,75,39,36,23
534063804,0,0,0,0
534063811,0,0,0,0
534063812,104,57,47,33
534063813,0,0,0,0
534063814,542,272,270,179
534063821,398,184,214,119
534063822,113,57,56,36
534063823,556,259,297,159
534063824,0,0,0,0
534063831,63,32,31,16
534063832,63,30,33,14
534063833,0,0,0,0
534063834,0,0,0,0
534063841,0,0,0,0
534063842,16,8,8,3
534063843,78,34,44,17
534063844,0,0,0,0
534063851,0,0,0,0
534063852,0,0,0,0
534063853,0,0,0,0
534063854,0,0,0,0
534063861,0,0,0,0
534063862,0,0,0,0
534063863,0,0,0,0
534063864,0,0,0,0
534063871,0,0,0,0
534063872,0,0,0,0
534063873,0,0,0,0
534063874,0,0,0,0
534063881,92,41,51,32
534063882,302,150,152,100
534063883,0,0,0,0
534063884,0,0,0,0
534063891,260,128,132,106
534063892,1266,573,693,431
534063893,54,30,24,23
534063894,232,115,117,83
534063912,75,34,41,18
534063921,0,0,0,0
534063922,107,57,50,23
534063941,118,63,55,28
534063942,0,0,0,0
534063951,115,58,57,28
534063952,35,16,19,11
534063953,103,54,49,26
534063954,35,16,19,10
534063961,0,0,0,0
534063962,0,0,0,0
534063963,0,0,0,0
534063964,0,0,0,0
534063971,0,0,0,0
534063972,68,33,35,15
534063973,61,28,33,14
534063974,54,26,28,12
534063981,58,26,32,12
534063982,0,0,0,0
534063983,61,27,34,16
534063991,0,0,0,0
534063992,53,27,26,15
534063993,48,23,25,11
534063994,257,129,128,65
534064001,103,52,51,28
534064002,0,0,0,0
534064003,0,0,0,0
534064004,0,0,0,0
534064011,73,32,41,19
534064012,0,0,0,0
534064013,0,0,0,0
534064014,0,0,0,0
534064021,105,55,50,26
534064022,93,45,48,23
534064023,0,0,0,0
534064024,0,0,0,0
534064031,0,0,0,0
534064032,219,113,106,50
534064033,0,0,0,0
534064034,0,0,0,0
534064041,291,145,146,79
534064042,0,0,0,0
534064043,0,0,0,0
534064044,135,69,66,33
534064051,0,0,0,0
534064052,0,0,0,0
534064053,0,0,0,0
534064054,152,82,70,34
534064061,0,0,0,0
534064062,0,0,0,0
534064063,0,0,0,0
534064064,0,0,0,0
534064071,326,170,156,93
534064072,205,97,108,49
534064073,275,134,141,97
534064074,536,251,285,145
534064081,0,0,0,0
534064082,53,29,24,13
534064083,0,0,0,0
534064084,342,165,177,109
534064091,72,36,36,18
534064092,0,0,0,0
534064093,362,189,173,111
534064094,121,52,69,21
534064101,0,0,0,0
534064102,353,170,183,90
534064103,0,0,0,0
534064104,0,0,0,0
534064111,0,0,0,0
534064112,215,108,107,62
534064113,0,0,0,0
534064114,0,0,0,0
534064121,97,50,47,27
534064122,0,0,0,0
534064123,0,0,0,0
534064124,0,0,0,0
534064131,0,0,0,0
534064132,0,0,0,0
534064133,0,0,0,0
534064134,0,0,0,0
534064141,0,0,0,0
534064142,43,21,22,14
534064143,0,0,0,0
534064144,0,0,0,0
534064151,385,186,199,105
534064152,0,0,0,0
534064153,125,56,69,33
534064154,150,81,69,42
534064161,0,0,0,0
534064162,0,0,0,0
534064163,153,80,73,40
534064164,0,0,0,0
534064171,12,6,6,6
534064172,276,131,145,78
534064173,5,2,3,2
534064174,454,221,233,125
534064181,52,21,31,32
534064182,0,0,0,0
534064183,458,222,236,198
534064184,718,340,378,265
534064191,408,207,201,125
534064192,302,152,150,86
534064193,88,26,62,11
534064194,526,246,280,139
534064201,96,54,42,24
534064202,0,0,0,0
534064203,0,0,0,0
534064204,249,134,115,67
534064211,103,53,50,27
534064212,110,52,58,30
534064213,0,0,0,0
534064214,0,0,0,0
534064221,275,136,139,63
534064222,125,59,66,28
534064223,146,69,77,35
534064224,0,0,0,0
534064231,0,0,0,0
534064232,396,192,204,89
534064233,0,0,0,0
534064234,88,44,44,31
534064241,0,0,0,0
534064242,263,126,137,81
534064243,134,62,72,40
534064244,126,66,60,37
534064251,160,86,74,38
534064252,0,0,0,0
534064253,189,85,104,53
534064254,108,52,56,28
534064261,186,91,95,45
534064262,0,0,0,0
534064371,0,0,0,0
534064372,339,165,174,111
534064373,0,0,0,0
534064374,457,223,234,129
534064381,622,297,325,173
534064382,435,220,215,159
534064383,176,92,84,51
534064384,0,0,0,0
534064391,1056,528,528,377
534064392,0,0,0,0
534064393,0,0,0,0
534064394,0,0,0,0
534064401,0,0,0,0
534064402,0,0,0,0
534064403,0,0,0,0
534064404,0,0,0,0
534064411,0,0,0,0
534064412,0,0,0,0
534064413,0,0,0,0
534064414,0,0,0,0
534064421,0,0,0,0
534064422,0,0,0,0
534064423,214,122,92,59
534064424,87,44,43,18
534064431,154,74,80,37
534064432,44,22,22,12
534064433,70,33,37,25
534064434,47,22,25,12
534064441,0,0,0,0
534064442,40,20,20,10
534064443,0,0,0,0
534064444,0,0,0,0
534064451,0,0,0,0
534064452,0,0,0,0
534064453,0,0,0,0
534064454,0,0,0,0
534064461,155,81,74,35
534064462,0,0,0,0
534064463,0,0,0,0
534064464,169,81,88,43
534064471,0,0,0,0
534064472,385,186,199,108
534064473,792,380,412,194
534064474,146,73,73,39
534064481,0,0,0,0
534064482,0,0,0,0
534064483,0,0,0,0
534064484,0,0,0,0
534064491,0,0,0,0
534064492,0,0,0,0
534064493,0,0,0,0
534064494,0,0,0,0
534064501,0,0,0,0
534064502,0,0,0,0
534064503,284,135,149,78
534064504,191,92,99,64
534064511,0,0,0,0
534064512,295,143,152,81
534064513,99,51,48,29
534064514,140,65,75,40
534064521,0,0,0,0
534064522,0,0,0,0
534064523,251,114,137,74
534064524,115,56,59,30
534064531,0,0,0,0
534064532,226,114,112,59
534064533,0,0,0,0
534064534,0,0,0,0
534064541,0,0,0,0
534064542,34,19,15,15
534064543,68,32,36,17
534064544,0,0,0,0
534064551,0,0,0,0
534064552,16,9,7,7
534064553,71,34,37,26
534064554,175,86,89,63
534064561,210,106,104,63
534064562,477,240,237,131
534064563,648,329,319,176
534064564,164,77,87,49
534064571,0,0,0,0
534064572,0,0,0,0
534064573,0,0,0,0
534064574,0,0,0,0
534064581,0,0,0,0
534064582,0,0,0,0
534064583,24,12,12,6
534064584,0,0,0,0
534064591,0,0,0,0
534064592,0,0,0,0
534064593,0,0,0,0
534064601,960,466,494,336
534064602,408,199,209,132
534064603,1509,734,775,515
534064604,623,297,326,211
534064611,251,116,135,74
534064612,317,159,158,98
534064613,431,216,215,139
534064614,0,0,0,0
534064621,317,157,160,92
534064622,0,0,0,0
534064623,101,51,50,29
534064624,126,59,67,31
534064631,133,67,66,35
534064632,0,0,0,0
534064633,0,0,0,0
534064634,0,0,0,0
534064641,71,33,38,17
534064642,222,99,123,39
534064643,0,0,0,0
534064644,0,0,0,0
534064651,99,49,50,31
534064652,748,372,376,221
534064653,396,184,212,83
534064654,174,82,92,42
534064661,0,0,0,0
534064662,0,0,0,0
534064663,0,0,0,0
534064664,0,0,0,0
534064671,0,0,0,0
534064672,0,0,0,0
534064673,45,22,23,11
534064674,0,0,0,0
534064681,18,8,10,5
534064682,0,0,0,0
534064683,0,0,0,0
534064684,0,0,0,0
534064691,0,0,0,0
534064693,0,0,0,0
534064701,746,335,411,250
534064702,98,43,55,28
534064703,529,269,260,191
534064704,0,0,0,0
534064711,539,267,272,149
534064712,0,0,0,0
534064713,0,0,0,0
534064714,136,64,72,33
534064721,25,12,13,7
534064722,102,51,51,35
534064723,478,236,242,155
534064724,581,284,297,169
534064731,0,0,0,0
534064732,0,0,0,0
534064733,195,98,97,45
534064734,183,91,92,49
534064741,0,0,0,0
534064742,209,108,101,56
534064743,177,87,90,45
534064744,0,0,0,0
534064751,0,0,0,0
534064752,0,0,0,0
534064753,0,0,0,0
534064754,0,0,0,0
534064761,0,0,0,0
534064762,0,0,0,0
534064763,0,0,0,0
534064764,166,92,74,40
534064771,0,0,0,0
534064772,0,0,0,0
534064773,196,99,97,41
534064774,0,0,0,0
534064781,0,0,0,0
534064782,0,0,0,0
534064783,38,17,21,10
534064784,0,0,0,0
534064801,261,125,136,91
534064802,0,0,0,0
534064803,12,5,7,2
534064804,231,115,116,56
534064811,0,0,0,0
534064812,0,0,0,0
534064813,157,78,79,31
534064814,148,66,82,27
534064821,374,174,200,112
534064822,190,84,106,46
534064823,47,26,21,10
534064824,0,0,0,0
534064831,44,9,35,1
534064832,0,0,0,0
534064833,43,23,20,9
534064834,0,0,0,0
534064841,0,0,0,0
534064842,0,0,0,0
534064843,0,0,0,0
534064844,0,0,0,0
534064851,0,0,0,0
534064852,0,0,0,0
534064853,174,82,92,39
534064854,0,0,0,0
534064861,0,0,0,0
534064862,0,0,0,0
534064863,0,0,0,0
534064864,221,115,106,53
534064871,0,0,0,0
534064872,0,0,0,0
534064873,0,0,0,0
534064874,0,0,0,0
534064881,0,0,0,0
534064901,174,86,88,46
534064902,0,0,0,0
534064903,0,0,0,0
534064904,0,0,0,0
534064911,57,27,30,12
534064912,0,0,0,0
534064913,59,27,32,12
534064914,56,26,30,11
534064921,0,0,0,0
534064922,0,0,0,0
534064923,0,0,0,0
534064924,0,0,0,0
534064931,0,0,0,0
534064932,0,0,0,0
534064933,0,0,0,0
534064934,0,0,0,0
534064941,0,0,0,0
534064942,0,0,0,0
534064943,0,0,0,0
534064944,0,0,0,0
534064951,0,0,0,0
534064952,0,0,0,0
534064953,0,0,0,0
534064954,0,0,0,0
534064961,115,58,57,25
534064962,18,8,10,5
534064963,0,0,0,0
534064964,20,9,11,5
534064971,0,0,0,0
534065001,105,46,59,21
534065002,157,73,84,33
534065003,222,104,118,80
534065004,0,0,0,0
534065011,0,0,0,0
534065012,0,0,0,0
534065013,0,0,0,0
534065014,0,0,0,0
534065021,138,60,78,37
534065022,360,174,186,91
534065023,244,119,125,80
534065024,811,397,414,235
534065031,352,172,180,109
534065032,146,75,71,41
534065033,635,304,331,190
534065034,482,235,247,140
534065041,372,184,188,99
534065042,494,247,247,122
534065043,106,52,54,28
534065044,0,0,0,0
534065051,0,0,0,0
534065052,0,0,0,0
534065053,0,0,0,0
534065054,0,0,0,0
534065061,0,0,0,0
534065062,0,0,0,0
534065063,0,0,0,0
534065101,155,80,75,42
534065102,218,103,115,54
534065103,112,56,56,28
534065104,0,0,0,0
534065111,0,0,0,0
534065112,9,5,4,3
534065113,0,0,0,0
534065114,0,0,0,0
534065121,480,231,249,140
534065122,666,322,344,187
534065123,0,0,0,0
534065124,54,25,29,15
534065131,218,103,115,56
534065132,0,0,0,0
534065133,0,0,0,0
534065134,0,0,0,0
534065141,0,0,0,0
534065142,0,0,0,0
534065143,0,0,0,0
534065144,0,0,0,0
534065151,0,0,0,0
534065152,0,0,0,0
534065153,0,0,0,0
534065201,0,0,0,0
534065202,0,0,0,0
534065203,0,0,0,0
534065204,0,0,0,0
534065211,0,0,0,0
534065212,0,0,0,0
534065213,0,0,0,0
534065214,0,0,0,0
534065221,0,0,0,0
534065222,0,0,0,0
534065223,0,0,0,0
534065224,0,0,0,0
534065231,0,0,0,0
534065232,0,0,0,0
534065241,0,0,0,0
534065301,0,0,0,0
534065302,0,0,0,0
534065303,0,0,0,0
534065401,0,0,0,0
534073061,0,0,0,0
534073062,0,0,0,0
534073063,0,0,0,0
534073064,88,46,42,22
534073071,114,53,61,23
534073072,64,28,36,16
534073073,42,17,25,14
534073074,0,0,0,0
534073084,191,91,100,60
534073091,152,74,78,36
534073092,0,0,0,0
534073093,0,0,0,0
534073094,0,0,0,0
534073162,126,61,65,31
534073182,187,85,102,48
534073191,322,158,164,81
534073192,134,63,71,33
534073193,106,53,53,31
534073194,0,0,0,0
534073292,87,40,47,19
534073294,112,53,59,30
534073392,119,60,59,27
534074001,0,0,0,0
534074002,0,0,0,0
534074003,0,0,0,0
534074004,0,0,0,0
534074011,0,0,0,0
534074012,0,0,0,0
534074013,0,0,0,0
534074014,114,57,57,28
534074021,0,0,0,0
534074022,0,0,0,0
534074023,155,79,76,33
534074024,0,0,0,0
534074031,0,0,0,0
534074032,0,0,0,0
534074033,0,0,0,0
534074034,205,104,101,51
534074041,0,0,0,0
534074042,67,33,34,14
534074043,287,135,152,65
534074044,0,0,0,0
534074051,0,0,0,0
534074052,108,42,66,27
534074053,0,0,0,0
534074054,0,0,0,0
534074061,45,19,26,10
534074063,174,79,95,41
534074101,236,123,113,54
534074102,0,0,0,0
534074103,125,67,58,32
534074104,0,0,0,0
534074111,0,0,0,0
534074112,0,0,0,0
534074113,0,0,0,0
534074114,60,29,31,14
534074121,0,0,0,0
534074122,0,0,0,0
534074123,0,0,0,0
534074124,197,95,102,58
534074131,101,50,51,25
534074132,122,63,59,32
534074133,173,78,95,39
534074134,219,104,115,55
534074141,0,0,0,0
534074142,104,50,54,23
534074143,0,0,0,0
534074144,52,27,25,27
534074151,36,23,13,15
534074152,704,346,358,250
534074201,0,0,0,0
534074202,0,0,0,0
534074203,82,36,46,18
534074204,0,0,0,0
534074211,0,0,0,0
534074212,0,0,0,0
534074213,0,0,0,0
534074214,0,0,0,0
534074221,0,0,0,0
534074222,239,113,126,55
534074223,204,98,106,45
534074224,55,28,27,19
534074231,105,51,54,32
534074232,183,85,98,72
534074233,624,289,335,199
534074301,121,65,56,31
534074302,0,0,0,0
534074303,200,96,104,51
534074304,112,56,56,22
534074311,0,0,0,0
534074312,0,0,0,0
534074313,0,0,0,0
534074314,117,57,60,26
534074321,0,0,0,0
534074322,19,11,8,9
534074323,0,0,0,0
534074401,152,82,70,39
534074402,111,54,57,28
534074404,109,57,52,35
534074411,388,188,200,93
534074412,0,0,0,0
534074413,474,217,257,167
534074501,0,0,0,0
534074502,179,91,88,58
543906051,0,0,0,0
543906052,74,36,38,21
543906053,0,0,0,0
543906054,0,0,0,0
543906061,0,0,0,0
543906062,0,0,0,0
543906063,4,2,2,1
543906064,20,11,9,7
543906071,63,35,28,16
543906072,172,68,104,25
543906073,291,149,142,90
543906074,0,0,0,0
543906081,223,109,114,53
543906082,0,0,0,0
543906083,319,162,157,72
543906084,0,0,0,0
543906091,0,0,0,0
543906092,0,0,0,0
543906093,53,31,22,12
543906094,203,103,100,41
543906151,0,0,0,0
543906152,293,144,149,74
543906153,0,0,0,0
543906154,337,172,165,103
543906161,463,221,242,136
543906162,719,363,356,239
543906163,892,459,433,279
543906164,275,136,139,82
543906171,132,70,62,39
543906172,396,194,202,119
543906173,422,212,210,127
543906174,700,353,347,208
543906181,26,13,13,7
543906182,77,40,37,21
543906183,85,46,39,22
543906184,0,0,0,0
543906191,0,0,0,0
543906192,122,62,60,25
543906193,115,46,69,31
543906194,0,0,0,0
543906251,0,0,0,0
543906252,128,71,57,49
543906253,99,49,50,22
543906254,395,194,201,117
543906261,670,350,320,198
543906262,686,346,340,206
543906263,811,394,417,255
543906264,677,349,328,216
543906271,679,355,324,194
543906272,366,183,183,97
543906273,392,199,193,107
543906274,401,191,210,109
543906281,0,0,0,0
543906282,0,0,0,0
543906283,118,50,68,32
543906284,74,36,38,16
543906291,0,0,0,0
543906292,0,0,0,0
543906293,0,0,0,0
543906351,237,114,123,58
543906352,491,258,233,154
543906353,392,186,206,103
543906354,800,398,402,243
543906361,779,401,378,233
543906362,358,182,176,108
543906363,1348,654,694,426
543906364,589,289,300,167
543906371,305,162,143,91
543906372,507,254,253,133
543906373,309,152,157,73
543906374,0,0,0,0
543906381,64,29,35,16
543906382,0,0,0,0
543906383,74,42,32,15
543906384,0,0,0,0
543906444,142,77,65,29
543906451,37,18,19,11
543906452,787,403,384,257
543906453,227,119,108,59
543906454,587,305,282,183
543906461,845,423,422,245
543906462,188,93,95,50
543906463,305,147,158,91
543906464,113,60,53,26
543906471,0,0,0,0
543906472,0,0,0,0
543906473,75,37,38,15
543906541,113,53,60,34
543906542,201,106,95,61
543906543,0,0,0,0
543906544,269,136,133,77
543906551,1379,711,668,437
543906552,344,167,177,89
543906553,925,469,456,290
543906554,450,216,234,116
543906561,208,106,102,56
543906562,0,0,0,0
543906563,0,0,0,0
543906564,53,25,28,12
543906632,0,0,0,0
543906633,0,0,0,0
543906634,45,22,23,14
543906641,566,279,287,169
543906642,94,45,49,28
543906643,706,315,391,179
543906644,570,266,304,160
543906651,344,167,177,93
543906652,0,0,0,0
543906653,234,118,116,61
543906654,0,0,0,0
543906661,0,0,0,0
543906722,0,0,0,0
543906724,0,0,0,0
543906731,0,0,0,0
543906732,257,122,135,76
543906733,89,45,44,24
543906734,82,43,39,28
543906741,457,228,229,118
543906742,214,104,110,69
543906743,242,121,121,58
543906744,0,0,0,0
543906751,131,66,65,38
543906753,0,0,0,0
543906822,0,0,0,0
543906824,79,40,39,19
543906831,48,21,27,17
543906832,493,240,253,145
543906833,0,0,0,0
543906834,91,44,47,22
543906841,85,40,45,25
543906842,0,0,0,0
543906843,0,0,0,0
543906844,48,26,22,8
543906921,57,29,28,15
543906922,356,176,180,89
543906923,0,0,0,0
543906924,0,0,0,0
543906931,0,0,0,0
543906932,124,59,65,31
543906933,526,266,260,137
543906934,0,0,0,0
543906941,54,32,22,11
543906942,0,0,0,0
543906943,0,0,0,0
543907001,0,0,0,0
543907003,104,48,56,24
543907101,169,86,83,37
543916014,392,194,198,112
543916021,0,0,0,0
543916022,112,45,67,22
543916023,0,0,0,0
543916024,466,223,243,127
543916031,554,276,278,154
543916032,0,0,0,0
543916033,98,52,46,25
543916034,197,106,91,55
543916041,0,0,0,0
543916043,0,0,0,0
543916112,169,76,93,43
543916121,111,58,53,30
543916122,0,0,0,0
543916123,0,0,0,0
543916124,0,0,0,0
543916131,359,184,175,99
543916132,0,0,0,0
543916133,119,60,59,29
543916134,0,0,0,0
543916141,50,26,24,12
543916221,0,0,0,0
543916222,0,0,0,0
543916231,252,136,116,80
